fundDate,fundVal,readFlag,ingeniumDate,fundYoyVal,fundYtdVal,fundDesc,fundCurrency,weekly,risk,status,fundCode,fundName
2022-01-28,1.147,true,2022-01-27,0.9861,0.0873,Money Market,PHP,N,1,A,SLPMM,Sun Life Phils - Money Market Fund
2022-01-27,1.1469,true,2022-01-26,0.9773,0.0785,Money Market,PHP,N,1,A,SLPMM,Sun Life Phils - Money Market Fund
2022-01-26,1.1469,true,2022-01-25,0.9773,0.0785,Money Market,PHP,N,1,A,SLPMM,Sun Life Phils - Money Market Fund
2022-01-25,1.1469,true,2022-01-24,0.9862,0.0785,Money Market,PHP,N,1,A,SLPMM,Sun Life Phils - Money Market Fund
2022-01-24,1.1467,true,2022-01-23,0.9597,0.0611,Money Market,PHP,N,1,A,SLPMM,Sun Life Phils - Money Market Fund
2022-01-21,1.1468,true,2022-01-20,0.9863,0.0698,Money Market,PHP,N,1,A,SLPMM,Sun Life Phils - Money Market Fund
2022-01-20,1.1467,true,2022-01-19,0.9775,0.0611,Money Market,PHP,N,1,A,SLPMM,Sun Life Phils - Money Market Fund
2022-01-19,1.1467,true,2022-01-18,0.9775,0.0611,Money Market,PHP,N,1,A,SLPMM,Sun Life Phils - Money Market Fund
2022-01-18,1.1465,true,2022-01-17,0.9687,0.0436,Money Market,PHP,N,1,A,SLPMM,Sun Life Phils - Money Market Fund
2022-01-17,1.1464,true,2022-01-16,0.9599,0.0349,Money Market,PHP,N,1,A,SLPMM,Sun Life Phils - Money Market Fund
2022-01-14,1.1464,true,2022-01-13,0.9599,0.0349,Money Market,PHP,N,1,A,SLPMM,Sun Life Phils - Money Market Fund
2022-01-13,1.1464,true,2022-01-12,0.9688,0.0349,Money Market,PHP,N,1,A,SLPMM,Sun Life Phils - Money Market Fund
2022-01-12,1.1464,true,2022-01-11,0.9688,0.0349,Money Market,PHP,N,1,A,SLPMM,Sun Life Phils - Money Market Fund
2022-01-11,1.1463,true,2022-01-10,0.9689,0.0262,Money Market,PHP,N,1,A,SLPMM,Sun Life Phils - Money Market Fund
2022-01-10,1.1462,true,2022-01-09,0.9601,0.0175,Money Market,PHP,N,1,A,SLPMM,Sun Life Phils - Money Market Fund
2022-01-07,1.1462,true,2022-01-06,0.9601,0.0175,Money Market,PHP,N,1,A,SLPMM,Sun Life Phils - Money Market Fund
2022-01-06,1.1462,true,2022-01-05,0.9601,0.0175,Money Market,PHP,N,1,A,SLPMM,Sun Life Phils - Money Market Fund
2022-01-05,1.1462,true,2022-01-04,0.9601,0.0175,Money Market,PHP,N,1,A,SLPMM,Sun Life Phils - Money Market Fund
2022-01-04,1.1462,true,2022-01-03,0.9779,0.0175,Money Market,PHP,N,1,A,SLPMM,Sun Life Phils - Money Market Fund
2022-01-03,1.146,true,2022-01-02,0.9514,0.0,Money Market,PHP,N,1,A,SLPMM,Sun Life Phils - Money Market Fund
2021-12-31,1.146,true,2021-12-30,0.9514,0.9514,Money Market,PHP,N,1,A,SLPMM,Sun Life Phils - Money Market Fund
2021-12-29,1.1459,true,2021-12-28,0.9426,0.9426,Money Market,PHP,N,1,A,SLPMM,Sun Life Phils - Money Market Fund
2021-12-28,1.146,true,2021-12-27,0.9692,0.9514,Money Market,PHP,N,1,A,SLPMM,Sun Life Phils - Money Market Fund
2021-12-27,1.1458,true,2021-12-26,0.9515,0.9338,Money Market,PHP,N,1,A,SLPMM,Sun Life Phils - Money Market Fund
2021-12-24,1.1459,true,2021-12-23,0.9604,0.9426,Money Market,PHP,N,1,A,SLPMM,Sun Life Phils - Money Market Fund
2021-12-23,1.1458,true,2021-12-22,0.9515,0.9338,Money Market,PHP,N,1,A,SLPMM,Sun Life Phils - Money Market Fund
2021-12-22,1.1458,true,2021-12-21,0.9515,0.9338,Money Market,PHP,N,1,A,SLPMM,Sun Life Phils - Money Market Fund
2021-12-21,1.1457,true,2021-12-20,0.9605,0.9249,Money Market,PHP,N,1,A,SLPMM,Sun Life Phils - Money Market Fund
2021-12-20,1.1457,true,2021-12-19,0.9872,0.9249,Money Market,PHP,N,1,A,SLPMM,Sun Life Phils - Money Market Fund
2021-12-17,1.1456,true,2021-12-16,0.9873,0.9161,Money Market,PHP,N,1,A,SLPMM,Sun Life Phils - Money Market Fund
2021-12-16,1.1455,true,2021-12-15,0.9785,0.9073,Money Market,PHP,N,1,A,SLPMM,Sun Life Phils - Money Market Fund
2021-12-15,1.1454,true,2021-12-14,0.9697,0.8985,Money Market,PHP,N,1,A,SLPMM,Sun Life Phils - Money Market Fund
2021-12-14,1.1454,true,2021-12-13,0.9786,0.8985,Money Market,PHP,N,1,A,SLPMM,Sun Life Phils - Money Market Fund
2021-12-13,1.1453,true,2021-12-12,0.9787,0.8897,Money Market,PHP,N,1,A,SLPMM,Sun Life Phils - Money Market Fund
2021-12-10,1.1453,true,2021-12-09,0.9787,0.8897,Money Market,PHP,N,1,A,SLPMM,Sun Life Phils - Money Market Fund
2021-12-09,1.1452,true,2021-12-08,0.9877,0.8809,Money Market,PHP,N,1,A,SLPMM,Sun Life Phils - Money Market Fund
2021-12-07,1.1452,true,2021-12-06,0.9877,0.8809,Money Market,PHP,N,1,A,SLPMM,Sun Life Phils - Money Market Fund
2021-12-06,1.1451,true,2021-12-05,0.9788,0.8721,Money Market,PHP,N,1,A,SLPMM,Sun Life Phils - Money Market Fund
2021-12-03,1.145,true,2021-12-02,0.97,0.8633,Money Market,PHP,N,1,A,SLPMM,Sun Life Phils - Money Market Fund
2021-12-02,1.145,true,2021-12-01,0.9789,0.8633,Money Market,PHP,N,1,A,SLPMM,Sun Life Phils - Money Market Fund
2021-12-01,1.1449,true,2021-11-30,0.979,0.8545,Money Market,PHP,N,1,A,SLPMM,Sun Life Phils - Money Market Fund
2021-11-29,1.1447,true,2021-11-28,0.9614,0.8369,Money Market,PHP,N,1,A,SLPMM,Sun Life Phils - Money Market Fund
2021-11-26,1.1448,true,2021-11-25,0.9791,0.8457,Money Market,PHP,N,1,A,SLPMM,Sun Life Phils - Money Market Fund
2021-11-25,1.1447,true,2021-11-24,0.9703,0.8369,Money Market,PHP,N,1,A,SLPMM,Sun Life Phils - Money Market Fund
2021-11-24,1.1447,true,2021-11-23,0.9703,0.8369,Money Market,PHP,N,1,A,SLPMM,Sun Life Phils - Money Market Fund
2021-11-23,1.1447,true,2021-11-22,0.9881,0.8369,Money Market,PHP,N,1,A,SLPMM,Sun Life Phils - Money Market Fund
2021-11-22,1.1446,true,2021-11-21,0.9793,0.828,Money Market,PHP,N,1,A,SLPMM,Sun Life Phils - Money Market Fund
2021-11-19,1.1446,true,2021-11-18,0.9793,0.828,Money Market,PHP,N,1,A,SLPMM,Sun Life Phils - Money Market Fund
2021-11-18,1.1446,true,2021-11-17,0.9882,0.828,Money Market,PHP,N,1,A,SLPMM,Sun Life Phils - Money Market Fund
2021-11-17,1.1445,true,2021-11-16,0.9794,0.8192,Money Market,PHP,N,1,A,SLPMM,Sun Life Phils - Money Market Fund
2021-11-16,1.1444,true,2021-11-15,0.9884,0.8104,Money Market,PHP,N,1,A,SLPMM,Sun Life Phils - Money Market Fund
2021-11-15,1.1442,true,2021-11-14,0.9707,0.7928,Money Market,PHP,N,1,A,SLPMM,Sun Life Phils - Money Market Fund
2021-11-12,1.1443,true,2021-11-11,0.9795,0.8016,Money Market,PHP,N,1,A,SLPMM,Sun Life Phils - Money Market Fund
2021-11-11,1.1442,true,2021-11-10,0.9707,0.7928,Money Market,PHP,N,1,A,SLPMM,Sun Life Phils - Money Market Fund
2021-11-10,1.1442,true,2021-11-09,0.9707,0.7928,Money Market,PHP,N,1,A,SLPMM,Sun Life Phils - Money Market Fund
2021-11-09,1.1442,true,2021-11-08,0.9885,0.7928,Money Market,PHP,N,1,A,SLPMM,Sun Life Phils - Money Market Fund
2021-11-08,1.144,true,2021-11-07,0.9709,0.7752,Money Market,PHP,N,1,A,SLPMM,Sun Life Phils - Money Market Fund
2021-11-05,1.1441,true,2021-11-04,0.9797,0.784,Money Market,PHP,N,1,A,SLPMM,Sun Life Phils - Money Market Fund
2021-11-04,1.144,true,2021-11-03,0.9709,0.7752,Money Market,PHP,N,1,A,SLPMM,Sun Life Phils - Money Market Fund
2021-11-03,1.144,true,2021-11-02,0.9887,0.7752,Money Market,PHP,N,1,A,SLPMM,Sun Life Phils - Money Market Fund
2021-11-02,1.1439,true,2021-11-01,0.9799,0.7664,Money Market,PHP,N,1,A,SLPMM,Sun Life Phils - Money Market Fund
2021-10-29,1.1438,true,2021-10-28,0.971,0.7576,Money Market,PHP,N,1,A,SLPMM,Sun Life Phils - Money Market Fund
2021-10-28,1.1439,true,2021-10-27,0.9799,0.7664,Money Market,PHP,N,1,A,SLPMM,Sun Life Phils - Money Market Fund
2021-10-27,1.1438,true,2021-10-26,0.98,0.7576,Money Market,PHP,N,1,A,SLPMM,Sun Life Phils - Money Market Fund
2021-10-26,1.1438,true,2021-10-25,0.9889,0.7576,Money Market,PHP,N,1,A,SLPMM,Sun Life Phils - Money Market Fund
2021-10-25,1.1437,true,2021-10-24,0.989,0.7488,Money Market,PHP,N,1,A,SLPMM,Sun Life Phils - Money Market Fund
2021-10-22,1.1436,true,2021-10-21,0.9712,0.74,Money Market,PHP,N,1,A,SLPMM,Sun Life Phils - Money Market Fund
2021-10-21,1.1436,true,2021-10-20,0.9801,0.74,Money Market,PHP,N,1,A,SLPMM,Sun Life Phils - Money Market Fund
2021-10-20,1.1436,true,2021-10-19,0.9801,0.74,Money Market,PHP,N,1,A,SLPMM,Sun Life Phils - Money Market Fund
2021-10-19,1.1435,true,2021-10-18,0.9802,0.7311,Money Market,PHP,N,1,A,SLPMM,Sun Life Phils - Money Market Fund
2021-10-18,1.1432,true,2021-10-17,0.9626,0.7047,Money Market,PHP,N,1,A,SLPMM,Sun Life Phils - Money Market Fund
2021-10-15,1.1433,true,2021-10-14,0.9804,0.7135,Money Market,PHP,N,1,A,SLPMM,Sun Life Phils - Money Market Fund
2021-10-14,1.1432,true,2021-10-13,0.9626,0.7047,Money Market,PHP,N,1,A,SLPMM,Sun Life Phils - Money Market Fund
2021-10-13,1.1432,true,2021-10-12,0.9716,0.7047,Money Market,PHP,N,1,A,SLPMM,Sun Life Phils - Money Market Fund
2021-10-12,1.1431,true,2021-10-11,0.9716,0.6959,Money Market,PHP,N,1,A,SLPMM,Sun Life Phils - Money Market Fund
2021-10-11,1.143,true,2021-10-10,0.9539,0.6871,Money Market,PHP,N,1,A,SLPMM,Sun Life Phils - Money Market Fund
2021-10-08,1.143,true,2021-10-07,0.9628,0.6871,Money Market,PHP,N,1,A,SLPMM,Sun Life Phils - Money Market Fund
2021-10-07,1.143,true,2021-10-06,0.9717,0.6871,Money Market,PHP,N,1,A,SLPMM,Sun Life Phils - Money Market Fund
2021-10-06,1.143,true,2021-10-05,0.9628,0.6871,Money Market,PHP,N,1,A,SLPMM,Sun Life Phils - Money Market Fund
2021-10-05,1.1429,true,2021-10-04,0.9718,0.6783,Money Market,PHP,N,1,A,SLPMM,Sun Life Phils - Money Market Fund
2021-10-04,1.1428,true,2021-10-03,0.963,0.6695,Money Market,PHP,N,1,A,SLPMM,Sun Life Phils - Money Market Fund
2021-10-01,1.1428,true,2021-09-30,0.9719,0.6695,Money Market,PHP,N,1,A,SLPMM,Sun Life Phils - Money Market Fund
2021-09-30,1.1427,true,2021-09-29,0.9631,0.6607,Money Market,PHP,N,1,A,SLPMM,Sun Life Phils - Money Market Fund
2021-09-29,1.1428,true,2021-09-28,0.9808,0.6695,Money Market,PHP,N,1,A,SLPMM,Sun Life Phils - Money Market Fund
2021-09-28,1.1427,true,2021-09-27,0.9809,0.6607,Money Market,PHP,N,1,A,SLPMM,Sun Life Phils - Money Market Fund
2021-09-27,1.1425,true,2021-09-26,0.9632,0.6431,Money Market,PHP,N,1,A,SLPMM,Sun Life Phils - Money Market Fund
2021-09-24,1.1426,true,2021-09-23,0.9721,0.6519,Money Market,PHP,N,1,A,SLPMM,Sun Life Phils - Money Market Fund
2021-09-23,1.1425,true,2021-09-22,0.9722,0.6431,Money Market,PHP,N,1,A,SLPMM,Sun Life Phils - Money Market Fund
2021-09-22,1.1425,true,2021-09-21,0.9722,0.6431,Money Market,PHP,N,1,A,SLPMM,Sun Life Phils - Money Market Fund
2021-09-21,1.1425,true,2021-09-20,0.99,0.6431,Money Market,PHP,N,1,A,SLPMM,Sun Life Phils - Money Market Fund
2021-09-20,1.1422,true,2021-09-19,0.9546,0.6166,Money Market,PHP,N,1,A,SLPMM,Sun Life Phils - Money Market Fund
2021-09-17,1.1422,true,2021-09-16,0.9635,0.6166,Money Market,PHP,N,1,A,SLPMM,Sun Life Phils - Money Market Fund
2021-09-16,1.1421,true,2021-09-15,0.9636,0.6078,Money Market,PHP,N,1,A,SLPMM,Sun Life Phils - Money Market Fund
2021-09-15,1.1421,true,2021-09-14,0.9636,0.6078,Money Market,PHP,N,1,A,SLPMM,Sun Life Phils - Money Market Fund
2021-09-14,1.142,true,2021-09-13,0.9637,0.599,Money Market,PHP,N,1,A,SLPMM,Sun Life Phils - Money Market Fund
2021-09-13,1.1419,true,2021-09-12,0.9548,0.5902,Money Market,PHP,N,1,A,SLPMM,Sun Life Phils - Money Market Fund
2021-09-10,1.1419,true,2021-09-09,0.9548,0.5902,Money Market,PHP,N,1,A,SLPMM,Sun Life Phils - Money Market Fund
2021-09-09,1.1419,true,2021-09-08,0.9548,0.5902,Money Market,PHP,N,1,A,SLPMM,Sun Life Phils - Money Market Fund
2021-09-08,1.1418,true,2021-09-07,0.9549,0.5814,Money Market,PHP,N,1,A,SLPMM,Sun Life Phils - Money Market Fund
2021-09-07,1.1418,true,2021-09-06,0.9638,0.5814,Money Market,PHP,N,1,A,SLPMM,Sun Life Phils - Money Market Fund
2021-09-06,1.1417,true,2021-09-05,0.955,0.5726,Money Market,PHP,N,1,A,SLPMM,Sun Life Phils - Money Market Fund
2021-09-03,1.1417,true,2021-09-02,0.9639,0.5726,Money Market,PHP,N,1,A,SLPMM,Sun Life Phils - Money Market Fund
2021-09-02,1.1417,true,2021-09-01,0.9639,0.5726,Money Market,PHP,N,1,A,SLPMM,Sun Life Phils - Money Market Fund
2021-09-01,1.1416,true,2021-08-31,0.964,0.5638,Money Market,PHP,N,1,A,SLPMM,Sun Life Phils - Money Market Fund
2021-08-31,1.1415,true,2021-08-30,0.9552,0.555,Money Market,PHP,N,1,A,SLPMM,Sun Life Phils - Money Market Fund
2021-08-27,1.1414,true,2021-08-26,0.9374,0.5462,Money Market,PHP,N,1,A,SLPMM,Sun Life Phils - Money Market Fund
2021-08-26,1.1415,true,2021-08-25,0.9641,0.555,Money Market,PHP,N,1,A,SLPMM,Sun Life Phils - Money Market Fund
2021-08-25,1.1414,true,2021-08-24,0.9552,0.5462,Money Market,PHP,N,1,A,SLPMM,Sun Life Phils - Money Market Fund
2021-08-24,1.1414,true,2021-08-23,0.9731,0.5462,Money Market,PHP,N,1,A,SLPMM,Sun Life Phils - Money Market Fund
2021-08-23,1.1413,true,2021-08-22,0.9553,0.5374,Money Market,PHP,N,1,A,SLPMM,Sun Life Phils - Money Market Fund
2021-08-20,1.1412,true,2021-08-19,0.9465,0.5285,Money Market,PHP,N,1,A,SLPMM,Sun Life Phils - Money Market Fund
2021-08-19,1.1412,true,2021-08-18,0.9465,0.5285,Money Market,PHP,N,1,A,SLPMM,Sun Life Phils - Money Market Fund
2021-08-18,1.1412,true,2021-08-17,0.9465,0.5285,Money Market,PHP,N,1,A,SLPMM,Sun Life Phils - Money Market Fund
2021-08-17,1.1411,true,2021-08-16,0.9644,0.5197,Money Market,PHP,N,1,A,SLPMM,Sun Life Phils - Money Market Fund
2021-08-16,1.1409,true,2021-08-15,0.9378,0.5021,Money Market,PHP,N,1,A,SLPMM,Sun Life Phils - Money Market Fund
2021-08-13,1.1409,true,2021-08-12,0.9735,0.5021,Money Market,PHP,N,1,A,SLPMM,Sun Life Phils - Money Market Fund
2021-08-12,1.1409,true,2021-08-11,0.9467,0.5021,Money Market,PHP,N,1,A,SLPMM,Sun Life Phils - Money Market Fund
2021-08-11,1.1408,true,2021-08-10,0.9379,0.4933,Money Market,PHP,N,1,A,SLPMM,Sun Life Phils - Money Market Fund
2021-08-10,1.1408,true,2021-08-09,0.9736,0.4933,Money Market,PHP,N,1,A,SLPMM,Sun Life Phils - Money Market Fund
2021-08-09,1.1407,true,2021-08-08,0.9737,0.4845,Money Market,PHP,N,1,A,SLPMM,Sun Life Phils - Money Market Fund
2021-08-06,1.1407,true,2021-08-05,0.9737,0.4845,Money Market,PHP,N,1,A,SLPMM,Sun Life Phils - Money Market Fund
2021-08-05,1.1406,true,2021-08-04,0.9738,0.4757,Money Market,PHP,N,1,A,SLPMM,Sun Life Phils - Money Market Fund
2021-08-04,1.1406,true,2021-08-03,0.9738,0.4757,Money Market,PHP,N,1,A,SLPMM,Sun Life Phils - Money Market Fund
2021-08-03,1.1406,true,2021-08-02,0.9827,0.4757,Money Market,PHP,N,1,A,SLPMM,Sun Life Phils - Money Market Fund
2021-08-02,1.1405,true,2021-08-01,0.9739,0.4669,Money Market,PHP,N,1,A,SLPMM,Sun Life Phils - Money Market Fund
2021-07-30,1.1405,true,2021-07-29,0.9739,0.4669,Money Market,PHP,N,1,A,SLPMM,Sun Life Phils - Money Market Fund
2021-07-29,1.1405,true,2021-07-28,0.9739,0.4669,Money Market,PHP,N,1,A,SLPMM,Sun Life Phils - Money Market Fund
2021-07-28,1.1404,true,2021-07-27,0.974,0.4581,Money Market,PHP,N,1,A,SLPMM,Sun Life Phils - Money Market Fund
2021-07-27,1.1404,true,2021-07-26,1.0008,0.4581,Money Market,PHP,N,1,A,SLPMM,Sun Life Phils - Money Market Fund
2021-07-26,1.1403,true,2021-07-25,0.9919,0.4493,Money Market,PHP,N,1,A,SLPMM,Sun Life Phils - Money Market Fund
2021-07-23,1.1403,true,2021-07-22,1.0009,0.4493,Money Market,PHP,N,1,A,SLPMM,Sun Life Phils - Money Market Fund
2021-07-22,1.1403,true,2021-07-21,0.9919,0.4493,Money Market,PHP,N,1,A,SLPMM,Sun Life Phils - Money Market Fund
2021-07-21,1.1402,true,2021-07-20,0.992,0.4405,Money Market,PHP,N,1,A,SLPMM,Sun Life Phils - Money Market Fund
2021-07-19,1.14,true,2021-07-18,0.9833,0.4228,Money Market,PHP,N,1,A,SLPMM,Sun Life Phils - Money Market Fund
2021-07-16,1.1399,true,2021-07-15,0.9744,0.414,Money Market,PHP,N,1,A,SLPMM,Sun Life Phils - Money Market Fund
2021-07-15,1.1399,true,2021-07-14,0.9744,0.414,Money Market,PHP,N,1,A,SLPMM,Sun Life Phils - Money Market Fund
2021-07-14,1.1399,true,2021-07-13,0.9744,0.414,Money Market,PHP,N,1,A,SLPMM,Sun Life Phils - Money Market Fund
2021-07-13,1.1399,true,2021-07-12,0.9833,0.414,Money Market,PHP,N,1,A,SLPMM,Sun Life Phils - Money Market Fund
2021-07-12,1.1398,true,2021-07-11,0.9745,0.4052,Money Market,PHP,N,1,A,SLPMM,Sun Life Phils - Money Market Fund
2021-07-09,1.1398,true,2021-07-08,0.9834,0.4052,Money Market,PHP,N,1,A,SLPMM,Sun Life Phils - Money Market Fund
2021-07-08,1.1398,true,2021-07-07,0.9745,0.4052,Money Market,PHP,N,1,A,SLPMM,Sun Life Phils - Money Market Fund
2021-07-07,1.1397,true,2021-07-06,0.9746,0.3964,Money Market,PHP,N,1,A,SLPMM,Sun Life Phils - Money Market Fund
2021-07-06,1.1398,true,2021-07-05,1.0013,0.4052,Money Market,PHP,N,1,A,SLPMM,Sun Life Phils - Money Market Fund
2021-07-05,1.1396,true,2021-07-04,0.9836,0.3876,Money Market,PHP,N,1,A,SLPMM,Sun Life Phils - Money Market Fund
2021-07-02,1.1397,true,2021-07-01,0.9925,0.3964,Money Market,PHP,N,1,A,SLPMM,Sun Life Phils - Money Market Fund
2021-07-01,1.1397,true,2021-06-30,1.0014,0.3964,Money Market,PHP,N,1,A,SLPMM,Sun Life Phils - Money Market Fund
2021-06-30,1.1396,true,2021-06-29,0.9836,0.3876,Money Market,PHP,N,1,A,SLPMM,Sun Life Phils - Money Market Fund
2021-06-29,1.1396,true,2021-06-28,1.0105,0.3876,Money Market,PHP,N,1,A,SLPMM,Sun Life Phils - Money Market Fund
2021-06-28,1.1396,true,2021-06-27,1.0105,0.3876,Money Market,PHP,N,1,A,SLPMM,Sun Life Phils - Money Market Fund
2021-06-25,1.1395,true,2021-06-24,1.0105,0.3788,Money Market,PHP,N,1,A,SLPMM,Sun Life Phils - Money Market Fund
2021-06-24,1.1395,true,2021-06-23,1.0105,0.3788,Money Market,PHP,N,1,A,SLPMM,Sun Life Phils - Money Market Fund
2021-06-23,1.1395,true,2021-06-22,1.0195,0.3788,Money Market,PHP,N,1,A,SLPMM,Sun Life Phils - Money Market Fund
2021-06-22,1.1395,true,2021-06-21,1.0374,0.3788,Money Market,PHP,N,1,A,SLPMM,Sun Life Phils - Money Market Fund
2021-06-21,1.1394,true,2021-06-20,1.0286,0.37,Money Market,PHP,N,1,A,SLPMM,Sun Life Phils - Money Market Fund
2021-06-18,1.1394,true,2021-06-17,1.0286,0.37,Money Market,PHP,N,1,A,SLPMM,Sun Life Phils - Money Market Fund
2021-06-17,1.1394,true,2021-06-16,1.0375,0.37,Money Market,PHP,N,1,A,SLPMM,Sun Life Phils - Money Market Fund
2021-06-16,1.1393,true,2021-06-15,1.0286,0.3612,Money Market,PHP,N,1,A,SLPMM,Sun Life Phils - Money Market Fund
2021-06-15,1.1392,true,2021-06-14,1.0377,0.3524,Money Market,PHP,N,1,A,SLPMM,Sun Life Phils - Money Market Fund
2021-06-14,1.1391,true,2021-06-13,1.0199,0.3436,Money Market,PHP,N,1,A,SLPMM,Sun Life Phils - Money Market Fund
2021-06-11,1.1392,true,2021-06-10,1.0287,0.3524,Money Market,PHP,N,1,A,SLPMM,Sun Life Phils - Money Market Fund
2021-06-10,1.1391,true,2021-06-09,1.0288,0.3436,Money Market,PHP,N,1,A,SLPMM,Sun Life Phils - Money Market Fund
2021-06-09,1.1391,true,2021-06-08,1.0288,0.3436,Money Market,PHP,N,1,A,SLPMM,Sun Life Phils - Money Market Fund
2021-06-08,1.1392,true,2021-06-07,1.0646,0.3524,Money Market,PHP,N,1,A,SLPMM,Sun Life Phils - Money Market Fund
2021-06-07,1.1391,true,2021-06-06,1.0557,0.3436,Money Market,PHP,N,1,A,SLPMM,Sun Life Phils - Money Market Fund
2021-06-04,1.139,true,2021-06-03,1.0468,0.3347,Money Market,PHP,N,1,A,SLPMM,Sun Life Phils - Money Market Fund
2021-06-03,1.139,true,2021-06-02,1.0558,0.3347,Money Market,PHP,N,1,A,SLPMM,Sun Life Phils - Money Market Fund
2021-06-02,1.139,true,2021-06-01,1.0558,0.3347,Money Market,PHP,N,1,A,SLPMM,Sun Life Phils - Money Market Fund
2021-06-01,1.139,true,2021-05-31,1.0648,0.3347,Money Market,PHP,N,1,A,SLPMM,Sun Life Phils - Money Market Fund
2021-05-31,1.1389,true,2021-05-30,1.0559,0.3259,Money Market,PHP,N,1,A,SLPMM,Sun Life Phils - Money Market Fund
2021-05-28,1.1389,true,2021-05-27,1.0738,0.3259,Money Market,PHP,N,1,A,SLPMM,Sun Life Phils - Money Market Fund
2021-05-27,1.1389,true,2021-05-26,1.0828,0.3259,Money Market,PHP,N,1,A,SLPMM,Sun Life Phils - Money Market Fund
2021-05-26,1.1388,true,2021-05-25,1.1009,0.3171,Money Market,PHP,N,1,A,SLPMM,Sun Life Phils - Money Market Fund
2021-05-25,1.1388,true,2021-05-24,1.1009,0.3171,Money Market,PHP,N,1,A,SLPMM,Sun Life Phils - Money Market Fund
2021-05-24,1.1387,true,2021-05-23,1.092,0.3083,Money Market,PHP,N,1,A,SLPMM,Sun Life Phils - Money Market Fund
2021-05-21,1.1387,true,2021-05-20,1.092,0.3083,Money Market,PHP,N,1,A,SLPMM,Sun Life Phils - Money Market Fund
2021-05-20,1.1387,true,2021-05-19,1.101,0.3083,Money Market,PHP,N,1,A,SLPMM,Sun Life Phils - Money Market Fund
2021-05-19,1.1386,true,2021-05-18,1.0921,0.2995,Money Market,PHP,N,1,A,SLPMM,Sun Life Phils - Money Market Fund
2021-05-18,1.1386,true,2021-05-17,1.11,0.2995,Money Market,PHP,N,1,A,SLPMM,Sun Life Phils - Money Market Fund
2021-05-17,1.1384,true,2021-05-16,1.0923,0.2819,Money Market,PHP,N,1,A,SLPMM,Sun Life Phils - Money Market Fund
2021-05-14,1.1383,true,2021-05-13,1.0924,0.2731,Money Market,PHP,N,1,A,SLPMM,Sun Life Phils - Money Market Fund
2021-05-12,1.1383,true,2021-05-11,1.1013,0.2731,Money Market,PHP,N,1,A,SLPMM,Sun Life Phils - Money Market Fund
2021-05-11,1.1383,true,2021-05-10,1.1193,0.2731,Money Market,PHP,N,1,A,SLPMM,Sun Life Phils - Money Market Fund
2021-05-10,1.1382,true,2021-05-09,1.1104,0.2643,Money Market,PHP,N,1,A,SLPMM,Sun Life Phils - Money Market Fund
2021-05-07,1.1382,true,2021-05-06,1.1104,0.2643,Money Market,PHP,N,1,A,SLPMM,Sun Life Phils - Money Market Fund
2021-05-06,1.1381,true,2021-05-05,1.1105,0.2555,Money Market,PHP,N,1,A,SLPMM,Sun Life Phils - Money Market Fund
2021-05-05,1.1381,true,2021-05-04,1.1195,0.2555,Money Market,PHP,N,1,A,SLPMM,Sun Life Phils - Money Market Fund
2021-05-04,1.1381,true,2021-05-03,1.1555,0.2555,Money Market,PHP,N,1,A,SLPMM,Sun Life Phils - Money Market Fund
2021-05-03,1.1379,true,2021-05-02,1.1377,0.2378,Money Market,PHP,N,1,A,SLPMM,Sun Life Phils - Money Market Fund
2021-04-30,1.138,true,2021-04-29,1.1466,0.2467,Money Market,PHP,N,1,A,SLPMM,Sun Life Phils - Money Market Fund
2021-04-29,1.1379,true,2021-04-28,1.1287,0.2378,Money Market,PHP,N,1,A,SLPMM,Sun Life Phils - Money Market Fund
2021-04-28,1.1379,true,2021-04-27,1.1467,0.2378,Money Market,PHP,N,1,A,SLPMM,Sun Life Phils - Money Market Fund
2021-04-27,1.1379,true,2021-04-26,1.1736,0.2378,Money Market,PHP,N,1,A,SLPMM,Sun Life Phils - Money Market Fund
2021-04-26,1.1377,true,2021-04-25,1.1559,0.2202,Money Market,PHP,N,1,A,SLPMM,Sun Life Phils - Money Market Fund
2021-04-23,1.1377,true,2021-04-22,1.1649,0.2202,Money Market,PHP,N,1,A,SLPMM,Sun Life Phils - Money Market Fund
2021-04-22,1.1377,true,2021-04-21,1.1649,0.2202,Money Market,PHP,N,1,A,SLPMM,Sun Life Phils - Money Market Fund
2021-04-21,1.1377,true,2021-04-20,1.1829,0.2202,Money Market,PHP,N,1,A,SLPMM,Sun Life Phils - Money Market Fund
2021-04-20,1.1377,true,2021-04-19,1.2099,0.2202,Money Market,PHP,N,1,A,SLPMM,Sun Life Phils - Money Market Fund
2021-04-19,1.1374,true,2021-04-18,1.1922,0.1938,Money Market,PHP,N,1,A,SLPMM,Sun Life Phils - Money Market Fund
2021-04-16,1.1374,true,2021-04-15,1.2012,0.1938,Money Market,PHP,N,1,A,SLPMM,Sun Life Phils - Money Market Fund
2021-04-15,1.1374,true,2021-04-14,1.2102,0.1938,Money Market,PHP,N,1,A,SLPMM,Sun Life Phils - Money Market Fund
2021-04-14,1.1373,true,2021-04-13,1.2013,0.185,Money Market,PHP,N,1,A,SLPMM,Sun Life Phils - Money Market Fund
2021-04-13,1.1374,true,2021-04-12,1.2552,0.1938,Money Market,PHP,N,1,A,SLPMM,Sun Life Phils - Money Market Fund
2021-04-12,1.1372,true,2021-04-11,1.2374,0.1762,Money Market,PHP,N,1,A,SLPMM,Sun Life Phils - Money Market Fund
2021-04-08,1.1372,true,2021-04-07,1.2374,0.1762,Money Market,PHP,N,1,A,SLPMM,Sun Life Phils - Money Market Fund
2021-04-07,1.1372,true,2021-04-06,1.2464,0.1762,Money Market,PHP,N,1,A,SLPMM,Sun Life Phils - Money Market Fund
2021-04-06,1.1372,true,2021-04-05,1.2735,0.1762,Money Market,PHP,N,1,A,SLPMM,Sun Life Phils - Money Market Fund
2021-04-05,1.137,true,2021-04-04,1.2557,0.1586,Money Market,PHP,N,1,A,SLPMM,Sun Life Phils - Money Market Fund
2021-03-31,1.137,true,2021-03-30,1.2557,0.1586,Money Market,PHP,N,1,A,SLPMM,Sun Life Phils - Money Market Fund
2021-03-30,1.137,true,2021-03-29,1.2737,0.1586,Money Market,PHP,N,1,A,SLPMM,Sun Life Phils - Money Market Fund
2021-03-29,1.1369,true,2021-03-28,1.2558,0.1498,Money Market,PHP,N,1,A,SLPMM,Sun Life Phils - Money Market Fund
2021-03-26,1.1369,true,2021-03-25,1.2648,0.1498,Money Market,PHP,N,1,A,SLPMM,Sun Life Phils - Money Market Fund
2021-03-25,1.1369,true,2021-03-24,1.2648,0.1498,Money Market,PHP,N,1,A,SLPMM,Sun Life Phils - Money Market Fund
2021-03-24,1.1369,true,2021-03-23,1.2738,0.1498,Money Market,PHP,N,1,A,SLPMM,Sun Life Phils - Money Market Fund
2021-03-23,1.1369,true,2021-03-22,1.3009,0.1498,Money Market,PHP,N,1,A,SLPMM,Sun Life Phils - Money Market Fund
2021-03-22,1.1367,true,2021-03-21,1.2831,0.1321,Money Market,PHP,N,1,A,SLPMM,Sun Life Phils - Money Market Fund
2021-03-19,1.1368,true,2021-03-18,1.292,0.1409,Money Market,PHP,N,1,A,SLPMM,Sun Life Phils - Money Market Fund
2021-03-18,1.1367,true,2021-03-17,1.2831,0.1321,Money Market,PHP,N,1,A,SLPMM,Sun Life Phils - Money Market Fund
2021-03-17,1.1367,true,2021-03-16,1.2831,0.1321,Money Market,PHP,N,1,A,SLPMM,Sun Life Phils - Money Market Fund
2021-03-16,1.1366,true,2021-03-15,1.2922,0.1233,Money Market,PHP,N,1,A,SLPMM,Sun Life Phils - Money Market Fund
2021-03-15,1.1365,true,2021-03-14,1.2743,0.1145,Money Market,PHP,N,1,A,SLPMM,Sun Life Phils - Money Market Fund
2021-03-12,1.1365,true,2021-03-11,1.2653,0.1145,Money Market,PHP,N,1,A,SLPMM,Sun Life Phils - Money Market Fund
2021-03-11,1.1365,true,2021-03-10,1.2653,0.1145,Money Market,PHP,N,1,A,SLPMM,Sun Life Phils - Money Market Fund
2021-03-10,1.1366,true,2021-03-09,1.2832,0.1233,Money Market,PHP,N,1,A,SLPMM,Sun Life Phils - Money Market Fund
2021-03-09,1.1366,true,2021-03-08,1.3012,0.1233,Money Market,PHP,N,1,A,SLPMM,Sun Life Phils - Money Market Fund
2021-03-08,1.1365,true,2021-03-07,1.2923,0.1145,Money Market,PHP,N,1,A,SLPMM,Sun Life Phils - Money Market Fund
2021-03-05,1.1365,true,2021-03-04,1.3014,0.1145,Money Market,PHP,N,1,A,SLPMM,Sun Life Phils - Money Market Fund
2021-03-04,1.1365,true,2021-03-03,1.3014,0.1145,Money Market,PHP,N,1,A,SLPMM,Sun Life Phils - Money Market Fund
2021-03-03,1.1364,true,2021-03-02,1.3015,0.1057,Money Market,PHP,N,1,A,SLPMM,Sun Life Phils - Money Market Fund
2021-03-02,1.1365,true,2021-03-01,1.3285,0.1145,Money Market,PHP,N,1,A,SLPMM,Sun Life Phils - Money Market Fund
2021-03-01,1.1363,true,2021-02-28,1.3197,0.0969,Money Market,PHP,N,1,A,SLPMM,Sun Life Phils - Money Market Fund
2021-02-26,1.1363,true,2021-02-25,1.3287,0.0969,Money Market,PHP,N,1,A,SLPMM,Sun Life Phils - Money Market Fund
2021-02-24,1.1363,true,2021-02-23,1.3468,0.0969,Money Market,PHP,N,1,A,SLPMM,Sun Life Phils - Money Market Fund
2021-02-23,1.1364,true,2021-02-22,1.3647,0.1057,Money Market,PHP,N,1,A,SLPMM,Sun Life Phils - Money Market Fund
2021-02-22,1.1363,true,2021-02-21,1.3558,0.0969,Money Market,PHP,N,1,A,SLPMM,Sun Life Phils - Money Market Fund
2021-02-19,1.1363,true,2021-02-18,1.3649,0.0969,Money Market,PHP,N,1,A,SLPMM,Sun Life Phils - Money Market Fund
2021-02-18,1.1363,true,2021-02-17,1.3649,0.0969,Money Market,PHP,N,1,A,SLPMM,Sun Life Phils - Money Market Fund
2021-02-17,1.1363,true,2021-02-16,1.3829,0.0969,Money Market,PHP,N,1,A,SLPMM,Sun Life Phils - Money Market Fund
2021-02-16,1.1363,true,2021-02-15,1.3829,0.0969,Money Market,PHP,N,1,A,SLPMM,Sun Life Phils - Money Market Fund
2021-02-15,1.1361,true,2021-02-14,1.3651,0.0793,Money Market,PHP,N,1,A,SLPMM,Sun Life Phils - Money Market Fund
2021-02-11,1.1361,true,2021-02-10,1.4103,0.0793,Money Market,PHP,N,1,A,SLPMM,Sun Life Phils - Money Market Fund
2021-02-10,1.1361,true,2021-02-09,1.4194,0.0793,Money Market,PHP,N,1,A,SLPMM,Sun Life Phils - Money Market Fund
2021-02-09,1.136,true,2021-02-08,1.4105,0.0705,Money Market,PHP,N,1,A,SLPMM,Sun Life Phils - Money Market Fund
2021-02-08,1.136,true,2021-02-07,1.4105,0.0705,Money Market,PHP,N,1,A,SLPMM,Sun Life Phils - Money Market Fund
2021-02-05,1.136,true,2021-02-04,1.4195,0.0705,Money Market,PHP,N,1,A,SLPMM,Sun Life Phils - Money Market Fund
2021-02-04,1.136,true,2021-02-03,1.4195,0.0705,Money Market,PHP,N,1,A,SLPMM,Sun Life Phils - Money Market Fund
2021-02-03,1.136,true,2021-02-02,1.4376,0.0705,Money Market,PHP,N,1,A,SLPMM,Sun Life Phils - Money Market Fund
2021-02-02,1.1359,true,2021-02-01,1.4287,0.0617,Money Market,PHP,N,1,A,SLPMM,Sun Life Phils - Money Market Fund
2021-02-01,1.1358,true,2021-01-31,1.4198,0.0529,Money Market,PHP,N,1,A,SLPMM,Sun Life Phils - Money Market Fund
2021-01-29,1.1359,true,2021-01-28,1.4378,0.0617,Money Market,PHP,N,1,A,SLPMM,Sun Life Phils - Money Market Fund
2021-01-28,1.1358,true,2021-01-27,1.4288,0.0529,Money Market,PHP,N,1,A,SLPMM,Sun Life Phils - Money Market Fund
2021-01-27,1.1358,true,2021-01-26,1.4469,0.0529,Money Market,PHP,N,1,A,SLPMM,Sun Life Phils - Money Market Fund
2021-01-26,1.1358,true,2021-01-25,1.4469,0.0529,Money Market,PHP,N,1,A,SLPMM,Sun Life Phils - Money Market Fund
2021-01-25,1.1357,true,2021-01-24,1.438,0.044,Money Market,PHP,N,1,A,SLPMM,Sun Life Phils - Money Market Fund
2021-01-22,1.1358,true,2021-01-21,1.456,0.0529,Money Market,PHP,N,1,A,SLPMM,Sun Life Phils - Money Market Fund
2021-01-21,1.1356,true,2021-01-20,1.4472,0.0352,Money Market,PHP,N,1,A,SLPMM,Sun Life Phils - Money Market Fund
2021-01-20,1.1356,true,2021-01-19,1.4653,0.0352,Money Market,PHP,N,1,A,SLPMM,Sun Life Phils - Money Market Fund
2021-01-19,1.1356,true,2021-01-18,1.4653,0.0352,Money Market,PHP,N,1,A,SLPMM,Sun Life Phils - Money Market Fund
2021-01-18,1.1355,true,2021-01-17,1.4564,0.0264,Money Market,PHP,N,1,A,SLPMM,Sun Life Phils - Money Market Fund
2021-01-15,1.1355,true,2021-01-14,1.4564,0.0264,Money Market,PHP,N,1,A,SLPMM,Sun Life Phils - Money Market Fund
2021-01-14,1.1355,true,2021-01-13,1.4836,0.0264,Money Market,PHP,N,1,A,SLPMM,Sun Life Phils - Money Market Fund
2021-01-13,1.1354,true,2021-01-12,1.4747,0.0176,Money Market,PHP,N,1,A,SLPMM,Sun Life Phils - Money Market Fund
2021-01-12,1.1354,true,2021-01-11,1.4747,0.0176,Money Market,PHP,N,1,A,SLPMM,Sun Life Phils - Money Market Fund
2021-01-11,1.1353,true,2021-01-10,1.4657,0.0088,Money Market,PHP,N,1,A,SLPMM,Sun Life Phils - Money Market Fund
2021-01-08,1.1353,true,2021-01-07,1.5111,0.0088,Money Market,PHP,N,1,A,SLPMM,Sun Life Phils - Money Market Fund
2021-01-07,1.1353,true,2021-01-06,1.5111,0.0088,Money Market,PHP,N,1,A,SLPMM,Sun Life Phils - Money Market Fund
2021-01-06,1.1353,true,2021-01-05,1.5292,0.0088,Money Market,PHP,N,1,A,SLPMM,Sun Life Phils - Money Market Fund
2021-01-05,1.1353,true,2021-01-04,1.5383,0.0088,Money Market,PHP,N,1,A,SLPMM,Sun Life Phils - Money Market Fund
2021-01-04,1.1351,true,2021-01-03,1.5204,-0.0088,Money Market,PHP,N,1,A,SLPMM,Sun Life Phils - Money Market Fund
2020-12-29,1.1352,true,2020-12-28,1.5566,1.5566,Money Market,PHP,N,1,A,SLPMM,Sun Life Phils - Money Market Fund
2020-12-28,1.135,true,2020-12-27,1.5387,1.5387,Money Market,PHP,N,1,A,SLPMM,Sun Life Phils - Money Market Fund
2020-12-23,1.135,true,2020-12-22,1.5751,1.5387,Money Market,PHP,N,1,A,SLPMM,Sun Life Phils - Money Market Fund
2020-12-22,1.135,true,2020-12-21,1.5751,1.5387,Money Market,PHP,N,1,A,SLPMM,Sun Life Phils - Money Market Fund
2020-12-21,1.1348,true,2020-12-20,1.5572,1.5208,Money Market,PHP,N,1,A,SLPMM,Sun Life Phils - Money Market Fund
2020-12-18,1.1345,true,2020-12-17,1.5394,1.494,Money Market,PHP,N,1,A,SLPMM,Sun Life Phils - Money Market Fund
2020-12-17,1.1344,true,2020-12-16,1.5305,1.4851,Money Market,PHP,N,1,A,SLPMM,Sun Life Phils - Money Market Fund
2020-12-16,1.1344,true,2020-12-15,1.5487,1.4851,Money Market,PHP,N,1,A,SLPMM,Sun Life Phils - Money Market Fund
2020-12-15,1.1344,true,2020-12-14,1.5487,1.4851,Money Market,PHP,N,1,A,SLPMM,Sun Life Phils - Money Market Fund
2020-12-14,1.1343,true,2020-12-13,1.5397,1.4761,Money Market,PHP,N,1,A,SLPMM,Sun Life Phils - Money Market Fund
2020-12-11,1.1342,true,2020-12-10,1.5398,1.4672,Money Market,PHP,N,1,A,SLPMM,Sun Life Phils - Money Market Fund
2020-12-10,1.1342,true,2020-12-09,1.5489,1.4672,Money Market,PHP,N,1,A,SLPMM,Sun Life Phils - Money Market Fund
2020-12-09,1.134,true,2020-12-08,1.5492,1.4493,Money Market,PHP,N,1,A,SLPMM,Sun Life Phils - Money Market Fund
2020-12-07,1.134,true,2020-12-06,1.5492,1.4493,Money Market,PHP,N,1,A,SLPMM,Sun Life Phils - Money Market Fund
2020-12-04,1.134,true,2020-12-03,1.5583,1.4493,Money Market,PHP,N,1,A,SLPMM,Sun Life Phils - Money Market Fund
2020-12-03,1.134,true,2020-12-02,1.5765,1.4493,Money Market,PHP,N,1,A,SLPMM,Sun Life Phils - Money Market Fund
2020-12-02,1.1339,true,2020-12-01,1.5675,1.4403,Money Market,PHP,N,1,A,SLPMM,Sun Life Phils - Money Market Fund
2020-12-01,1.1338,true,2020-11-30,1.5586,1.4314,Money Market,PHP,N,1,A,SLPMM,Sun Life Phils - Money Market Fund
2020-11-27,1.1338,true,2020-11-26,1.5677,1.4314,Money Market,PHP,N,1,A,SLPMM,Sun Life Phils - Money Market Fund
2020-11-26,1.1337,true,2020-11-25,1.5769,1.4224,Money Market,PHP,N,1,A,SLPMM,Sun Life Phils - Money Market Fund
2020-11-25,1.1337,true,2020-11-24,1.586,1.4224,Money Market,PHP,N,1,A,SLPMM,Sun Life Phils - Money Market Fund
2020-11-24,1.1337,true,2020-11-23,1.586,1.4224,Money Market,PHP,N,1,A,SLPMM,Sun Life Phils - Money Market Fund
2020-11-23,1.1335,true,2020-11-22,1.5681,1.4045,Money Market,PHP,N,1,A,SLPMM,Sun Life Phils - Money Market Fund
2020-11-20,1.1335,true,2020-11-19,1.5772,1.4045,Money Market,PHP,N,1,A,SLPMM,Sun Life Phils - Money Market Fund
2020-11-19,1.1335,true,2020-11-18,1.5863,1.4045,Money Market,PHP,N,1,A,SLPMM,Sun Life Phils - Money Market Fund
2020-11-18,1.1334,true,2020-11-17,1.5956,1.3956,Money Market,PHP,N,1,A,SLPMM,Sun Life Phils - Money Market Fund
2020-11-17,1.1334,true,2020-11-16,1.5956,1.3956,Money Market,PHP,N,1,A,SLPMM,Sun Life Phils - Money Market Fund
2020-11-16,1.1332,true,2020-11-15,1.5776,1.3777,Money Market,PHP,N,1,A,SLPMM,Sun Life Phils - Money Market Fund
2020-11-13,1.1332,true,2020-11-12,1.5867,1.3777,Money Market,PHP,N,1,A,SLPMM,Sun Life Phils - Money Market Fund
2020-11-11,1.1332,true,2020-11-10,1.6232,1.3777,Money Market,PHP,N,1,A,SLPMM,Sun Life Phils - Money Market Fund
2020-11-10,1.1332,true,2020-11-09,1.6232,1.3777,Money Market,PHP,N,1,A,SLPMM,Sun Life Phils - Money Market Fund
2020-11-09,1.133,true,2020-11-08,1.6052,1.3598,Money Market,PHP,N,1,A,SLPMM,Sun Life Phils - Money Market Fund
2020-11-06,1.133,true,2020-11-05,1.6143,1.3598,Money Market,PHP,N,1,A,SLPMM,Sun Life Phils - Money Market Fund
2020-11-05,1.133,true,2020-11-04,1.6143,1.3598,Money Market,PHP,N,1,A,SLPMM,Sun Life Phils - Money Market Fund
2020-11-04,1.133,true,2020-11-03,1.6417,1.3598,Money Market,PHP,N,1,A,SLPMM,Sun Life Phils - Money Market Fund
2020-11-03,1.1328,true,2020-11-02,1.6146,1.3419,Money Market,PHP,N,1,A,SLPMM,Sun Life Phils - Money Market Fund
2020-10-30,1.1328,true,2020-10-29,1.6146,1.3419,Money Market,PHP,N,1,A,SLPMM,Sun Life Phils - Money Market Fund
2020-10-29,1.1328,true,2020-10-28,1.6238,1.3419,Money Market,PHP,N,1,A,SLPMM,Sun Life Phils - Money Market Fund
2020-10-28,1.1328,true,2020-10-27,1.642,1.3419,Money Market,PHP,N,1,A,SLPMM,Sun Life Phils - Money Market Fund
2020-10-27,1.1327,true,2020-10-26,1.633,1.333,Money Market,PHP,N,1,A,SLPMM,Sun Life Phils - Money Market Fund
2020-10-26,1.1326,true,2020-10-25,1.624,1.324,Money Market,PHP,N,1,A,SLPMM,Sun Life Phils - Money Market Fund
2020-10-23,1.1325,true,2020-10-22,1.6242,1.3151,Money Market,PHP,N,1,A,SLPMM,Sun Life Phils - Money Market Fund
2020-10-22,1.1326,true,2020-10-21,1.6332,1.324,Money Market,PHP,N,1,A,SLPMM,Sun Life Phils - Money Market Fund
2020-10-21,1.1325,true,2020-10-20,1.6424,1.3151,Money Market,PHP,N,1,A,SLPMM,Sun Life Phils - Money Market Fund
2020-10-20,1.1325,true,2020-10-19,1.6424,1.3151,Money Market,PHP,N,1,A,SLPMM,Sun Life Phils - Money Market Fund
2020-10-19,1.1324,true,2020-10-18,1.6335,1.3061,Money Market,PHP,N,1,A,SLPMM,Sun Life Phils - Money Market Fund
2020-10-16,1.1323,true,2020-10-15,1.6427,1.2972,Money Market,PHP,N,1,A,SLPMM,Sun Life Phils - Money Market Fund
2020-10-15,1.1322,true,2020-10-14,1.6429,1.2882,Money Market,PHP,N,1,A,SLPMM,Sun Life Phils - Money Market Fund
2020-10-14,1.1323,true,2020-10-13,1.661,1.2972,Money Market,PHP,N,1,A,SLPMM,Sun Life Phils - Money Market Fund
2020-10-13,1.1322,true,2020-10-12,1.652,1.2882,Money Market,PHP,N,1,A,SLPMM,Sun Life Phils - Money Market Fund
2020-10-12,1.1321,true,2020-10-11,1.643,1.2793,Money Market,PHP,N,1,A,SLPMM,Sun Life Phils - Money Market Fund
2020-10-09,1.1322,true,2020-10-08,1.6611,1.2882,Money Market,PHP,N,1,A,SLPMM,Sun Life Phils - Money Market Fund
2020-10-08,1.1321,true,2020-10-07,1.6613,1.2793,Money Market,PHP,N,1,A,SLPMM,Sun Life Phils - Money Market Fund
2020-10-07,1.132,true,2020-10-06,1.6706,1.2704,Money Market,PHP,N,1,A,SLPMM,Sun Life Phils - Money Market Fund
2020-10-06,1.1321,true,2020-10-05,1.6795,1.2793,Money Market,PHP,N,1,A,SLPMM,Sun Life Phils - Money Market Fund
2020-10-05,1.1319,true,2020-10-04,1.6616,1.2614,Money Market,PHP,N,1,A,SLPMM,Sun Life Phils - Money Market Fund
2020-10-02,1.1319,true,2020-10-01,1.6707,1.2614,Money Market,PHP,N,1,A,SLPMM,Sun Life Phils - Money Market Fund
2020-10-01,1.1318,true,2020-09-30,1.6709,1.2525,Money Market,PHP,N,1,A,SLPMM,Sun Life Phils - Money Market Fund
2020-09-30,1.1318,true,2020-09-29,1.68,1.2525,Money Market,PHP,N,1,A,SLPMM,Sun Life Phils - Money Market Fund
2020-09-29,1.1317,true,2020-09-28,1.671,1.2435,Money Market,PHP,N,1,A,SLPMM,Sun Life Phils - Money Market Fund
2020-09-28,1.1316,true,2020-09-27,1.662,1.2346,Money Market,PHP,N,1,A,SLPMM,Sun Life Phils - Money Market Fund
2020-09-25,1.1316,true,2020-09-24,1.6894,1.2346,Money Market,PHP,N,1,A,SLPMM,Sun Life Phils - Money Market Fund
2020-09-24,1.1316,true,2020-09-23,1.6986,1.2346,Money Market,PHP,N,1,A,SLPMM,Sun Life Phils - Money Market Fund
2020-09-23,1.1315,true,2020-09-22,1.6987,1.2256,Money Market,PHP,N,1,A,SLPMM,Sun Life Phils - Money Market Fund
2020-09-22,1.1315,true,2020-09-21,1.6987,1.2256,Money Market,PHP,N,1,A,SLPMM,Sun Life Phils - Money Market Fund
2020-09-21,1.1313,true,2020-09-20,1.6807,1.2077,Money Market,PHP,N,1,A,SLPMM,Sun Life Phils - Money Market Fund
2020-09-18,1.1314,true,2020-09-17,1.6989,1.2167,Money Market,PHP,N,1,A,SLPMM,Sun Life Phils - Money Market Fund
2020-09-17,1.1313,true,2020-09-16,1.7082,1.2077,Money Market,PHP,N,1,A,SLPMM,Sun Life Phils - Money Market Fund
2020-09-16,1.1312,true,2020-09-15,1.7083,1.1988,Money Market,PHP,N,1,A,SLPMM,Sun Life Phils - Money Market Fund
2020-09-15,1.1312,true,2020-09-14,1.7175,1.1988,Money Market,PHP,N,1,A,SLPMM,Sun Life Phils - Money Market Fund
2020-09-14,1.1311,true,2020-09-13,1.7085,1.1898,Money Market,PHP,N,1,A,SLPMM,Sun Life Phils - Money Market Fund
2020-09-11,1.1311,true,2020-09-10,1.6993,1.1898,Money Market,PHP,N,1,A,SLPMM,Sun Life Phils - Money Market Fund
2020-09-10,1.1311,true,2020-09-09,1.7085,1.1898,Money Market,PHP,N,1,A,SLPMM,Sun Life Phils - Money Market Fund
2020-09-09,1.1311,true,2020-09-08,1.7268,1.1898,Money Market,PHP,N,1,A,SLPMM,Sun Life Phils - Money Market Fund
2020-09-08,1.131,true,2020-08-07,1.7178,1.1809,Money Market,PHP,N,1,A,SLPMM,Sun Life Phils - Money Market Fund
2020-09-07,1.1309,true,2020-09-06,1.7088,1.1719,Money Market,PHP,N,1,A,SLPMM,Sun Life Phils - Money Market Fund
2020-09-04,1.1309,true,2020-09-03,1.7179,1.1719,Money Market,PHP,N,1,A,SLPMM,Sun Life Phils - Money Market Fund
2020-09-03,1.1308,true,2020-09-02,1.7272,1.163,Money Market,PHP,N,1,A,SLPMM,Sun Life Phils - Money Market Fund
2020-09-02,1.1308,true,2020-09-01,1.7272,1.163,Money Market,PHP,N,1,A,SLPMM,Sun Life Phils - Money Market Fund
2020-09-01,1.1307,true,2020-08-31,1.7182,1.1541,Money Market,PHP,N,1,A,SLPMM,Sun Life Phils - Money Market Fund
2020-08-28,1.1307,true,2020-08-27,1.7365,1.1541,Money Market,PHP,N,1,A,SLPMM,Sun Life Phils - Money Market Fund
2020-08-27,1.1308,true,2020-08-26,1.7639,1.163,Money Market,PHP,N,1,A,SLPMM,Sun Life Phils - Money Market Fund
2020-08-26,1.1306,true,2020-08-25,1.755,1.1451,Money Market,PHP,N,1,A,SLPMM,Sun Life Phils - Money Market Fund
2020-08-25,1.1306,true,2020-08-24,1.755,1.1451,Money Market,PHP,N,1,A,SLPMM,Sun Life Phils - Money Market Fund
2020-08-24,1.1304,true,2020-08-23,1.737,1.1272,Money Market,PHP,N,1,A,SLPMM,Sun Life Phils - Money Market Fund
2020-08-20,1.1305,true,2020-08-19,1.7552,1.1362,Money Market,PHP,N,1,A,SLPMM,Sun Life Phils - Money Market Fund
2020-08-19,1.1305,true,2020-08-18,1.7735,1.1362,Money Market,PHP,N,1,A,SLPMM,Sun Life Phils - Money Market Fund
2020-08-18,1.1305,true,2020-08-17,1.7827,1.1362,Money Market,PHP,N,1,A,SLPMM,Sun Life Phils - Money Market Fund
2020-08-17,1.1302,true,2020-08-16,1.7556,1.1093,Money Market,PHP,N,1,A,SLPMM,Sun Life Phils - Money Market Fund
2020-08-14,1.1303,true,2020-08-13,1.783,1.1183,Money Market,PHP,N,1,A,SLPMM,Sun Life Phils - Money Market Fund
2020-08-13,1.1299,true,2020-08-12,1.7653,1.0825,Money Market,PHP,N,1,A,SLPMM,Sun Life Phils - Money Market Fund
2020-08-12,1.1302,true,2020-08-11,1.7923,1.1093,Money Market,PHP,N,1,A,SLPMM,Sun Life Phils - Money Market Fund
2020-08-11,1.1302,true,2020-08-10,1.7923,1.1093,Money Market,PHP,N,1,A,SLPMM,Sun Life Phils - Money Market Fund
2020-08-10,1.1298,true,2020-08-09,1.7563,1.0735,Money Market,PHP,N,1,A,SLPMM,Sun Life Phils - Money Market Fund
2020-08-07,1.1297,true,2020-08-06,1.7931,1.0646,Money Market,PHP,N,1,A,SLPMM,Sun Life Phils - Money Market Fund
2020-08-06,1.1297,true,2020-08-05,1.8023,1.0646,Money Market,PHP,N,1,A,SLPMM,Sun Life Phils - Money Market Fund
2020-08-05,1.1296,true,2020-08-04,1.8116,1.0556,Money Market,PHP,N,1,A,SLPMM,Sun Life Phils - Money Market Fund
2020-08-04,1.1296,true,2020-08-03,1.8208,1.0556,Money Market,PHP,N,1,A,SLPMM,Sun Life Phils - Money Market Fund
2020-08-03,1.1295,true,2020-08-02,1.8118,1.0467,Money Market,PHP,N,1,A,SLPMM,Sun Life Phils - Money Market Fund
2020-07-30,1.1295,true,2020-07-29,1.8761,1.0467,Money Market,PHP,N,1,A,SLPMM,Sun Life Phils - Money Market Fund
2020-07-29,1.1295,true,2020-07-28,1.8945,1.0467,Money Market,PHP,N,1,A,SLPMM,Sun Life Phils - Money Market Fund
2020-07-28,1.1294,true,2020-07-27,1.8946,1.0378,Money Market,PHP,N,1,A,SLPMM,Sun Life Phils - Money Market Fund
2020-07-27,1.1291,true,2020-07-26,1.8676,1.0109,Money Market,PHP,N,1,A,SLPMM,Sun Life Phils - Money Market Fund
2020-07-24,1.1291,true,2020-07-23,1.8859,1.0109,Money Market,PHP,N,1,A,SLPMM,Sun Life Phils - Money Market Fund
2020-07-23,1.129,true,2020-07-22,1.8861,1.002,Money Market,PHP,N,1,A,SLPMM,Sun Life Phils - Money Market Fund
2020-07-22,1.1291,true,2020-07-21,1.9227,1.0109,Money Market,PHP,N,1,A,SLPMM,Sun Life Phils - Money Market Fund
2020-07-21,1.129,true,2020-07-20,1.9137,1.002,Money Market,PHP,N,1,A,SLPMM,Sun Life Phils - Money Market Fund
2020-07-20,1.1289,true,2020-07-19,1.9047,0.993,Money Market,PHP,N,1,A,SLPMM,Sun Life Phils - Money Market Fund
2020-07-17,1.1289,true,2020-07-16,1.9231,0.993,Money Market,PHP,N,1,A,SLPMM,Sun Life Phils - Money Market Fund
2020-07-16,1.1289,true,2020-07-15,1.9415,0.993,Money Market,PHP,N,1,A,SLPMM,Sun Life Phils - Money Market Fund
2020-07-15,1.1289,true,2020-07-14,1.9599,0.993,Money Market,PHP,N,1,A,SLPMM,Sun Life Phils - Money Market Fund
2020-07-14,1.1289,true,2020-07-13,1.9691,0.993,Money Market,PHP,N,1,A,SLPMM,Sun Life Phils - Money Market Fund
2020-07-13,1.1288,true,2020-07-12,1.9601,0.9841,Money Market,PHP,N,1,A,SLPMM,Sun Life Phils - Money Market Fund
2020-07-10,1.1288,true,2020-07-09,1.9693,0.9841,Money Market,PHP,N,1,A,SLPMM,Sun Life Phils - Money Market Fund
2020-07-09,1.1287,true,2020-07-08,1.9695,0.9751,Money Market,PHP,N,1,A,SLPMM,Sun Life Phils - Money Market Fund
2020-07-08,1.1288,true,2020-07-07,2.0061,0.9841,Money Market,PHP,N,1,A,SLPMM,Sun Life Phils - Money Market Fund
2020-07-07,1.1287,true,2020-07-06,1.9971,0.9751,Money Market,PHP,N,1,A,SLPMM,Sun Life Phils - Money Market Fund
2020-07-06,1.1285,true,2020-07-05,1.979,0.9572,Money Market,PHP,N,1,A,SLPMM,Sun Life Phils - Money Market Fund
2020-07-03,1.1285,true,2020-07-02,1.9975,0.9572,Money Market,PHP,N,1,A,SLPMM,Sun Life Phils - Money Market Fund
2020-07-02,1.1285,true,2020-07-01,2.0067,0.9572,Money Market,PHP,N,1,A,SLPMM,Sun Life Phils - Money Market Fund
2020-07-01,1.1284,true,2020-06-30,2.0253,0.9483,Money Market,PHP,N,1,A,SLPMM,Sun Life Phils - Money Market Fund
2020-06-30,1.1285,true,2020-06-29,2.0344,0.9572,Money Market,PHP,N,1,A,SLPMM,Sun Life Phils - Money Market Fund
2020-06-29,1.1282,true,2020-06-28,2.0072,0.9304,Money Market,PHP,N,1,A,SLPMM,Sun Life Phils - Money Market Fund
2020-06-26,1.1282,true,2020-06-25,2.0534,0.9304,Money Market,PHP,N,1,A,SLPMM,Sun Life Phils - Money Market Fund
2020-06-25,1.1281,true,2020-06-24,2.0536,0.9215,Money Market,PHP,N,1,A,SLPMM,Sun Life Phils - Money Market Fund
2020-06-24,1.1281,true,2020-06-23,2.0813,0.9215,Money Market,PHP,N,1,A,SLPMM,Sun Life Phils - Money Market Fund
2020-06-23,1.128,true,2020-06-22,2.0722,0.9125,Money Market,PHP,N,1,A,SLPMM,Sun Life Phils - Money Market Fund
2020-06-22,1.1278,true,2020-06-21,2.0541,0.8946,Money Market,PHP,N,1,A,SLPMM,Sun Life Phils - Money Market Fund
2020-06-19,1.1278,true,2020-06-18,2.0726,0.8946,Money Market,PHP,N,1,A,SLPMM,Sun Life Phils - Money Market Fund
2020-06-18,1.1278,true,2020-06-17,2.0818,0.8946,Money Market,PHP,N,1,A,SLPMM,Sun Life Phils - Money Market Fund
2020-06-17,1.1277,true,2020-06-16,2.1005,0.8857,Money Market,PHP,N,1,A,SLPMM,Sun Life Phils - Money Market Fund
2020-06-16,1.1277,true,2020-06-15,2.1005,0.8857,Money Market,PHP,N,1,A,SLPMM,Sun Life Phils - Money Market Fund
2020-06-15,1.1275,true,2020-06-14,2.0824,0.8678,Money Market,PHP,N,1,A,SLPMM,Sun Life Phils - Money Market Fund
2020-06-11,1.1276,true,2020-06-10,2.1284,0.8767,Money Market,PHP,N,1,A,SLPMM,Sun Life Phils - Money Market Fund
2020-06-10,1.1275,true,2020-06-09,2.1471,0.8678,Money Market,PHP,N,1,A,SLPMM,Sun Life Phils - Money Market Fund
2020-06-09,1.1275,true,2020-06-08,2.1564,0.8678,Money Market,PHP,N,1,A,SLPMM,Sun Life Phils - Money Market Fund
2020-06-08,1.1272,true,2020-06-07,2.1292,0.8409,Money Market,PHP,N,1,A,SLPMM,Sun Life Phils - Money Market Fund
2020-06-05,1.1272,true,2020-06-04,2.157,0.8409,Money Market,PHP,N,1,A,SLPMM,Sun Life Phils - Money Market Fund
2020-06-04,1.1272,true,2020-06-03,2.157,0.8409,Money Market,PHP,N,1,A,SLPMM,Sun Life Phils - Money Market Fund
2020-06-03,1.1271,true,2020-06-02,2.1664,0.832,Money Market,PHP,N,1,A,SLPMM,Sun Life Phils - Money Market Fund
2020-06-02,1.1271,true,2020-06-01,2.1572,0.832,Money Market,PHP,N,1,A,SLPMM,Sun Life Phils - Money Market Fund
2020-06-01,1.127,true,2020-05-31,2.1481,0.823,Money Market,PHP,N,1,A,SLPMM,Sun Life Phils - Money Market Fund
2020-05-29,1.127,true,2020-05-28,2.1666,0.823,Money Market,PHP,N,1,A,SLPMM,Sun Life Phils - Money Market Fund
2020-05-28,1.1268,true,2020-05-27,2.1578,0.8052,Money Market,PHP,N,1,A,SLPMM,Sun Life Phils - Money Market Fund
2020-05-27,1.1267,true,2020-05-26,2.1765,0.7962,Money Market,PHP,N,1,A,SLPMM,Sun Life Phils - Money Market Fund
2020-05-26,1.1264,true,2020-05-25,2.1493,0.7694,Money Market,PHP,N,1,A,SLPMM,Sun Life Phils - Money Market Fund
2020-05-22,1.1264,true,2020-05-21,2.1678,0.7694,Money Market,PHP,N,1,A,SLPMM,Sun Life Phils - Money Market Fund
2020-05-21,1.1264,true,2020-05-20,2.1771,0.7694,Money Market,PHP,N,1,A,SLPMM,Sun Life Phils - Money Market Fund
2020-05-20,1.1263,true,2020-05-19,2.1958,0.7604,Money Market,PHP,N,1,A,SLPMM,Sun Life Phils - Money Market Fund
2020-05-19,1.1263,true,2020-05-18,2.1958,0.7604,Money Market,PHP,N,1,A,SLPMM,Sun Life Phils - Money Market Fund
2020-05-18,1.1261,true,2020-05-17,2.1777,0.7425,Money Market,PHP,N,1,A,SLPMM,Sun Life Phils - Money Market Fund
2020-05-15,1.1261,true,2020-05-14,2.1962,0.7425,Money Market,PHP,N,1,A,SLPMM,Sun Life Phils - Money Market Fund
2020-05-14,1.126,true,2020-05-13,2.215,0.7336,Money Market,PHP,N,1,A,SLPMM,Sun Life Phils - Money Market Fund
2020-05-13,1.126,true,2020-05-12,2.2242,0.7336,Money Market,PHP,N,1,A,SLPMM,Sun Life Phils - Money Market Fund
2020-05-12,1.1259,true,2020-05-11,2.2152,0.7246,Money Market,PHP,N,1,A,SLPMM,Sun Life Phils - Money Market Fund
2020-05-11,1.1257,true,2020-05-10,2.197,0.7067,Money Market,PHP,N,1,A,SLPMM,Sun Life Phils - Money Market Fund
2020-05-08,1.1257,true,2020-05-07,2.2156,0.7067,Money Market,PHP,N,1,A,SLPMM,Sun Life Phils - Money Market Fund
2020-05-07,1.1257,true,2020-05-06,2.2248,0.7067,Money Market,PHP,N,1,A,SLPMM,Sun Life Phils - Money Market Fund
2020-05-06,1.1256,true,2020-05-05,2.2436,0.6978,Money Market,PHP,N,1,A,SLPMM,Sun Life Phils - Money Market Fund
2020-05-05,1.1255,true,2020-05-04,0.2405,0.6889,Money Market,PHP,N,1,A,SLPMM,Sun Life Phils - Money Market Fund
2020-05-04,1.1251,true,2020-05-03,0.2048,0.6531,Money Market,PHP,N,1,A,SLPMM,Sun Life Phils - Money Market Fund
2020-04-30,1.1251,true,2020-04-29,2.2261,0.6531,Money Market,PHP,N,1,A,SLPMM,Sun Life Phils - Money Market Fund
2020-04-29,1.1252,true,2020-04-28,2.2723,0.662,Money Market,PHP,N,1,A,SLPMM,Sun Life Phils - Money Market Fund
2020-04-28,1.125,true,2020-04-27,2.2448,0.6441,Money Market,PHP,N,1,A,SLPMM,Sun Life Phils - Money Market Fund
2020-04-27,1.1247,true,2020-04-26,2.2176,0.6173,Money Market,PHP,N,1,A,SLPMM,Sun Life Phils - Money Market Fund
2020-04-24,1.1247,true,2020-04-23,2.2362,0.6173,Money Market,PHP,N,1,A,SLPMM,Sun Life Phils - Money Market Fund
2020-04-23,1.1246,true,2020-04-22,2.2364,0.6083,Money Market,PHP,N,1,A,SLPMM,Sun Life Phils - Money Market Fund
2020-04-22,1.1246,true,2020-04-21,2.2922,0.6083,Money Market,PHP,N,1,A,SLPMM,Sun Life Phils - Money Market Fund
2020-04-21,1.1244,true,2020-04-20,2.274,0.5904,Money Market,PHP,N,1,A,SLPMM,Sun Life Phils - Money Market Fund
2020-04-20,1.1241,true,2020-04-19,2.2467,0.5636,Money Market,PHP,N,1,A,SLPMM,Sun Life Phils - Money Market Fund
2020-04-17,1.124,true,2020-04-16,2.2376,0.5547,Money Market,PHP,N,1,A,SLPMM,Sun Life Phils - Money Market Fund
2020-04-16,1.1239,true,2020-04-15,2.2378,0.5457,Money Market,PHP,N,1,A,SLPMM,Sun Life Phils - Money Market Fund
2020-04-15,1.1238,true,2020-04-14,2.2566,0.5368,Money Market,PHP,N,1,A,SLPMM,Sun Life Phils - Money Market Fund
2020-04-14,1.1238,true,2020-04-13,2.2566,0.5368,Money Market,PHP,N,1,A,SLPMM,Sun Life Phils - Money Market Fund
2020-04-13,1.1233,true,2020-04-12,2.2111,0.492,Money Market,PHP,N,1,A,SLPMM,Sun Life Phils - Money Market Fund
2020-04-08,1.1233,true,2020-04-07,2.2762,0.492,Money Market,PHP,N,1,A,SLPMM,Sun Life Phils - Money Market Fund
2020-04-07,1.1232,true,2020-04-06,2.2765,0.4831,Money Market,PHP,N,1,A,SLPMM,Sun Life Phils - Money Market Fund
2020-04-06,1.1229,true,2020-04-05,2.2491,0.4563,Money Market,PHP,N,1,A,SLPMM,Sun Life Phils - Money Market Fund
2020-04-03,1.1229,true,2020-04-02,2.2678,0.4563,Money Market,PHP,N,1,A,SLPMM,Sun Life Phils - Money Market Fund
2020-04-02,1.1229,true,2020-04-01,2.2771,0.4563,Money Market,PHP,N,1,A,SLPMM,Sun Life Phils - Money Market Fund
2020-04-01,1.1228,true,2020-03-31,2.2866,0.4473,Money Market,PHP,N,1,A,SLPMM,Sun Life Phils - Money Market Fund
2020-03-31,1.1229,true,2020-03-30,2.305,0.4563,Money Market,PHP,N,1,A,SLPMM,Sun Life Phils - Money Market Fund
2020-03-30,1.1227,true,2020-03-29,2.2868,0.4384,Money Market,PHP,N,1,A,SLPMM,Sun Life Phils - Money Market Fund
2020-03-27,1.1228,true,2020-03-26,2.3146,0.4473,Money Market,PHP,N,1,A,SLPMM,Sun Life Phils - Money Market Fund
2020-03-26,1.1227,true,2020-03-25,2.3148,0.4384,Money Market,PHP,N,1,A,SLPMM,Sun Life Phils - Money Market Fund
2020-03-25,1.1227,true,2020-03-24,2.3428,0.4384,Money Market,PHP,N,1,A,SLPMM,Sun Life Phils - Money Market Fund
2020-03-24,1.1226,true,2020-03-23,2.3336,0.4294,Money Market,PHP,N,1,A,SLPMM,Sun Life Phils - Money Market Fund
2020-03-23,1.1223,true,2020-03-22,2.3063,0.4026,Money Market,PHP,N,1,A,SLPMM,Sun Life Phils - Money Market Fund
2020-03-20,1.1223,true,2020-03-19,2.3436,0.4026,Money Market,PHP,N,1,A,SLPMM,Sun Life Phils - Money Market Fund
2020-03-19,1.1223,true,2020-03-18,2.3529,0.4026,Money Market,PHP,N,1,A,SLPMM,Sun Life Phils - Money Market Fund
2020-03-18,1.1223,true,2020-03-17,2.3903,0.4026,Money Market,PHP,N,1,A,SLPMM,Sun Life Phils - Money Market Fund
2020-03-16,1.1221,true,2020-03-15,2.372,0.3847,Money Market,PHP,N,1,A,SLPMM,Sun Life Phils - Money Market Fund
2020-03-13,1.1222,true,2020-03-12,2.3905,0.3936,Money Market,PHP,N,1,A,SLPMM,Sun Life Phils - Money Market Fund
2020-03-12,1.1223,true,2020-03-11,2.4277,0.4026,Money Market,PHP,N,1,A,SLPMM,Sun Life Phils - Money Market Fund
2020-03-11,1.1223,true,2020-03-10,2.4557,0.4026,Money Market,PHP,N,1,A,SLPMM,Sun Life Phils - Money Market Fund
2020-03-10,1.1222,true,2020-03-09,2.4466,0.3936,Money Market,PHP,N,1,A,SLPMM,Sun Life Phils - Money Market Fund
2020-03-09,1.122,true,2020-03-08,2.4283,0.3757,Money Market,PHP,N,1,A,SLPMM,Sun Life Phils - Money Market Fund
2020-03-06,1.122,true,2020-03-05,2.447,0.3757,Money Market,PHP,N,1,A,SLPMM,Sun Life Phils - Money Market Fund
2020-03-05,1.1219,true,2020-03-04,2.4379,0.3668,Money Market,PHP,N,1,A,SLPMM,Sun Life Phils - Money Market Fund
2020-03-04,1.1219,true,2020-03-03,2.4379,0.3668,Money Market,PHP,N,1,A,SLPMM,Sun Life Phils - Money Market Fund
2020-03-03,1.1218,true,2020-03-02,2.4381,0.3578,Money Market,PHP,N,1,A,SLPMM,Sun Life Phils - Money Market Fund
2020-03-02,1.1216,true,2020-03-01,2.4199,0.34,Money Market,PHP,N,1,A,SLPMM,Sun Life Phils - Money Market Fund
2020-02-28,1.1215,true,2020-02-27,2.4201,0.331,Money Market,PHP,N,1,A,SLPMM,Sun Life Phils - Money Market Fund
2020-02-27,1.1215,true,2020-02-26,2.4575,0.331,Money Market,PHP,N,1,A,SLPMM,Sun Life Phils - Money Market Fund
2020-02-26,1.1214,true,2020-02-25,2.4484,0.3221,Money Market,PHP,N,1,A,SLPMM,Sun Life Phils - Money Market Fund
2020-02-24,1.1212,true,2020-02-23,2.4488,0.3042,Money Market,PHP,N,1,A,SLPMM,Sun Life Phils - Money Market Fund
2020-02-21,1.1211,true,2020-02-20,2.4491,0.2952,Money Market,PHP,N,1,A,SLPMM,Sun Life Phils - Money Market Fund
2020-02-20,1.1211,true,2020-02-19,2.5334,0.2952,Money Market,PHP,N,1,A,SLPMM,Sun Life Phils - Money Market Fund
2020-02-19,1.121,true,2020-02-18,2.4586,0.2863,Money Market,PHP,N,1,A,SLPMM,Sun Life Phils - Money Market Fund
2020-02-18,1.121,true,2020-02-17,2.468,0.2863,Money Market,PHP,N,1,A,SLPMM,Sun Life Phils - Money Market Fund
2020-02-17,1.1208,true,2020-02-16,2.4685,0.2684,Money Market,PHP,N,1,A,SLPMM,Sun Life Phils - Money Market Fund
2020-02-14,1.1208,true,2020-02-13,2.4872,0.2684,Money Market,PHP,N,1,A,SLPMM,Sun Life Phils - Money Market Fund
2020-02-13,1.1207,true,2020-02-12,2.4781,0.2594,Money Market,PHP,N,1,A,SLPMM,Sun Life Phils - Money Market Fund
2020-02-12,1.1207,true,2020-02-11,2.4874,0.2594,Money Market,PHP,N,1,A,SLPMM,Sun Life Phils - Money Market Fund
2020-02-11,1.1203,true,2020-02-10,2.4602,0.2237,Money Market,PHP,N,1,A,SLPMM,Sun Life Phils - Money Market Fund
2020-02-10,1.1202,true,2020-02-09,2.4698,0.2147,Money Market,PHP,N,1,A,SLPMM,Sun Life Phils - Money Market Fund
2020-02-07,1.1202,true,2020-02-06,2.4792,0.2147,Money Market,PHP,N,1,A,SLPMM,Sun Life Phils - Money Market Fund
2020-02-06,1.1202,true,2020-02-05,2.4979,0.2147,Money Market,PHP,N,1,A,SLPMM,Sun Life Phils - Money Market Fund
2020-02-05,1.1201,true,2020-02-04,2.4982,0.2058,Money Market,PHP,N,1,A,SLPMM,Sun Life Phils - Money Market Fund
2020-02-04,1.1201,true,2020-02-03,2.4982,0.2058,Money Market,PHP,N,1,A,SLPMM,Sun Life Phils - Money Market Fund
2020-02-03,1.1199,true,2020-02-02,2.508,0.1879,Money Market,PHP,N,1,A,SLPMM,Sun Life Phils - Money Market Fund
2020-01-31,1.1199,true,2020-01-30,2.5174,0.1879,Money Market,PHP,N,1,A,SLPMM,Sun Life Phils - Money Market Fund
2020-01-30,1.1199,true,2020-01-29,2.5268,0.1879,Money Market,PHP,N,1,A,SLPMM,Sun Life Phils - Money Market Fund
2020-01-29,1.1198,true,2020-01-28,2.5176,0.1789,Money Market,PHP,N,1,A,SLPMM,Sun Life Phils - Money Market Fund
2020-01-28,1.1198,true,2020-01-27,2.5364,0.1789,Money Market,PHP,N,1,A,SLPMM,Sun Life Phils - Money Market Fund
2020-01-27,1.1196,true,2020-01-26,2.5369,0.161,Money Market,PHP,N,1,A,SLPMM,Sun Life Phils - Money Market Fund
2020-01-24,1.1196,true,2020-01-23,2.5556,0.161,Money Market,PHP,N,1,A,SLPMM,Sun Life Phils - Money Market Fund
2020-01-23,1.1196,true,2020-01-22,2.5744,0.161,Money Market,PHP,N,1,A,SLPMM,Sun Life Phils - Money Market Fund
2020-01-22,1.1195,true,2020-01-21,2.5653,0.1521,Money Market,PHP,N,1,A,SLPMM,Sun Life Phils - Money Market Fund
2020-01-21,1.1194,true,2020-01-20,2.5749,0.1431,Money Market,PHP,N,1,A,SLPMM,Sun Life Phils - Money Market Fund
2020-01-20,1.1192,true,2020-01-19,2.5754,0.1252,Money Market,PHP,N,1,A,SLPMM,Sun Life Phils - Money Market Fund
2020-01-17,1.1192,true,2020-01-16,2.5848,0.1252,Money Market,PHP,N,1,A,SLPMM,Sun Life Phils - Money Market Fund
2020-01-16,1.1192,true,2020-01-15,2.5942,0.1252,Money Market,PHP,N,1,A,SLPMM,Sun Life Phils - Money Market Fund
2020-01-15,1.1192,true,2020-01-14,2.6036,0.1252,Money Market,PHP,N,1,A,SLPMM,Sun Life Phils - Money Market Fund
2020-01-14,1.1189,true,2020-01-13,2.5855,0.0984,Money Market,PHP,N,1,A,SLPMM,Sun Life Phils - Money Market Fund
2020-01-10,1.1189,true,2020-01-09,2.642,0.0984,Money Market,PHP,N,1,A,SLPMM,Sun Life Phils - Money Market Fund
2020-01-09,1.1188,true,2020-01-08,2.6422,0.0895,Money Market,PHP,N,1,A,SLPMM,Sun Life Phils - Money Market Fund
2020-01-08,1.1184,true,2020-01-07,2.6149,0.0537,Money Market,PHP,N,1,A,SLPMM,Sun Life Phils - Money Market Fund
2020-01-07,1.1184,true,2020-01-06,2.6149,0.0537,Money Market,PHP,N,1,A,SLPMM,Sun Life Phils - Money Market Fund
2020-01-06,1.1182,true,2020-01-05,2.606,0.0358,Money Market,PHP,N,1,A,SLPMM,Sun Life Phils - Money Market Fund
2020-01-03,1.1181,true,2020-01-02,2.6156,0.0268,Money Market,PHP,N,1,A,SLPMM,Sun Life Phils - Money Market Fund
2020-01-02,1.1177,true,2020-01-01,2.5883,-0.0089,Money Market,PHP,N,1,A,SLPMM,Sun Life Phils - Money Market Fund
2019-12-27,1.1178,true,2019-12-26,2.6446,2.6352,Money Market,PHP,N,1,A,SLPMM,Sun Life Phils - Money Market Fund
2019-12-26,1.1176,true,2019-12-25,2.6451,2.6168,Money Market,PHP,N,1,A,SLPMM,Sun Life Phils - Money Market Fund
2019-12-23,1.1174,true,2019-12-22,2.6645,2.5985,Money Market,PHP,N,1,A,SLPMM,Sun Life Phils - Money Market Fund
2019-12-20,1.1174,true,2019-12-19,2.6739,2.5985,Money Market,PHP,N,1,A,SLPMM,Sun Life Phils - Money Market Fund
2019-12-19,1.1174,true,2019-12-18,2.6833,2.5985,Money Market,PHP,N,1,A,SLPMM,Sun Life Phils - Money Market Fund
2019-12-18,1.1173,true,2019-12-17,2.6741,2.5893,Money Market,PHP,N,1,A,SLPMM,Sun Life Phils - Money Market Fund
2019-12-17,1.1173,true,2019-12-16,2.693,2.5893,Money Market,PHP,N,1,A,SLPMM,Sun Life Phils - Money Market Fund
2019-12-16,1.1171,true,2019-12-15,2.7502,2.5709,Money Market,PHP,N,1,A,SLPMM,Sun Life Phils - Money Market Fund
2019-12-13,1.1171,true,2019-12-12,2.7596,2.5709,Money Market,PHP,N,1,A,SLPMM,Sun Life Phils - Money Market Fund
2019-12-12,1.117,true,2019-12-11,2.7504,2.5617,Money Market,PHP,N,1,A,SLPMM,Sun Life Phils - Money Market Fund
2019-12-11,1.117,true,2019-12-10,2.741,2.5617,Money Market,PHP,N,1,A,SLPMM,Sun Life Phils - Money Market Fund
2019-12-10,1.1169,true,2019-12-09,2.7412,2.5526,Money Market,PHP,N,1,A,SLPMM,Sun Life Phils - Money Market Fund
2019-12-09,1.1167,true,2019-12-08,2.7323,2.5342,Money Market,PHP,N,1,A,SLPMM,Sun Life Phils - Money Market Fund
2019-12-06,1.1167,true,2019-12-05,2.7417,2.5342,Money Market,PHP,N,1,A,SLPMM,Sun Life Phils - Money Market Fund
2019-12-05,1.1167,true,2019-12-04,2.7512,2.5342,Money Market,PHP,N,1,A,SLPMM,Sun Life Phils - Money Market Fund
2019-12-04,1.1166,true,2019-12-03,2.742,2.525,Money Market,PHP,N,1,A,SLPMM,Sun Life Phils - Money Market Fund
2019-12-02,1.1164,true,2019-12-01,2.7614,2.5067,Money Market,PHP,N,1,A,SLPMM,Sun Life Phils - Money Market Fund
2019-11-29,1.1164,true,2019-11-28,2.7614,2.5067,Money Market,PHP,N,1,A,SLPMM,Sun Life Phils - Money Market Fund
2019-11-28,1.1163,true,2019-11-27,2.7428,2.4975,Money Market,PHP,N,1,A,SLPMM,Sun Life Phils - Money Market Fund
2019-11-27,1.1163,true,2019-11-26,2.7522,2.4975,Money Market,PHP,N,1,A,SLPMM,Sun Life Phils - Money Market Fund
2019-11-26,1.1161,true,2019-11-25,2.7433,2.4791,Money Market,PHP,N,1,A,SLPMM,Sun Life Phils - Money Market Fund
2019-11-25,1.116,true,2019-11-24,2.7435,2.4699,Money Market,PHP,N,1,A,SLPMM,Sun Life Phils - Money Market Fund
2019-11-22,1.116,true,2019-11-21,2.753,2.4699,Money Market,PHP,N,1,A,SLPMM,Sun Life Phils - Money Market Fund
2019-11-21,1.116,true,2019-11-20,2.7624,2.4699,Money Market,PHP,N,1,A,SLPMM,Sun Life Phils - Money Market Fund
2019-11-20,1.1159,true,2019-11-19,2.7627,2.4607,Money Market,PHP,N,1,A,SLPMM,Sun Life Phils - Money Market Fund
2019-11-19,1.1158,true,2019-11-18,2.7629,2.4516,Money Market,PHP,N,1,A,SLPMM,Sun Life Phils - Money Market Fund
2019-11-18,1.1156,true,2019-11-17,2.7634,2.4332,Money Market,PHP,N,1,A,SLPMM,Sun Life Phils - Money Market Fund
2019-11-15,1.1156,true,2019-11-14,2.7634,2.4332,Money Market,PHP,N,1,A,SLPMM,Sun Life Phils - Money Market Fund
2019-11-14,1.1156,true,2019-11-13,2.7729,2.4332,Money Market,PHP,N,1,A,SLPMM,Sun Life Phils - Money Market Fund
2019-11-13,1.1155,true,2019-11-12,2.7732,2.424,Money Market,PHP,N,1,A,SLPMM,Sun Life Phils - Money Market Fund
2019-11-12,1.1153,true,2019-11-11,2.7642,2.4057,Money Market,PHP,N,1,A,SLPMM,Sun Life Phils - Money Market Fund
2019-11-11,1.1151,true,2019-11-10,2.7647,2.3873,Money Market,PHP,N,1,A,SLPMM,Sun Life Phils - Money Market Fund
2019-11-08,1.1151,true,2019-11-07,2.7837,2.3873,Money Market,PHP,N,1,A,SLPMM,Sun Life Phils - Money Market Fund
2019-11-07,1.1151,true,2019-11-06,2.7837,2.3873,Money Market,PHP,N,1,A,SLPMM,Sun Life Phils - Money Market Fund
2019-11-06,1.115,true,2019-11-05,2.7839,2.3781,Money Market,PHP,N,1,A,SLPMM,Sun Life Phils - Money Market Fund
2019-11-05,1.115,true,2019-11-04,2.8029,2.3781,Money Market,PHP,N,1,A,SLPMM,Sun Life Phils - Money Market Fund
2019-11-04,1.1147,true,2019-11-03,2.8037,2.3506,Money Market,PHP,N,1,A,SLPMM,Sun Life Phils - Money Market Fund
2019-10-31,1.1148,true,2019-10-30,2.8129,2.3597,Money Market,PHP,N,1,A,SLPMM,Sun Life Phils - Money Market Fund
2019-10-30,1.1148,true,2019-10-29,2.8224,2.3597,Money Market,PHP,N,1,A,SLPMM,Sun Life Phils - Money Market Fund
2019-10-29,1.1147,true,2019-10-28,2.8226,2.3506,Money Market,PHP,N,1,A,SLPMM,Sun Life Phils - Money Market Fund
2019-10-28,1.1145,true,2019-10-27,2.8231,2.3322,Money Market,PHP,N,1,A,SLPMM,Sun Life Phils - Money Market Fund
2019-10-25,1.1145,true,2019-10-24,2.8326,2.3322,Money Market,PHP,N,1,A,SLPMM,Sun Life Phils - Money Market Fund
2019-10-24,1.1145,true,2019-10-23,2.8421,2.3322,Money Market,PHP,N,1,A,SLPMM,Sun Life Phils - Money Market Fund
2019-10-23,1.1144,true,2019-10-22,2.8424,2.323,Money Market,PHP,N,1,A,SLPMM,Sun Life Phils - Money Market Fund
2019-10-22,1.1144,true,2019-10-21,2.8519,2.323,Money Market,PHP,N,1,A,SLPMM,Sun Life Phils - Money Market Fund
2019-10-21,1.1142,true,2019-10-20,2.8619,2.3047,Money Market,PHP,N,1,A,SLPMM,Sun Life Phils - Money Market Fund
2019-10-18,1.1142,true,2019-10-17,2.8619,2.3047,Money Market,PHP,N,1,A,SLPMM,Sun Life Phils - Money Market Fund
2019-10-17,1.1141,true,2019-10-16,2.8622,2.2955,Money Market,PHP,N,1,A,SLPMM,Sun Life Phils - Money Market Fund
2019-10-16,1.114,true,2019-10-15,2.8529,2.2863,Money Market,PHP,N,1,A,SLPMM,Sun Life Phils - Money Market Fund
2019-10-15,1.1139,true,2019-10-14,2.8532,2.2771,Money Market,PHP,N,1,A,SLPMM,Sun Life Phils - Money Market Fund
2019-10-14,1.1138,true,2019-10-13,2.8629,2.2679,Money Market,PHP,N,1,A,SLPMM,Sun Life Phils - Money Market Fund
2019-10-11,1.1138,true,2019-10-10,2.8629,2.2679,Money Market,PHP,N,1,A,SLPMM,Sun Life Phils - Money Market Fund
2019-10-10,1.1137,true,2019-10-09,2.8632,2.2587,Money Market,PHP,N,1,A,SLPMM,Sun Life Phils - Money Market Fund
2019-10-09,1.1137,true,2019-10-08,2.8632,2.2587,Money Market,PHP,N,1,A,SLPMM,Sun Life Phils - Money Market Fund
2019-10-08,1.1136,true,2019-10-07,2.8635,2.2496,Money Market,PHP,N,1,A,SLPMM,Sun Life Phils - Money Market Fund
2019-10-07,1.1134,true,2019-10-06,2.864,2.2312,Money Market,PHP,N,1,A,SLPMM,Sun Life Phils - Money Market Fund
2019-10-04,1.1134,true,2019-10-03,2.864,2.2312,Money Market,PHP,N,1,A,SLPMM,Sun Life Phils - Money Market Fund
2019-10-03,1.1134,true,2019-10-02,2.864,2.2312,Money Market,PHP,N,1,A,SLPMM,Sun Life Phils - Money Market Fund
2019-10-02,1.1133,true,2019-10-01,2.8643,2.222,Money Market,PHP,N,1,A,SLPMM,Sun Life Phils - Money Market Fund
2019-10-01,1.1132,true,2019-09-30,2.8455,2.2128,Money Market,PHP,N,1,A,SLPMM,Sun Life Phils - Money Market Fund
2019-09-30,1.1131,true,2019-09-29,2.8553,2.2037,Money Market,PHP,N,1,A,SLPMM,Sun Life Phils - Money Market Fund
2019-09-27,1.1131,true,2019-09-26,2.8553,2.2037,Money Market,PHP,N,1,A,SLPMM,Sun Life Phils - Money Market Fund
2019-09-26,1.113,true,2019-09-25,2.8461,2.1945,Money Market,PHP,N,1,A,SLPMM,Sun Life Phils - Money Market Fund
2019-09-25,1.1128,true,2019-09-24,2.8276,2.1761,Money Market,PHP,N,1,A,SLPMM,Sun Life Phils - Money Market Fund
2019-09-24,1.1127,true,2019-09-23,2.8373,2.1669,Money Market,PHP,N,1,A,SLPMM,Sun Life Phils - Money Market Fund
2019-09-23,1.1126,true,2019-09-22,2.8471,2.1577,Money Market,PHP,N,1,A,SLPMM,Sun Life Phils - Money Market Fund
2019-09-20,1.1126,true,2019-09-19,2.8471,2.1577,Money Market,PHP,N,1,A,SLPMM,Sun Life Phils - Money Market Fund
2019-09-19,1.1125,true,2019-09-18,2.8569,2.1486,Money Market,PHP,N,1,A,SLPMM,Sun Life Phils - Money Market Fund
2019-09-18,1.1125,true,2019-09-17,2.8569,2.1486,Money Market,PHP,N,1,A,SLPMM,Sun Life Phils - Money Market Fund
2019-09-17,1.1123,true,2019-09-16,2.8479,2.1302,Money Market,PHP,N,1,A,SLPMM,Sun Life Phils - Money Market Fund
2019-09-16,1.1122,true,2019-09-15,2.8482,2.121,Money Market,PHP,N,1,A,SLPMM,Sun Life Phils - Money Market Fund
2019-09-13,1.1121,true,2019-09-12,2.8484,2.1118,Money Market,PHP,N,1,A,SLPMM,Sun Life Phils - Money Market Fund
2019-09-12,1.1121,true,2019-09-11,2.8484,2.1118,Money Market,PHP,N,1,A,SLPMM,Sun Life Phils - Money Market Fund
2019-09-11,1.1122,true,2019-09-10,2.8672,2.121,Money Market,PHP,N,1,A,SLPMM,Sun Life Phils - Money Market Fund
2019-09-10,1.1121,true,2019-09-09,2.8579,2.1118,Money Market,PHP,N,1,A,SLPMM,Sun Life Phils - Money Market Fund
2019-09-09,1.1119,true,2019-09-08,2.8585,2.0935,Money Market,PHP,N,1,A,SLPMM,Sun Life Phils - Money Market Fund
2019-09-06,1.1119,true,2020-08-13,2.8585,2.0935,Money Market,PHP,N,1,A,SLPMM,Sun Life Phils - Money Market Fund
2019-09-05,1.1119,true,2019-09-04,2.868,2.0935,Money Market,PHP,N,1,A,SLPMM,Sun Life Phils - Money Market Fund
2019-09-04,1.1118,true,2019-09-03,2.8587,2.0843,Money Market,PHP,N,1,A,SLPMM,Sun Life Phils - Money Market Fund
2019-09-03,1.1116,true,2019-09-02,2.8497,2.0659,Money Market,PHP,N,1,A,SLPMM,Sun Life Phils - Money Market Fund
2019-09-02,1.1116,true,2019-09-01,2.8593,2.0659,Money Market,PHP,N,1,A,SLPMM,Sun Life Phils - Money Market Fund
2019-08-30,1.1116,true,2019-08-29,2.8688,2.0659,Money Market,PHP,N,1,A,SLPMM,Sun Life Phils - Money Market Fund
2019-08-29,1.1116,true,2019-08-28,2.8688,2.0659,Money Market,PHP,N,1,A,SLPMM,Sun Life Phils - Money Market Fund
2019-08-28,1.1114,true,2019-08-27,2.8598,2.0476,Money Market,PHP,N,1,A,SLPMM,Sun Life Phils - Money Market Fund
2019-08-27,1.1112,true,2019-08-26,2.8603,2.0292,Money Market,PHP,N,1,A,SLPMM,Sun Life Phils - Money Market Fund
2019-08-23,1.1111,true,2019-08-22,2.8511,2.02,Money Market,PHP,N,1,A,SLPMM,Sun Life Phils - Money Market Fund
2019-08-22,1.1111,true,2019-08-21,2.8606,2.02,Money Market,PHP,N,1,A,SLPMM,Sun Life Phils - Money Market Fund
2019-08-20,1.111,true,2019-08-19,2.8608,2.0108,Money Market,PHP,N,1,A,SLPMM,Sun Life Phils - Money Market Fund
2019-08-19,1.1108,true,2019-08-18,2.8614,1.9925,Money Market,PHP,N,1,A,SLPMM,Sun Life Phils - Money Market Fund
2019-08-16,1.1107,true,2019-08-15,2.8521,1.9833,Money Market,PHP,N,1,A,SLPMM,Sun Life Phils - Money Market Fund
2019-08-15,1.1108,true,2019-08-14,2.8614,1.9925,Money Market,PHP,N,1,A,SLPMM,Sun Life Phils - Money Market Fund
2019-08-14,1.1105,true,2019-08-13,2.8431,1.9649,Money Market,PHP,N,1,A,SLPMM,Sun Life Phils - Money Market Fund
2019-08-13,1.1103,true,2019-08-12,2.8341,1.9466,Money Market,PHP,N,1,A,SLPMM,Sun Life Phils - Money Market Fund
2019-08-09,1.1103,true,2019-08-08,2.8532,1.9466,Money Market,PHP,N,1,A,SLPMM,Sun Life Phils - Money Market Fund
2019-08-08,1.1101,true,2019-08-07,2.8346,1.9282,Money Market,PHP,N,1,A,SLPMM,Sun Life Phils - Money Market Fund
2019-08-07,1.1098,true,2019-08-06,2.8164,1.9007,Money Market,PHP,N,1,A,SLPMM,Sun Life Phils - Money Market Fund
2019-08-06,1.1097,true,2019-08-05,2.8071,1.8915,Money Market,PHP,N,1,A,SLPMM,Sun Life Phils - Money Market Fund
2019-08-05,1.1095,true,2019-08-04,2.8076,1.8731,Money Market,PHP,N,1,A,SLPMM,Sun Life Phils - Money Market Fund
2019-08-02,1.1094,true,2019-08-01,2.7984,1.8639,Money Market,PHP,N,1,A,SLPMM,Sun Life Phils - Money Market Fund
2019-08-01,1.1094,true,2019-07-31,2.8079,1.8639,Money Market,PHP,N,1,A,SLPMM,Sun Life Phils - Money Market Fund
2019-07-31,1.1093,true,2019-07-30,2.8082,1.8547,Money Market,PHP,N,1,A,SLPMM,Sun Life Phils - Money Market Fund
2019-07-30,1.1087,true,2019-07-29,2.7621,1.7997,Money Market,PHP,N,1,A,SLPMM,Sun Life Phils - Money Market Fund
2019-07-29,1.1085,true,2019-07-28,2.7531,1.7813,Money Market,PHP,N,1,A,SLPMM,Sun Life Phils - Money Market Fund
2019-07-26,1.1084,true,2019-07-25,2.7438,1.7721,Money Market,PHP,N,1,A,SLPMM,Sun Life Phils - Money Market Fund
2019-07-25,1.1083,true,2019-07-24,2.744,1.7629,Money Market,PHP,N,1,A,SLPMM,Sun Life Phils - Money Market Fund
2019-07-24,1.1082,true,2019-07-23,2.7348,1.7537,Money Market,PHP,N,1,A,SLPMM,Sun Life Phils - Money Market Fund
2019-07-23,1.1081,true,2019-07-22,2.735,1.7446,Money Market,PHP,N,1,A,SLPMM,Sun Life Phils - Money Market Fund
2019-07-22,1.1078,true,2019-07-21,2.7263,1.717,Money Market,PHP,N,1,A,SLPMM,Sun Life Phils - Money Market Fund
2019-07-19,1.1078,true,2019-07-18,2.7263,1.717,Money Market,PHP,N,1,A,SLPMM,Sun Life Phils - Money Market Fund
2019-07-18,1.1077,true,2019-07-17,2.717,1.7078,Money Market,PHP,N,1,A,SLPMM,Sun Life Phils - Money Market Fund
2019-07-17,1.1076,true,2019-07-16,2.7172,1.6987,Money Market,PHP,N,1,A,SLPMM,Sun Life Phils - Money Market Fund
2019-07-16,1.1074,true,2019-07-15,2.7082,1.6803,Money Market,PHP,N,1,A,SLPMM,Sun Life Phils - Money Market Fund
2019-07-15,1.1072,true,2019-07-14,2.6992,1.6619,Money Market,PHP,N,1,A,SLPMM,Sun Life Phils - Money Market Fund
2019-07-12,1.1071,true,2019-07-11,2.6899,1.6527,Money Market,PHP,N,1,A,SLPMM,Sun Life Phils - Money Market Fund
2019-07-11,1.1071,true,2019-07-10,2.6994,1.6527,Money Market,PHP,N,1,A,SLPMM,Sun Life Phils - Money Market Fund
2019-07-10,1.107,true,2019-07-09,2.6997,1.6436,Money Market,PHP,N,1,A,SLPMM,Sun Life Phils - Money Market Fund
2019-07-09,1.1069,true,2019-07-08,2.6904,1.6344,Money Market,PHP,N,1,A,SLPMM,Sun Life Phils - Money Market Fund
2019-07-08,1.1066,true,2019-07-07,2.6721,1.6068,Money Market,PHP,N,1,A,SLPMM,Sun Life Phils - Money Market Fund
2019-07-05,1.1066,true,2019-07-04,2.6816,1.6068,Money Market,PHP,N,1,A,SLPMM,Sun Life Phils - Money Market Fund
2019-07-04,1.1065,true,2019-07-03,2.6724,1.5976,Money Market,PHP,N,1,A,SLPMM,Sun Life Phils - Money Market Fund
2019-07-03,1.1064,true,2019-07-02,2.6726,1.5885,Money Market,PHP,N,1,A,SLPMM,Sun Life Phils - Money Market Fund
2019-07-02,1.1063,true,2019-07-01,2.6633,1.5793,Money Market,PHP,N,1,A,SLPMM,Sun Life Phils - Money Market Fund
2019-07-01,1.106,true,2019-06-30,2.645,1.5517,Money Market,PHP,N,1,A,SLPMM,Sun Life Phils - Money Market Fund
2019-06-28,1.106,true,2019-06-27,2.6545,1.5517,Money Market,PHP,N,1,A,SLPMM,Sun Life Phils - Money Market Fund
2019-06-27,1.1056,true,2019-06-26,2.6174,1.515,Money Market,PHP,N,1,A,SLPMM,Sun Life Phils - Money Market Fund
2019-06-26,1.1055,true,2019-06-25,2.6081,1.5058,Money Market,PHP,N,1,A,SLPMM,Sun Life Phils - Money Market Fund
2019-06-25,1.1054,true,2019-06-24,2.6084,1.4966,Money Market,PHP,N,1,A,SLPMM,Sun Life Phils - Money Market Fund
2019-06-24,1.1051,true,2019-06-23,2.5805,1.4691,Money Market,PHP,N,1,A,SLPMM,Sun Life Phils - Money Market Fund
2019-06-21,1.1051,true,2019-06-20,2.59,1.4691,Money Market,PHP,N,1,A,SLPMM,Sun Life Phils - Money Market Fund
2019-06-20,1.105,true,2019-06-19,2.5808,1.4599,Money Market,PHP,N,1,A,SLPMM,Sun Life Phils - Money Market Fund
2019-06-19,1.1049,true,2019-06-18,2.5715,1.4507,Money Market,PHP,N,1,A,SLPMM,Sun Life Phils - Money Market Fund
2019-06-18,1.1048,true,2019-06-17,2.5717,1.4416,Money Market,PHP,N,1,A,SLPMM,Sun Life Phils - Money Market Fund
2019-06-17,1.1045,true,2019-06-16,2.5534,1.414,Money Market,PHP,N,1,A,SLPMM,Sun Life Phils - Money Market Fund
2019-06-14,1.1045,true,2019-06-13,2.5534,1.414,Money Market,PHP,N,1,A,SLPMM,Sun Life Phils - Money Market Fund
2019-06-13,1.1042,true,2019-06-12,2.5255,1.3865,Money Market,PHP,N,1,A,SLPMM,Sun Life Phils - Money Market Fund
2019-06-11,1.1041,true,2019-06-10,2.5258,1.3773,Money Market,PHP,N,1,A,SLPMM,Sun Life Phils - Money Market Fund
2019-06-10,1.1038,true,2019-06-09,2.4979,1.3497,Money Market,PHP,N,1,A,SLPMM,Sun Life Phils - Money Market Fund
2019-06-07,1.1037,true,2019-06-06,2.4981,1.3406,Money Market,PHP,N,1,A,SLPMM,Sun Life Phils - Money Market Fund
2019-06-06,1.1035,true,2019-06-05,2.4796,1.3222,Money Market,PHP,N,1,A,SLPMM,Sun Life Phils - Money Market Fund
2019-06-04,1.1034,true,2019-06-03,2.4798,1.313,Money Market,PHP,N,1,A,SLPMM,Sun Life Phils - Money Market Fund
2019-06-03,1.1032,true,2019-06-02,2.4612,1.2946,Money Market,PHP,N,1,A,SLPMM,Sun Life Phils - Money Market Fund
2019-05-31,1.1033,true,2019-05-30,2.48,1.3038,Money Market,PHP,N,1,A,SLPMM,Sun Life Phils - Money Market Fund
2019-05-30,1.1032,true,2019-05-29,2.4707,1.2946,Money Market,PHP,N,1,A,SLPMM,Sun Life Phils - Money Market Fund
2019-05-29,1.1031,true,2019-05-28,2.4615,1.2855,Money Market,PHP,N,1,A,SLPMM,Sun Life Phils - Money Market Fund
2019-05-28,1.103,true,2019-05-27,2.4522,1.2763,Money Market,PHP,N,1,A,SLPMM,Sun Life Phils - Money Market Fund
2019-05-27,1.1027,true,2019-05-26,2.4338,1.2487,Money Market,PHP,N,1,A,SLPMM,Sun Life Phils - Money Market Fund
2019-05-24,1.1027,true,2019-05-23,2.4338,1.2487,Money Market,PHP,N,1,A,SLPMM,Sun Life Phils - Money Market Fund
2019-05-23,1.1026,true,2019-05-22,2.434,1.2396,Money Market,PHP,N,1,A,SLPMM,Sun Life Phils - Money Market Fund
2019-05-22,1.1025,true,2019-05-21,2.4247,1.2304,Money Market,PHP,N,1,A,SLPMM,Sun Life Phils - Money Market Fund
2019-05-21,1.1024,true,2019-05-20,2.4155,1.2212,Money Market,PHP,N,1,A,SLPMM,Sun Life Phils - Money Market Fund
2019-05-20,1.1021,true,2019-05-19,2.4066,1.1936,Money Market,PHP,N,1,A,SLPMM,Sun Life Phils - Money Market Fund
2019-05-17,1.1021,true,2019-05-16,2.4066,1.1936,Money Market,PHP,N,1,A,SLPMM,Sun Life Phils - Money Market Fund
2019-05-16,1.1021,true,2019-05-15,2.4066,1.1936,Money Market,PHP,N,1,A,SLPMM,Sun Life Phils - Money Market Fund
2019-05-15,1.1019,true,2019-05-14,2.3975,1.1753,Money Market,PHP,N,1,A,SLPMM,Sun Life Phils - Money Market Fund
2019-05-14,1.1016,true,2019-05-13,2.3792,1.1477,Money Market,PHP,N,1,A,SLPMM,Sun Life Phils - Money Market Fund
2019-05-10,1.1015,true,2019-05-09,2.3699,1.1386,Money Market,PHP,N,1,A,SLPMM,Sun Life Phils - Money Market Fund
2019-05-09,1.1015,true,2019-05-08,2.3699,1.1386,Money Market,PHP,N,1,A,SLPMM,Sun Life Phils - Money Market Fund
2019-05-08,1.1013,true,2019-05-07,2.3608,1.1202,Money Market,PHP,N,1,A,SLPMM,Sun Life Phils - Money Market Fund
2019-05-07,1.1012,true,2019-05-06,2.3515,1.111,Money Market,PHP,N,1,A,SLPMM,Sun Life Phils - Money Market Fund
2019-05-06,1.1009,true,2019-05-05,2.3236,1.0835,Money Market,PHP,N,1,A,SLPMM,Sun Life Phils - Money Market Fund
2019-05-03,1.1009,true,2019-05-02,2.3331,1.0835,Money Market,PHP,N,1,A,SLPMM,Sun Life Phils - Money Market Fund
2019-05-02,1.1007,true,2019-05-01,2.3146,1.0651,Money Market,PHP,N,1,A,SLPMM,Sun Life Phils - Money Market Fund
2019-04-30,1.1006,true,2019-04-29,2.3148,1.0559,Money Market,PHP,N,1,A,SLPMM,Sun Life Phils - Money Market Fund
2019-04-29,1.1002,true,2019-04-28,2.2776,1.0192,Money Market,PHP,N,1,A,SLPMM,Sun Life Phils - Money Market Fund
2019-04-26,1.1003,true,2019-04-25,2.2869,1.0284,Money Market,PHP,N,1,A,SLPMM,Sun Life Phils - Money Market Fund
2019-04-25,1.1002,true,2019-04-24,2.2871,1.0192,Money Market,PHP,N,1,A,SLPMM,Sun Life Phils - Money Market Fund
2019-04-24,1.1001,true,2019-04-23,2.2778,1.01,Money Market,PHP,N,1,A,SLPMM,Sun Life Phils - Money Market Fund
2019-04-23,1.1,true,2019-04-22,2.2685,1.0008,Money Market,PHP,N,1,A,SLPMM,Sun Life Phils - Money Market Fund
2019-04-22,1.0994,true,2019-04-21,2.2222,0.9457,Money Market,PHP,N,1,A,SLPMM,Sun Life Phils - Money Market Fund
2019-04-17,1.0994,true,2019-04-16,2.2317,0.9457,Money Market,PHP,N,1,A,SLPMM,Sun Life Phils - Money Market Fund
2019-04-16,1.0993,true,2019-04-15,2.2224,0.9366,Money Market,PHP,N,1,A,SLPMM,Sun Life Phils - Money Market Fund
2019-04-15,1.099,true,2019-04-14,2.204,0.909,Money Market,PHP,N,1,A,SLPMM,Sun Life Phils - Money Market Fund
2019-04-12,1.099,true,2019-04-11,2.204,0.909,Money Market,PHP,N,1,A,SLPMM,Sun Life Phils - Money Market Fund
2019-04-11,1.0988,true,2019-04-10,2.1854,0.8906,Money Market,PHP,N,1,A,SLPMM,Sun Life Phils - Money Market Fund
2019-04-10,1.0986,true,2019-04-09,2.1668,0.8723,Money Market,PHP,N,1,A,SLPMM,Sun Life Phils - Money Market Fund
2019-04-08,1.0983,true,2019-04-07,2.1484,0.8447,Money Market,PHP,N,1,A,SLPMM,Sun Life Phils - Money Market Fund
2019-04-05,1.0982,true,2019-04-04,2.1486,0.8356,Money Market,PHP,N,1,A,SLPMM,Sun Life Phils - Money Market Fund
2019-04-04,1.0982,true,2019-04-03,2.1486,0.8356,Money Market,PHP,N,1,A,SLPMM,Sun Life Phils - Money Market Fund
2019-04-03,1.098,true,2019-04-02,2.13,0.8172,Money Market,PHP,N,1,A,SLPMM,Sun Life Phils - Money Market Fund
2019-04-02,1.0979,true,2019-04-01,2.1302,0.808,Money Market,PHP,N,1,A,SLPMM,Sun Life Phils - Money Market Fund
2019-04-01,1.0977,true,2019-03-31,2.1211,0.7896,Money Market,PHP,N,1,A,SLPMM,Sun Life Phils - Money Market Fund
2019-03-29,1.0976,true,2019-03-28,2.1118,0.7805,Money Market,PHP,N,1,A,SLPMM,Sun Life Phils - Money Market Fund
2019-03-28,1.0975,true,2019-03-27,2.1025,0.7713,Money Market,PHP,N,1,A,SLPMM,Sun Life Phils - Money Market Fund
2019-03-27,1.0974,true,2019-03-26,2.0932,0.7621,Money Market,PHP,N,1,A,SLPMM,Sun Life Phils - Money Market Fund
2019-03-26,1.0973,true,2019-03-25,2.0839,0.7529,Money Market,PHP,N,1,A,SLPMM,Sun Life Phils - Money Market Fund
2019-03-25,1.097,true,2019-03-24,2.0655,0.7254,Money Market,PHP,N,1,A,SLPMM,Sun Life Phils - Money Market Fund
2019-03-22,1.097,true,2019-03-21,2.0655,0.7254,Money Market,PHP,N,1,A,SLPMM,Sun Life Phils - Money Market Fund
2019-03-21,1.0966,true,2019-03-20,2.0283,0.6886,Money Market,PHP,N,1,A,SLPMM,Sun Life Phils - Money Market Fund
2019-03-20,1.0966,true,2019-03-19,2.0378,0.6886,Money Market,PHP,N,1,A,SLPMM,Sun Life Phils - Money Market Fund
2019-03-19,1.0965,true,2019-03-18,2.0285,0.6795,Money Market,PHP,N,1,A,SLPMM,Sun Life Phils - Money Market Fund
2019-03-18,1.0961,true,2019-03-17,1.9913,0.6427,Money Market,PHP,N,1,A,SLPMM,Sun Life Phils - Money Market Fund
2019-03-15,1.0961,true,2019-03-14,2.0007,0.6427,Money Market,PHP,N,1,A,SLPMM,Sun Life Phils - Money Market Fund
2019-03-14,1.0961,true,2019-03-13,2.0007,0.6427,Money Market,PHP,N,1,A,SLPMM,Sun Life Phils - Money Market Fund
2019-03-13,1.096,true,2019-03-12,1.9914,0.6336,Money Market,PHP,N,1,A,SLPMM,Sun Life Phils - Money Market Fund
2019-03-12,1.0957,true,2019-03-11,1.9635,0.606,Money Market,PHP,N,1,A,SLPMM,Sun Life Phils - Money Market Fund
2019-03-11,1.0954,true,2019-03-10,1.9451,0.5785,Money Market,PHP,N,1,A,SLPMM,Sun Life Phils - Money Market Fund
2019-03-08,1.0954,true,2019-03-07,1.9451,0.5785,Money Market,PHP,N,1,A,SLPMM,Sun Life Phils - Money Market Fund
2019-03-07,1.0954,true,2019-03-06,1.9451,0.5785,Money Market,PHP,N,1,A,SLPMM,Sun Life Phils - Money Market Fund
2019-03-06,1.0952,true,2019-03-05,1.936,0.5601,Money Market,PHP,N,1,A,SLPMM,Sun Life Phils - Money Market Fund
2019-03-05,1.0952,true,2019-03-04,1.936,0.5601,Money Market,PHP,N,1,A,SLPMM,Sun Life Phils - Money Market Fund
2019-03-04,1.0952,true,2019-03-03,1.9455,0.5601,Money Market,PHP,N,1,A,SLPMM,Sun Life Phils - Money Market Fund
2019-03-01,1.0951,true,2019-02-28,1.9361,0.5509,Money Market,PHP,N,1,A,SLPMM,Sun Life Phils - Money Market Fund
2019-02-28,1.095,true,2019-02-27,1.9363,0.5417,Money Market,PHP,N,1,A,SLPMM,Sun Life Phils - Money Market Fund
2019-02-27,1.0946,true,2019-02-26,1.8991,0.505,Money Market,PHP,N,1,A,SLPMM,Sun Life Phils - Money Market Fund
2019-02-26,1.0946,true,2019-02-25,1.9086,0.505,Money Market,PHP,N,1,A,SLPMM,Sun Life Phils - Money Market Fund
2019-02-22,1.0944,true,2019-02-21,1.8994,0.4866,Money Market,PHP,N,1,A,SLPMM,Sun Life Phils - Money Market Fund
2019-02-21,1.0943,true,2019-02-20,1.8901,0.4775,Money Market,PHP,N,1,A,SLPMM,Sun Life Phils - Money Market Fund
2019-02-20,1.0934,true,2019-02-19,1.8158,0.3948,Money Market,PHP,N,1,A,SLPMM,Sun Life Phils - Money Market Fund
2019-02-19,1.0941,true,2019-02-18,1.881,0.4591,Money Market,PHP,N,1,A,SLPMM,Sun Life Phils - Money Market Fund
2019-02-18,1.094,true,2019-02-17,1.8812,0.4499,Money Market,PHP,N,1,A,SLPMM,Sun Life Phils - Money Market Fund
2019-02-15,1.0938,true,2019-02-14,1.8625,0.4315,Money Market,PHP,N,1,A,SLPMM,Sun Life Phils - Money Market Fund
2019-02-14,1.0936,true,2019-02-13,1.8534,0.4132,Money Market,PHP,N,1,A,SLPMM,Sun Life Phils - Money Market Fund
2019-02-13,1.0936,true,2019-02-12,1.8534,0.4132,Money Market,PHP,N,1,A,SLPMM,Sun Life Phils - Money Market Fund
2019-02-12,1.0935,true,2019-02-11,1.8441,0.404,Money Market,PHP,N,1,A,SLPMM,Sun Life Phils - Money Market Fund
2019-02-11,1.0934,true,2019-02-10,1.8443,0.3948,Money Market,PHP,N,1,A,SLPMM,Sun Life Phils - Money Market Fund
2019-02-08,1.0932,true,2019-02-07,1.8351,0.3765,Money Market,PHP,N,1,A,SLPMM,Sun Life Phils - Money Market Fund
2019-02-07,1.0931,true,2019-02-06,1.8258,0.3673,Money Market,PHP,N,1,A,SLPMM,Sun Life Phils - Money Market Fund
2019-02-06,1.0929,true,2019-02-05,1.8072,0.3489,Money Market,PHP,N,1,A,SLPMM,Sun Life Phils - Money Market Fund
2019-02-04,1.0928,true,2019-02-03,1.8073,0.3397,Money Market,PHP,N,1,A,SLPMM,Sun Life Phils - Money Market Fund
2019-02-01,1.0925,true,2019-01-31,1.7794,0.3122,Money Market,PHP,N,1,A,SLPMM,Sun Life Phils - Money Market Fund
2019-01-31,1.0924,true,2019-01-30,1.7701,0.303,Money Market,PHP,N,1,A,SLPMM,Sun Life Phils - Money Market Fund
2019-01-30,1.0923,true,2019-01-29,1.7702,0.2938,Money Market,PHP,N,1,A,SLPMM,Sun Life Phils - Money Market Fund
2019-01-29,1.0923,true,2019-01-28,1.7702,0.2938,Money Market,PHP,N,1,A,SLPMM,Sun Life Phils - Money Market Fund
2019-01-28,1.0921,true,2019-01-27,1.7611,0.2755,Money Market,PHP,N,1,A,SLPMM,Sun Life Phils - Money Market Fund
2019-01-25,1.0919,true,2019-01-24,1.7425,0.2571,Money Market,PHP,N,1,A,SLPMM,Sun Life Phils - Money Market Fund
2019-01-24,1.0917,true,2019-01-23,1.7238,0.2387,Money Market,PHP,N,1,A,SLPMM,Sun Life Phils - Money Market Fund
2019-01-23,1.0915,true,2019-01-22,1.7052,0.2204,Money Market,PHP,N,1,A,SLPMM,Sun Life Phils - Money Market Fund
2019-01-22,1.0915,true,2019-01-21,1.7147,0.2204,Money Market,PHP,N,1,A,SLPMM,Sun Life Phils - Money Market Fund
2019-01-21,1.0913,true,2019-01-20,1.696,0.202,Money Market,PHP,N,1,A,SLPMM,Sun Life Phils - Money Market Fund
2019-01-18,1.0911,true,2019-01-17,1.6774,0.1836,Money Market,PHP,N,1,A,SLPMM,Sun Life Phils - Money Market Fund
2019-01-17,1.091,true,2019-01-16,1.6775,0.1745,Money Market,PHP,N,1,A,SLPMM,Sun Life Phils - Money Market Fund
2019-01-16,1.0909,true,2019-01-15,1.6682,0.1653,Money Market,PHP,N,1,A,SLPMM,Sun Life Phils - Money Market Fund
2019-01-15,1.0908,true,2019-01-14,1.6589,0.1561,Money Market,PHP,N,1,A,SLPMM,Sun Life Phils - Money Market Fund
2019-01-14,1.0907,true,2019-01-13,1.6591,0.1469,Money Market,PHP,N,1,A,SLPMM,Sun Life Phils - Money Market Fund
2019-01-11,1.0902,true,2019-01-10,1.6125,0.101,Money Market,PHP,N,1,A,SLPMM,Sun Life Phils - Money Market Fund
2019-01-10,1.0901,true,2019-01-09,1.6126,0.0918,Money Market,PHP,N,1,A,SLPMM,Sun Life Phils - Money Market Fund
2019-01-09,1.09,true,2019-01-08,1.6033,0.0826,Money Market,PHP,N,1,A,SLPMM,Sun Life Phils - Money Market Fund
2019-01-08,1.0899,true,2019-01-07,1.594,0.0735,Money Market,PHP,N,1,A,SLPMM,Sun Life Phils - Money Market Fund
2019-01-07,1.0899,true,2019-01-06,1.6034,0.0735,Money Market,PHP,N,1,A,SLPMM,Sun Life Phils - Money Market Fund
2019-01-04,1.0898,true,2019-01-03,1.5941,0.0643,Money Market,PHP,N,1,A,SLPMM,Sun Life Phils - Money Market Fund
2019-01-03,1.0896,true,2019-01-02,1.5944,0.0459,Money Market,PHP,N,1,A,SLPMM,Sun Life Phils - Money Market Fund
2019-01-02,1.0895,true,2019-01-01,1.5851,0.0367,Money Market,PHP,N,1,A,SLPMM,Sun Life Phils - Money Market Fund
2018-12-28,1.0891,true,2018-12-27,1.5573,1.5573,Money Market,PHP,N,1,A,SLPMM,Sun Life Phils - Money Market Fund
2018-12-27,1.089,true,2018-12-26,1.5574,1.5479,Money Market,PHP,N,1,A,SLPMM,Sun Life Phils - Money Market Fund
2018-12-26,1.0888,true,2018-12-25,1.5387,1.5293,Money Market,PHP,N,1,A,SLPMM,Sun Life Phils - Money Market Fund
2018-12-21,1.0884,true,2018-12-20,1.5109,1.492,Money Market,PHP,N,1,A,SLPMM,Sun Life Phils - Money Market Fund
2018-12-20,1.0883,true,2018-12-19,1.5016,1.4827,Money Market,PHP,N,1,A,SLPMM,Sun Life Phils - Money Market Fund
2018-12-19,1.0882,true,2018-12-18,1.5017,1.4733,Money Market,PHP,N,1,A,SLPMM,Sun Life Phils - Money Market Fund
2018-12-18,1.0882,true,2018-12-17,1.5017,1.4733,Money Market,PHP,N,1,A,SLPMM,Sun Life Phils - Money Market Fund
2018-12-17,1.088,true,2018-12-16,1.4925,1.4547,Money Market,PHP,N,1,A,SLPMM,Sun Life Phils - Money Market Fund
2018-12-14,1.0872,true,2018-12-13,1.4179,1.3801,Money Market,PHP,N,1,A,SLPMM,Sun Life Phils - Money Market Fund
2018-12-13,1.0871,true,2018-12-12,1.4086,1.3708,Money Market,PHP,N,1,A,SLPMM,Sun Life Phils - Money Market Fund
2018-12-12,1.0871,true,2018-12-11,1.418,1.3708,Money Market,PHP,N,1,A,SLPMM,Sun Life Phils - Money Market Fund
2018-12-11,1.0872,true,2018-12-10,1.4274,1.3801,Money Market,PHP,N,1,A,SLPMM,Sun Life Phils - Money Market Fund
2018-12-10,1.0871,true,2018-12-09,1.4275,1.3708,Money Market,PHP,N,1,A,SLPMM,Sun Life Phils - Money Market Fund
2018-12-07,1.087,true,2018-12-06,1.4276,1.3614,Money Market,PHP,N,1,A,SLPMM,Sun Life Phils - Money Market Fund
2018-12-06,1.0869,true,2018-12-05,1.4088,1.3521,Money Market,PHP,N,1,A,SLPMM,Sun Life Phils - Money Market Fund
2018-12-05,1.0868,true,2018-12-04,1.3995,1.3428,Money Market,PHP,N,1,A,SLPMM,Sun Life Phils - Money Market Fund
2018-12-04,1.0868,true,2018-12-03,1.409,1.3428,Money Market,PHP,N,1,A,SLPMM,Sun Life Phils - Money Market Fund
2018-12-03,1.0867,true,2018-12-02,1.3996,1.3335,Money Market,PHP,N,1,A,SLPMM,Sun Life Phils - Money Market Fund
2018-11-29,1.0864,true,2018-11-28,1.3717,1.3055,Money Market,PHP,N,1,A,SLPMM,Sun Life Phils - Money Market Fund
2018-11-28,1.0865,true,2018-11-27,1.381,1.3148,Money Market,PHP,N,1,A,SLPMM,Sun Life Phils - Money Market Fund
2018-11-27,1.0864,true,2018-11-26,1.3811,1.3055,Money Market,PHP,N,1,A,SLPMM,Sun Life Phils - Money Market Fund
2018-11-26,1.0863,true,2018-11-25,1.3718,1.2962,Money Market,PHP,N,1,A,SLPMM,Sun Life Phils - Money Market Fund
2018-11-23,1.0862,true,2018-11-22,1.3624,1.2868,Money Market,PHP,N,1,A,SLPMM,Sun Life Phils - Money Market Fund
2018-11-22,1.0861,true,2018-11-21,1.3531,1.2775,Money Market,PHP,N,1,A,SLPMM,Sun Life Phils - Money Market Fund
2018-11-21,1.086,true,2018-11-20,1.3438,1.2682,Money Market,PHP,N,1,A,SLPMM,Sun Life Phils - Money Market Fund
2018-11-20,1.0859,true,2018-11-19,1.3439,1.2589,Money Market,PHP,N,1,A,SLPMM,Sun Life Phils - Money Market Fund
2018-11-19,1.0858,true,2018-11-18,1.3346,1.2495,Money Market,PHP,N,1,A,SLPMM,Sun Life Phils - Money Market Fund
2018-11-16,1.0856,true,2018-11-15,1.3159,1.2309,Money Market,PHP,N,1,A,SLPMM,Sun Life Phils - Money Market Fund
2018-11-15,1.0856,true,2018-11-14,1.3159,1.2309,Money Market,PHP,N,1,A,SLPMM,Sun Life Phils - Money Market Fund
2018-11-14,1.0855,true,2018-11-13,1.316,1.2216,Money Market,PHP,N,1,A,SLPMM,Sun Life Phils - Money Market Fund
2018-11-13,1.0854,true,2018-11-12,1.3067,1.2122,Money Market,PHP,N,1,A,SLPMM,Sun Life Phils - Money Market Fund
2018-11-12,1.0853,true,2018-11-11,1.2974,1.2029,Money Market,PHP,N,1,A,SLPMM,Sun Life Phils - Money Market Fund
2018-11-09,1.0851,true,2018-11-08,1.2882,1.1843,Money Market,PHP,N,1,A,SLPMM,Sun Life Phils - Money Market Fund
2018-11-08,1.0849,true,2018-11-07,1.2695,1.1656,Money Market,PHP,N,1,A,SLPMM,Sun Life Phils - Money Market Fund
2018-11-07,1.0849,true,2018-11-06,1.2695,1.1656,Money Market,PHP,N,1,A,SLPMM,Sun Life Phils - Money Market Fund
2018-11-06,1.0848,true,2018-11-05,1.2602,1.1563,Money Market,PHP,N,1,A,SLPMM,Sun Life Phils - Money Market Fund
2018-11-05,1.0846,true,2018-11-04,1.2509,1.1376,Money Market,PHP,N,1,A,SLPMM,Sun Life Phils - Money Market Fund
2018-10-31,1.0843,true,2018-10-30,1.2229,1.1097,Money Market,PHP,N,1,A,SLPMM,Sun Life Phils - Money Market Fund
2018-10-30,1.0842,true,2018-10-29,1.2136,1.1003,Money Market,PHP,N,1,A,SLPMM,Sun Life Phils - Money Market Fund
2018-10-29,1.0841,true,2018-10-28,1.2137,1.091,Money Market,PHP,N,1,A,SLPMM,Sun Life Phils - Money Market Fund
2018-10-26,1.0839,true,2018-10-25,1.195,1.0724,Money Market,PHP,N,1,A,SLPMM,Sun Life Phils - Money Market Fund
2018-10-25,1.0838,true,2018-10-24,1.1857,1.063,Money Market,PHP,N,1,A,SLPMM,Sun Life Phils - Money Market Fund
2018-10-24,1.0837,true,2018-10-23,1.1764,1.0537,Money Market,PHP,N,1,A,SLPMM,Sun Life Phils - Money Market Fund
2018-10-23,1.0836,true,2018-10-22,1.167,1.0444,Money Market,PHP,N,1,A,SLPMM,Sun Life Phils - Money Market Fund
2018-10-22,1.0835,true,2018-10-21,1.1671,1.0351,Money Market,PHP,N,1,A,SLPMM,Sun Life Phils - Money Market Fund
2018-10-19,1.0832,true,2018-10-18,1.1391,1.0071,Money Market,PHP,N,1,A,SLPMM,Sun Life Phils - Money Market Fund
2018-10-18,1.0832,true,2018-10-17,1.1391,1.0071,Money Market,PHP,N,1,A,SLPMM,Sun Life Phils - Money Market Fund
2018-10-17,1.0831,true,2018-10-16,1.1298,0.9978,Money Market,PHP,N,1,A,SLPMM,Sun Life Phils - Money Market Fund
2018-10-16,1.0831,true,2018-10-15,1.1298,0.9978,Money Market,PHP,N,1,A,SLPMM,Sun Life Phils - Money Market Fund
2018-10-15,1.083,true,2018-10-14,1.1299,0.9884,Money Market,PHP,N,1,A,SLPMM,Sun Life Phils - Money Market Fund
2018-10-12,1.0828,true,2018-10-11,1.1112,0.9698,Money Market,PHP,N,1,A,SLPMM,Sun Life Phils - Money Market Fund
2018-10-11,1.0828,true,2018-10-10,1.1112,0.9698,Money Market,PHP,N,1,A,SLPMM,Sun Life Phils - Money Market Fund
2018-10-10,1.0827,true,2018-10-09,1.1019,0.9605,Money Market,PHP,N,1,A,SLPMM,Sun Life Phils - Money Market Fund
2018-10-09,1.0827,true,2018-10-08,1.1113,0.9605,Money Market,PHP,N,1,A,SLPMM,Sun Life Phils - Money Market Fund
2018-10-08,1.0826,true,2018-10-07,1.102,0.9511,Money Market,PHP,N,1,A,SLPMM,Sun Life Phils - Money Market Fund
2018-10-05,1.0824,true,2018-10-04,1.0833,0.9325,Money Market,PHP,N,1,A,SLPMM,Sun Life Phils - Money Market Fund
2018-10-04,1.0824,true,2018-10-03,1.0927,0.9325,Money Market,PHP,N,1,A,SLPMM,Sun Life Phils - Money Market Fund
2018-10-03,1.0824,true,2018-10-02,1.0927,0.9325,Money Market,PHP,N,1,A,SLPMM,Sun Life Phils - Money Market Fund
2018-10-02,1.0823,true,2018-10-01,1.0834,0.9232,Money Market,PHP,N,1,A,SLPMM,Sun Life Phils - Money Market Fund
2018-10-01,1.0824,true,2018-09-30,1.1022,0.9325,Money Market,PHP,N,1,A,SLPMM,Sun Life Phils - Money Market Fund
2018-09-28,1.0822,true,2018-09-27,1.0835,0.9138,Money Market,PHP,N,1,A,SLPMM,Sun Life Phils - Money Market Fund
2018-09-27,1.0822,true,2018-09-26,1.0835,0.9138,Money Market,PHP,N,1,A,SLPMM,Sun Life Phils - Money Market Fund
2018-09-26,1.0822,true,2018-09-25,1.0835,0.9138,Money Market,PHP,N,1,A,SLPMM,Sun Life Phils - Money Market Fund
2018-09-25,1.0822,true,2018-09-24,1.0835,0.9138,Money Market,PHP,N,1,A,SLPMM,Sun Life Phils - Money Market Fund
2018-09-24,1.082,true,2018-09-23,1.0743,0.8952,Money Market,PHP,N,1,A,SLPMM,Sun Life Phils - Money Market Fund
2018-09-21,1.0818,true,2018-09-20,1.0556,0.8765,Money Market,PHP,N,1,A,SLPMM,Sun Life Phils - Money Market Fund
2018-09-20,1.0818,true,2018-09-19,1.0556,0.8765,Money Market,PHP,N,1,A,SLPMM,Sun Life Phils - Money Market Fund
2018-09-19,1.0816,true,2018-09-18,1.0369,0.8579,Money Market,PHP,N,1,A,SLPMM,Sun Life Phils - Money Market Fund
2018-09-18,1.0816,true,2018-09-17,1.0463,0.8579,Money Market,PHP,N,1,A,SLPMM,Sun Life Phils - Money Market Fund
2018-09-17,1.0815,true,2018-09-16,1.037,0.8486,Money Market,PHP,N,1,A,SLPMM,Sun Life Phils - Money Market Fund
2018-09-14,1.0814,true,2018-09-13,1.0277,0.8392,Money Market,PHP,N,1,A,SLPMM,Sun Life Phils - Money Market Fund
2018-09-13,1.0813,true,2018-09-12,1.0183,0.8299,Money Market,PHP,N,1,A,SLPMM,Sun Life Phils - Money Market Fund
2018-09-12,1.0813,true,2018-09-11,1.0277,0.8299,Money Market,PHP,N,1,A,SLPMM,Sun Life Phils - Money Market Fund
2018-09-11,1.0812,true,2018-09-10,1.0184,0.8206,Money Market,PHP,N,1,A,SLPMM,Sun Life Phils - Money Market Fund
2018-09-10,1.0812,true,2018-09-09,1.0184,0.8206,Money Market,PHP,N,1,A,SLPMM,Sun Life Phils - Money Market Fund
2018-09-07,1.081,true,2018-09-06,1.0092,0.8019,Money Market,PHP,N,1,A,SLPMM,Sun Life Phils - Money Market Fund
2018-09-06,1.081,true,2018-09-05,1.0092,0.8019,Money Market,PHP,N,1,A,SLPMM,Sun Life Phils - Money Market Fund
2018-09-05,1.0809,true,2018-09-04,0.9998,0.7926,Money Market,PHP,N,1,A,SLPMM,Sun Life Phils - Money Market Fund
2018-09-04,1.0809,true,2018-09-03,0.9998,0.7926,Money Market,PHP,N,1,A,SLPMM,Sun Life Phils - Money Market Fund
2018-09-03,1.0808,true,2018-09-02,0.9999,0.7833,Money Market,PHP,N,1,A,SLPMM,Sun Life Phils - Money Market Fund
2018-08-31,1.0807,true,2018-08-30,0.9906,0.774,Money Market,PHP,N,1,A,SLPMM,Sun Life Phils - Money Market Fund
2018-08-30,1.0806,true,2018-08-29,0.9812,0.7646,Money Market,PHP,N,1,A,SLPMM,Sun Life Phils - Money Market Fund
2018-08-29,1.0806,true,2018-08-28,0.9907,0.7646,Money Market,PHP,N,1,A,SLPMM,Sun Life Phils - Money Market Fund
2018-08-28,1.0805,true,2018-08-27,0.9813,0.7553,Money Market,PHP,N,1,A,SLPMM,Sun Life Phils - Money Market Fund
2018-08-24,1.0803,true,2018-08-23,0.9626,0.7367,Money Market,PHP,N,1,A,SLPMM,Sun Life Phils - Money Market Fund
2018-08-23,1.0803,true,2018-08-22,0.9721,0.7367,Money Market,PHP,N,1,A,SLPMM,Sun Life Phils - Money Market Fund
2018-08-22,1.0802,true,2018-08-21,0.9627,0.7273,Money Market,PHP,N,1,A,SLPMM,Sun Life Phils - Money Market Fund
2018-08-20,1.0801,true,2018-08-19,0.9534,0.718,Money Market,PHP,N,1,A,SLPMM,Sun Life Phils - Money Market Fund
2018-08-17,1.0799,true,2018-08-16,0.9441,0.6994,Money Market,PHP,N,1,A,SLPMM,Sun Life Phils - Money Market Fund
2018-08-16,1.0799,true,2018-08-15,0.9441,0.6994,Money Market,PHP,N,1,A,SLPMM,Sun Life Phils - Money Market Fund
2018-08-15,1.0799,true,2018-08-14,0.9441,0.6994,Money Market,PHP,N,1,A,SLPMM,Sun Life Phils - Money Market Fund
2018-08-14,1.0798,true,2018-08-13,0.9442,0.69,Money Market,PHP,N,1,A,SLPMM,Sun Life Phils - Money Market Fund
2018-08-13,1.0797,true,2018-08-12,0.9348,0.6807,Money Market,PHP,N,1,A,SLPMM,Sun Life Phils - Money Market Fund
2018-08-10,1.0796,true,2018-08-09,0.9255,0.6714,Money Market,PHP,N,1,A,SLPMM,Sun Life Phils - Money Market Fund
2018-08-09,1.0795,true,2018-08-08,0.9161,0.6621,Money Market,PHP,N,1,A,SLPMM,Sun Life Phils - Money Market Fund
2018-08-08,1.0795,true,2018-08-07,0.9256,0.6621,Money Market,PHP,N,1,A,SLPMM,Sun Life Phils - Money Market Fund
2018-08-07,1.0794,true,2018-08-06,0.9162,0.6527,Money Market,PHP,N,1,A,SLPMM,Sun Life Phils - Money Market Fund
2018-08-06,1.0794,true,2018-08-05,0.9162,0.6527,Money Market,PHP,N,1,A,SLPMM,Sun Life Phils - Money Market Fund
2018-08-03,1.0792,true,2018-08-02,0.907,0.6341,Money Market,PHP,N,1,A,SLPMM,Sun Life Phils - Money Market Fund
2018-08-02,1.0792,true,2018-08-01,0.907,0.6341,Money Market,PHP,N,1,A,SLPMM,Sun Life Phils - Money Market Fund
2018-08-01,1.0791,true,2018-07-31,0.8976,0.6248,Money Market,PHP,N,1,A,SLPMM,Sun Life Phils - Money Market Fund
2018-07-31,1.079,true,2018-07-30,0.8883,0.6154,Money Market,PHP,N,1,A,SLPMM,Sun Life Phils - Money Market Fund
2018-07-30,1.0789,true,2018-07-29,0.8789,0.6061,Money Market,PHP,N,1,A,SLPMM,Sun Life Phils - Money Market Fund
2018-07-27,1.0788,true,2018-07-26,0.879,0.5968,Money Market,PHP,N,1,A,SLPMM,Sun Life Phils - Money Market Fund
2018-07-26,1.0788,true,2018-07-25,0.879,0.5968,Money Market,PHP,N,1,A,SLPMM,Sun Life Phils - Money Market Fund
2018-07-25,1.0787,true,2018-07-24,0.8696,0.5875,Money Market,PHP,N,1,A,SLPMM,Sun Life Phils - Money Market Fund
2018-07-24,1.0787,true,2018-07-23,0.8696,0.5875,Money Market,PHP,N,1,A,SLPMM,Sun Life Phils - Money Market Fund
2018-07-23,1.0786,true,2018-07-22,0.8697,0.5781,Money Market,PHP,N,1,A,SLPMM,Sun Life Phils - Money Market Fund
2018-07-20,1.0784,true,2018-07-19,0.851,0.5595,Money Market,PHP,N,1,A,SLPMM,Sun Life Phils - Money Market Fund
2018-07-19,1.0784,true,2018-07-18,0.851,0.5595,Money Market,PHP,N,1,A,SLPMM,Sun Life Phils - Money Market Fund
2018-07-18,1.0784,true,2018-07-17,0.8605,0.5595,Money Market,PHP,N,1,A,SLPMM,Sun Life Phils - Money Market Fund
2018-07-17,1.0783,true,2018-07-16,0.8511,0.5502,Money Market,PHP,N,1,A,SLPMM,Sun Life Phils - Money Market Fund
2018-07-16,1.0782,true,2018-07-15,0.8418,0.5408,Money Market,PHP,N,1,A,SLPMM,Sun Life Phils - Money Market Fund
2018-07-13,1.0781,true,2018-07-12,0.8324,0.5315,Money Market,PHP,N,1,A,SLPMM,Sun Life Phils - Money Market Fund
2018-07-12,1.0781,true,2018-07-11,0.8324,0.5315,Money Market,PHP,N,1,A,SLPMM,Sun Life Phils - Money Market Fund
2018-07-11,1.078,true,2018-07-10,0.8325,0.5222,Money Market,PHP,N,1,A,SLPMM,Sun Life Phils - Money Market Fund
2018-07-10,1.0779,true,2018-07-09,0.8231,0.5129,Money Market,PHP,N,1,A,SLPMM,Sun Life Phils - Money Market Fund
2018-07-09,1.0779,true,2018-07-08,0.8231,0.5129,Money Market,PHP,N,1,A,SLPMM,Sun Life Phils - Money Market Fund
2018-07-06,1.0778,true,2018-07-05,0.8138,0.5035,Money Market,PHP,N,1,A,SLPMM,Sun Life Phils - Money Market Fund
2018-07-05,1.0777,true,2018-07-04,0.8138,0.4942,Money Market,PHP,N,1,A,SLPMM,Sun Life Phils - Money Market Fund
2018-07-04,1.0777,true,2018-07-03,0.8138,0.4942,Money Market,PHP,N,1,A,SLPMM,Sun Life Phils - Money Market Fund
2018-07-03,1.0776,true,2018-07-02,0.8045,0.4849,Money Market,PHP,N,1,A,SLPMM,Sun Life Phils - Money Market Fund
2018-07-02,1.0776,true,2018-07-01,0.8139,0.4849,Money Market,PHP,N,1,A,SLPMM,Sun Life Phils - Money Market Fund
2018-06-29,1.0775,true,2018-06-28,0.8046,0.4756,Money Market,PHP,N,1,A,SLPMM,Sun Life Phils - Money Market Fund
2018-06-28,1.0774,true,2018-06-27,0.7952,0.4662,Money Market,PHP,N,1,A,SLPMM,Sun Life Phils - Money Market Fund
2018-06-27,1.0774,true,2018-06-26,0.7952,0.4662,Money Market,PHP,N,1,A,SLPMM,Sun Life Phils - Money Market Fund
2018-06-26,1.0774,true,2018-06-25,0.8046,0.4662,Money Market,PHP,N,1,A,SLPMM,Sun Life Phils - Money Market Fund
2018-06-25,1.0773,true,2018-06-24,0.7953,0.4569,Money Market,PHP,N,1,A,SLPMM,Sun Life Phils - Money Market Fund
2018-06-22,1.0773,true,2018-06-21,0.7953,0.4569,Money Market,PHP,N,1,A,SLPMM,Sun Life Phils - Money Market Fund
2018-06-21,1.0772,true,2018-06-20,0.7859,0.4476,Money Market,PHP,N,1,A,SLPMM,Sun Life Phils - Money Market Fund
2018-06-20,1.0772,true,2018-06-19,0.7859,0.4476,Money Market,PHP,N,1,A,SLPMM,Sun Life Phils - Money Market Fund
2018-06-19,1.0772,true,2018-06-18,0.7954,0.4476,Money Market,PHP,N,1,A,SLPMM,Sun Life Phils - Money Market Fund
2018-06-18,1.0771,true,2018-06-17,0.786,0.4383,Money Market,PHP,N,1,A,SLPMM,Sun Life Phils - Money Market Fund
2018-06-14,1.077,true,2018-06-13,0.7766,0.4289,Money Market,PHP,N,1,A,SLPMM,Sun Life Phils - Money Market Fund
2018-06-13,1.077,true,2018-06-12,0.7861,0.4289,Money Market,PHP,N,1,A,SLPMM,Sun Life Phils - Money Market Fund
2018-06-11,1.0769,true,2018-06-10,0.7767,0.4196,Money Market,PHP,N,1,A,SLPMM,Sun Life Phils - Money Market Fund
2018-06-08,1.0769,true,2018-06-07,0.7767,0.4196,Money Market,PHP,N,1,A,SLPMM,Sun Life Phils - Money Market Fund
2018-06-07,1.0768,true,2018-06-06,0.7768,0.4103,Money Market,PHP,N,1,A,SLPMM,Sun Life Phils - Money Market Fund
2018-06-06,1.0768,true,2018-06-05,0.7768,0.4103,Money Market,PHP,N,1,A,SLPMM,Sun Life Phils - Money Market Fund
2018-06-05,1.0768,true,2018-06-04,0.7768,0.4103,Money Market,PHP,N,1,A,SLPMM,Sun Life Phils - Money Market Fund
2018-06-04,1.0767,true,2018-06-03,0.7769,0.401,Money Market,PHP,N,1,A,SLPMM,Sun Life Phils - Money Market Fund
2018-06-01,1.0767,true,2018-05-31,0.7769,0.401,Money Market,PHP,N,1,A,SLPMM,Sun Life Phils - Money Market Fund
2018-05-31,1.0766,true,2018-05-30,0.7675,0.3916,Money Market,PHP,N,1,A,SLPMM,Sun Life Phils - Money Market Fund
2018-05-30,1.0766,true,2018-05-29,0.7675,0.3916,Money Market,PHP,N,1,A,SLPMM,Sun Life Phils - Money Market Fund
2018-05-29,1.0766,true,2018-05-28,0.7769,0.3916,Money Market,PHP,N,1,A,SLPMM,Sun Life Phils - Money Market Fund
2018-05-28,1.0766,true,2018-05-27,0.7769,0.3916,Money Market,PHP,N,1,A,SLPMM,Sun Life Phils - Money Market Fund
2018-05-25,1.0765,true,2018-05-24,0.7676,0.3823,Money Market,PHP,N,1,A,SLPMM,Sun Life Phils - Money Market Fund
2018-05-24,1.0765,true,2018-05-23,0.7676,0.3823,Money Market,PHP,N,1,A,SLPMM,Sun Life Phils - Money Market Fund
2018-05-23,1.0764,true,2018-05-22,0.7582,0.373,Money Market,PHP,N,1,A,SLPMM,Sun Life Phils - Money Market Fund
2018-05-22,1.0764,true,2018-05-21,0.7676,0.373,Money Market,PHP,N,1,A,SLPMM,Sun Life Phils - Money Market Fund
2018-05-21,1.0764,true,2018-05-20,0.7676,0.373,Money Market,PHP,N,1,A,SLPMM,Sun Life Phils - Money Market Fund
2018-05-18,1.0762,true,2018-05-17,0.7489,0.3543,Money Market,PHP,N,1,A,SLPMM,Sun Life Phils - Money Market Fund
2018-05-17,1.0762,true,2018-05-16,0.7489,0.3543,Money Market,PHP,N,1,A,SLPMM,Sun Life Phils - Money Market Fund
2018-05-16,1.0762,true,2018-05-15,0.7489,0.3543,Money Market,PHP,N,1,A,SLPMM,Sun Life Phils - Money Market Fund
2018-05-15,1.0761,true,2018-05-14,0.749,0.345,Money Market,PHP,N,1,A,SLPMM,Sun Life Phils - Money Market Fund
2018-05-11,1.076,true,2018-05-10,0.7396,0.3357,Money Market,PHP,N,1,A,SLPMM,Sun Life Phils - Money Market Fund
2018-05-10,1.076,true,2018-05-09,0.7396,0.3357,Money Market,PHP,N,1,A,SLPMM,Sun Life Phils - Money Market Fund
2018-05-09,1.076,true,2018-05-08,0.7491,0.3357,Money Market,PHP,N,1,A,SLPMM,Sun Life Phils - Money Market Fund
2018-05-08,1.0759,true,2018-05-07,0.7397,0.3264,Money Market,PHP,N,1,A,SLPMM,Sun Life Phils - Money Market Fund
2018-05-07,1.0759,true,2018-05-06,0.7397,0.3264,Money Market,PHP,N,1,A,SLPMM,Sun Life Phils - Money Market Fund
2018-05-04,1.0759,true,2018-05-03,0.7491,0.3264,Money Market,PHP,N,1,A,SLPMM,Sun Life Phils - Money Market Fund
2018-05-03,1.0758,true,2018-05-02,0.7398,0.317,Money Market,PHP,N,1,A,SLPMM,Sun Life Phils - Money Market Fund
2018-05-02,1.0758,true,2018-05-01,0.7398,0.317,Money Market,PHP,N,1,A,SLPMM,Sun Life Phils - Money Market Fund
2018-04-30,1.0757,true,2018-04-29,0.7398,0.3077,Money Market,PHP,N,1,A,SLPMM,Sun Life Phils - Money Market Fund
2018-04-27,1.0757,true,2018-04-26,0.7398,0.3077,Money Market,PHP,N,1,A,SLPMM,Sun Life Phils - Money Market Fund
2018-04-26,1.0757,true,2018-04-25,0.7398,0.3077,Money Market,PHP,N,1,A,SLPMM,Sun Life Phils - Money Market Fund
2018-04-25,1.0756,true,2018-04-24,0.7305,0.2984,Money Market,PHP,N,1,A,SLPMM,Sun Life Phils - Money Market Fund
2018-04-24,1.0756,true,2018-04-23,0.7305,0.2984,Money Market,PHP,N,1,A,SLPMM,Sun Life Phils - Money Market Fund
2018-04-23,1.0756,true,2018-04-22,0.7399,0.2984,Money Market,PHP,N,1,A,SLPMM,Sun Life Phils - Money Market Fund
2018-04-20,1.0755,true,2018-04-19,0.7305,0.2891,Money Market,PHP,N,1,A,SLPMM,Sun Life Phils - Money Market Fund
2018-04-19,1.0755,true,2018-04-18,0.7305,0.2891,Money Market,PHP,N,1,A,SLPMM,Sun Life Phils - Money Market Fund
2018-04-18,1.0755,true,2018-04-17,0.7305,0.2891,Money Market,PHP,N,1,A,SLPMM,Sun Life Phils - Money Market Fund
2018-04-17,1.0754,true,2018-04-16,0.7306,0.2797,Money Market,PHP,N,1,A,SLPMM,Sun Life Phils - Money Market Fund
2018-04-16,1.0754,true,2018-04-15,0.7306,0.2797,Money Market,PHP,N,1,A,SLPMM,Sun Life Phils - Money Market Fund
2018-04-13,1.0753,true,2018-04-12,0.7212,0.2704,Money Market,PHP,N,1,A,SLPMM,Sun Life Phils - Money Market Fund
2018-04-12,1.0753,true,2018-04-11,0.7212,0.2704,Money Market,PHP,N,1,A,SLPMM,Sun Life Phils - Money Market Fund
2018-04-11,1.0753,true,2018-04-10,0.7212,0.2704,Money Market,PHP,N,1,A,SLPMM,Sun Life Phils - Money Market Fund
2018-04-10,1.0753,true,2018-04-09,0.7212,0.2704,Money Market,PHP,N,1,A,SLPMM,Sun Life Phils - Money Market Fund
2018-04-06,1.0752,true,2018-04-05,0.7213,0.2611,Money Market,PHP,N,1,A,SLPMM,Sun Life Phils - Money Market Fund
2018-04-05,1.0751,true,2018-04-04,0.7119,0.2518,Money Market,PHP,N,1,A,SLPMM,Sun Life Phils - Money Market Fund
2018-04-04,1.0751,true,2018-04-03,0.7119,0.2518,Money Market,PHP,N,1,A,SLPMM,Sun Life Phils - Money Market Fund
2018-04-03,1.0751,true,2018-04-02,0.7119,0.2518,Money Market,PHP,N,1,A,SLPMM,Sun Life Phils - Money Market Fund
2018-04-02,1.075,true,2018-04-01,0.7026,0.2424,Money Market,PHP,N,1,A,SLPMM,Sun Life Phils - Money Market Fund
2018-03-28,1.0749,true,2018-03-27,0.7026,0.2331,Money Market,PHP,N,1,A,SLPMM,Sun Life Phils - Money Market Fund
2018-03-27,1.0749,true,2018-03-26,0.7026,0.2331,Money Market,PHP,N,1,A,SLPMM,Sun Life Phils - Money Market Fund
2018-03-26,1.0749,true,2018-03-25,0.7026,0.2331,Money Market,PHP,N,1,A,SLPMM,Sun Life Phils - Money Market Fund
2018-03-23,1.0748,true,2018-03-22,0.6933,0.2238,Money Market,PHP,N,1,A,SLPMM,Sun Life Phils - Money Market Fund
2018-03-22,1.0748,true,2018-03-21,0.6933,0.2238,Money Market,PHP,N,1,A,SLPMM,Sun Life Phils - Money Market Fund
2018-03-21,1.0748,true,2018-03-20,0.6933,0.2238,Money Market,PHP,N,1,A,SLPMM,Sun Life Phils - Money Market Fund
2018-03-20,1.0747,true,2018-03-19,0.6933,0.2145,Money Market,PHP,N,1,A,SLPMM,Sun Life Phils - Money Market Fund
2018-03-19,1.0747,true,2018-03-18,0.6933,0.2145,Money Market,PHP,N,1,A,SLPMM,Sun Life Phils - Money Market Fund
2018-03-16,1.0747,true,2018-03-15,0.6933,0.2145,Money Market,PHP,N,1,A,SLPMM,Sun Life Phils - Money Market Fund
2018-03-15,1.0746,true,2018-03-14,0.684,0.2051,Money Market,PHP,N,1,A,SLPMM,Sun Life Phils - Money Market Fund
2018-03-14,1.0746,true,2018-03-13,0.684,0.2051,Money Market,PHP,N,1,A,SLPMM,Sun Life Phils - Money Market Fund
2018-03-13,1.0746,true,2018-03-12,0.684,0.2051,Money Market,PHP,N,1,A,SLPMM,Sun Life Phils - Money Market Fund
2018-03-12,1.0746,true,2018-03-11,0.684,0.2051,Money Market,PHP,N,1,A,SLPMM,Sun Life Phils - Money Market Fund
2018-03-09,1.0745,true,2018-03-08,0.6746,0.1958,Money Market,PHP,N,1,A,SLPMM,Sun Life Phils - Money Market Fund
2018-03-08,1.0745,true,2018-03-07,0.6746,0.1958,Money Market,PHP,N,1,A,SLPMM,Sun Life Phils - Money Market Fund
2018-03-07,1.0745,true,2018-03-06,0.6746,0.1958,Money Market,PHP,N,1,A,SLPMM,Sun Life Phils - Money Market Fund
2018-03-06,1.0744,true,2018-03-05,0.6747,0.1865,Money Market,PHP,N,1,A,SLPMM,Sun Life Phils - Money Market Fund
2018-03-05,1.0744,true,2018-03-04,0.6747,0.1865,Money Market,PHP,N,1,A,SLPMM,Sun Life Phils - Money Market Fund
2018-03-02,1.0743,true,2018-03-01,0.6653,0.1772,Money Market,PHP,N,1,A,SLPMM,Sun Life Phils - Money Market Fund
2018-03-01,1.0743,true,2018-02-28,0.6653,0.1772,Money Market,PHP,N,1,A,SLPMM,Sun Life Phils - Money Market Fund
2018-02-28,1.0742,true,2018-02-27,0.6654,0.1678,Money Market,PHP,N,1,A,SLPMM,Sun Life Phils - Money Market Fund
2018-02-27,1.0742,true,2018-02-26,0.6654,0.1678,Money Market,PHP,N,1,A,SLPMM,Sun Life Phils - Money Market Fund
2018-02-26,1.0741,true,2018-02-25,0.656,0.1585,Money Market,PHP,N,1,A,SLPMM,Sun Life Phils - Money Market Fund
2018-02-23,1.074,true,2018-02-22,0.6466,0.1492,Money Market,PHP,N,1,A,SLPMM,Sun Life Phils - Money Market Fund
2018-02-22,1.074,true,2018-02-21,0.6466,0.1492,Money Market,PHP,N,1,A,SLPMM,Sun Life Phils - Money Market Fund
2018-02-21,1.074,true,2018-02-20,0.6466,0.1492,Money Market,PHP,N,1,A,SLPMM,Sun Life Phils - Money Market Fund
2018-02-20,1.0739,true,2018-02-19,0.6467,0.1399,Money Market,PHP,N,1,A,SLPMM,Sun Life Phils - Money Market Fund
2018-02-19,1.0739,true,2018-02-18,0.6467,0.1399,Money Market,PHP,N,1,A,SLPMM,Sun Life Phils - Money Market Fund
2018-02-15,1.0738,true,2018-02-14,0.6467,0.1305,Money Market,PHP,N,1,A,SLPMM,Sun Life Phils - Money Market Fund
2018-02-14,1.0737,true,2018-02-13,0.6374,0.1212,Money Market,PHP,N,1,A,SLPMM,Sun Life Phils - Money Market Fund
2018-02-13,1.0737,true,2018-02-12,0.6374,0.1212,Money Market,PHP,N,1,A,SLPMM,Sun Life Phils - Money Market Fund
2018-02-12,1.0737,true,2018-02-11,0.6374,0.1212,Money Market,PHP,N,1,A,SLPMM,Sun Life Phils - Money Market Fund
2018-02-09,1.0736,true,2018-02-08,0.6374,0.1119,Money Market,PHP,N,1,A,SLPMM,Sun Life Phils - Money Market Fund
2018-02-08,1.0735,true,2018-02-07,0.628,0.1026,Money Market,PHP,N,1,A,SLPMM,Sun Life Phils - Money Market Fund
2018-02-07,1.0735,true,2018-02-06,0.628,0.1026,Money Market,PHP,N,1,A,SLPMM,Sun Life Phils - Money Market Fund
2018-02-06,1.0735,true,2018-02-05,0.628,0.1026,Money Market,PHP,N,1,A,SLPMM,Sun Life Phils - Money Market Fund
2018-02-05,1.0735,true,2018-02-04,0.6375,0.1026,Money Market,PHP,N,1,A,SLPMM,Sun Life Phils - Money Market Fund
2018-02-02,1.0734,true,2018-02-01,0.6281,0.0932,Money Market,PHP,N,1,A,SLPMM,Sun Life Phils - Money Market Fund
2018-02-01,1.0734,true,2018-01-31,0.6281,0.0932,Money Market,PHP,N,1,A,SLPMM,Sun Life Phils - Money Market Fund
2018-01-31,1.0734,true,2018-01-30,0.6281,0.0932,Money Market,PHP,N,1,A,SLPMM,Sun Life Phils - Money Market Fund
2018-01-30,1.0733,true,2018-01-29,0.6187,0.0839,Money Market,PHP,N,1,A,SLPMM,Sun Life Phils - Money Market Fund
2018-01-29,1.0733,true,2018-01-28,0.6282,0.0839,Money Market,PHP,N,1,A,SLPMM,Sun Life Phils - Money Market Fund
2018-01-26,1.0732,true,2018-01-25,0.6188,0.0746,Money Market,PHP,N,1,A,SLPMM,Sun Life Phils - Money Market Fund
2018-01-25,1.0732,true,2018-01-24,0.6188,0.0746,Money Market,PHP,N,1,A,SLPMM,Sun Life Phils - Money Market Fund
2018-01-24,1.0732,true,2018-01-23,0.6188,0.0746,Money Market,PHP,N,1,A,SLPMM,Sun Life Phils - Money Market Fund
2018-01-23,1.0732,true,2018-01-22,0.6282,0.0746,Money Market,PHP,N,1,A,SLPMM,Sun Life Phils - Money Market Fund
2018-01-22,1.0731,true,2018-01-21,0.6188,0.0653,Money Market,PHP,N,1,A,SLPMM,Sun Life Phils - Money Market Fund
2018-01-19,1.0731,true,2018-01-18,0.6188,0.0653,Money Market,PHP,N,1,A,SLPMM,Sun Life Phils - Money Market Fund
2018-01-18,1.0731,true,2018-01-17,0.6283,0.0653,Money Market,PHP,N,1,A,SLPMM,Sun Life Phils - Money Market Fund
2018-01-17,1.073,true,2018-01-16,0.6189,0.0559,Money Market,PHP,N,1,A,SLPMM,Sun Life Phils - Money Market Fund
2018-01-16,1.073,true,2018-01-15,0.6189,0.0559,Money Market,PHP,N,1,A,SLPMM,Sun Life Phils - Money Market Fund
2018-01-15,1.073,true,2018-01-14,0.6283,0.0559,Money Market,PHP,N,1,A,SLPMM,Sun Life Phils - Money Market Fund
2018-01-12,1.0729,true,2018-01-11,0.619,0.0466,Money Market,PHP,N,1,A,SLPMM,Sun Life Phils - Money Market Fund
2018-01-11,1.0729,true,2018-01-10,0.619,0.0466,Money Market,PHP,N,1,A,SLPMM,Sun Life Phils - Money Market Fund
2018-01-10,1.0728,true,2018-01-09,0.6096,0.0373,Money Market,PHP,N,1,A,SLPMM,Sun Life Phils - Money Market Fund
2018-01-09,1.0728,true,2018-01-08,0.619,0.0373,Money Market,PHP,N,1,A,SLPMM,Sun Life Phils - Money Market Fund
2018-01-08,1.0728,true,2018-01-07,0.619,0.0373,Money Market,PHP,N,1,A,SLPMM,Sun Life Phils - Money Market Fund
2018-01-05,1.0727,true,2018-01-04,0.6096,0.028,Money Market,PHP,N,1,A,SLPMM,Sun Life Phils - Money Market Fund
2018-01-04,1.0727,true,2018-01-03,0.6096,0.028,Money Market,PHP,N,1,A,SLPMM,Sun Life Phils - Money Market Fund
2018-01-03,1.0725,true,2018-01-02,0.6003,0.0093,Money Market,PHP,N,1,A,SLPMM,Sun Life Phils - Money Market Fund
2018-01-02,1.0725,true,2018-01-01,0.6098,0.0093,Money Market,PHP,N,1,A,SLPMM,Sun Life Phils - Money Market Fund
2017-12-29,1.0724,true,2017-12-28,0.6004,0.6004,Money Market,PHP,N,1,A,SLPMM,Sun Life Phils - Money Market Fund
2017-12-28,1.0724,true,2017-12-27,0.6004,0.6004,Money Market,PHP,N,1,A,SLPMM,Sun Life Phils - Money Market Fund
2017-12-27,1.0723,true,2017-12-26,0.591,0.591,Money Market,PHP,N,1,A,SLPMM,Sun Life Phils - Money Market Fund
2017-12-26,1.0723,true,2017-12-25,0.591,0.591,Money Market,PHP,N,1,A,SLPMM,Sun Life Phils - Money Market Fund
2017-12-22,1.0722,true,2017-12-21,0.5816,0.5816,Money Market,PHP,N,1,A,SLPMM,Sun Life Phils - Money Market Fund
2017-12-21,1.0722,true,2017-12-20,0.5816,0.5816,Money Market,PHP,N,1,A,SLPMM,Sun Life Phils - Money Market Fund
2017-12-20,1.0722,true,2017-12-19,0.5816,0.5816,Money Market,PHP,N,1,A,SLPMM,Sun Life Phils - Money Market Fund
2017-12-19,1.0721,true,2017-12-18,0.5817,0.5722,Money Market,PHP,N,1,A,SLPMM,Sun Life Phils - Money Market Fund
2017-12-18,1.0721,true,2017-12-17,0.5817,0.5722,Money Market,PHP,N,1,A,SLPMM,Sun Life Phils - Money Market Fund
2017-12-15,1.072,true,2017-12-14,0.5723,0.5629,Money Market,PHP,N,1,A,SLPMM,Sun Life Phils - Money Market Fund
2017-12-14,1.072,true,2017-12-13,0.5723,0.5629,Money Market,PHP,N,1,A,SLPMM,Sun Life Phils - Money Market Fund
2017-12-13,1.072,true,2017-12-12,0.5723,0.5629,Money Market,PHP,N,1,A,SLPMM,Sun Life Phils - Money Market Fund
2017-12-12,1.0719,true,2017-12-11,0.5629,0.5535,Money Market,PHP,N,1,A,SLPMM,Sun Life Phils - Money Market Fund
2017-12-11,1.0719,true,2017-12-10,0.5723,0.5535,Money Market,PHP,N,1,A,SLPMM,Sun Life Phils - Money Market Fund
2017-12-08,1.0718,true,2017-12-07,0.563,0.5441,Money Market,PHP,N,1,A,SLPMM,Sun Life Phils - Money Market Fund
2017-12-07,1.0717,true,2017-12-06,0.5536,0.5347,Money Market,PHP,N,1,A,SLPMM,Sun Life Phils - Money Market Fund
2017-12-06,1.0718,true,2017-12-05,0.563,0.5441,Money Market,PHP,N,1,A,SLPMM,Sun Life Phils - Money Market Fund
2017-12-05,1.0718,true,2017-12-04,0.563,0.5441,Money Market,PHP,N,1,A,SLPMM,Sun Life Phils - Money Market Fund
2017-12-04,1.0717,true,2017-12-04,0.5536,0.5347,Money Market,PHP,N,1,A,SLPMM,Sun Life Phils - Money Market Fund
2017-12-01,1.0717,true,2017-12-01,0.563,0.5347,Money Market,PHP,N,1,A,SLPMM,Sun Life Phils - Money Market Fund
2017-11-29,1.0717,true,2017-11-29,0.563,0.5347,Money Market,PHP,N,1,A,SLPMM,Sun Life Phils - Money Market Fund
2017-11-28,1.0717,false,2017-11-28,0.563,0.5347,Money Market,PHP,N,1,A,SLPMM,Sun Life Phils - Money Market Fund
2017-11-27,1.0716,true,2017-11-27,0.5536,0.5253,Money Market,PHP,N,1,A,SLPMM,Sun Life Phils - Money Market Fund
2017-11-24,1.0716,true,2017-11-24,0.5536,0.5253,Money Market,PHP,N,1,A,SLPMM,Sun Life Phils - Money Market Fund
2017-11-23,1.0716,true,2017-11-23,0.5536,0.5253,Money Market,PHP,N,1,A,SLPMM,Sun Life Phils - Money Market Fund
2017-11-22,1.0716,true,2017-11-22,0.5536,0.5253,Money Market,PHP,N,1,A,SLPMM,Sun Life Phils - Money Market Fund
2017-11-21,1.0716,true,2017-11-21,0.5536,0.5253,Money Market,PHP,N,1,A,SLPMM,Sun Life Phils - Money Market Fund
2017-11-20,1.0715,true,2017-11-20,0.5442,0.5159,Money Market,PHP,N,1,A,SLPMM,Sun Life Phils - Money Market Fund
2017-11-17,1.0715,true,2017-11-17,0.5442,0.5159,Money Market,PHP,N,1,A,SLPMM,Sun Life Phils - Money Market Fund
2017-11-16,1.0715,true,2017-11-16,0.5537,0.5159,Money Market,PHP,N,1,A,SLPMM,Sun Life Phils - Money Market Fund
2017-11-15,1.0715,true,2017-11-15,0.5537,0.5159,Money Market,PHP,N,1,A,SLPMM,Sun Life Phils - Money Market Fund
2017-11-14,1.0714,false,2017-11-14,0.5443,0.5066,Money Market,PHP,N,1,A,SLPMM,Sun Life Phils - Money Market Fund
2017-11-13,1.0714,true,2017-11-13,0.5443,0.5066,Money Market,PHP,N,1,A,SLPMM,Sun Life Phils - Money Market Fund
2017-11-10,1.0714,true,2017-11-10,0.5537,0.5066,Money Market,PHP,N,1,A,SLPMM,Sun Life Phils - Money Market Fund
2017-11-09,1.0713,true,2017-11-09,0.5443,0.4972,Money Market,PHP,N,1,A,SLPMM,Sun Life Phils - Money Market Fund
2017-11-08,1.0713,true,2017-11-08,0.5443,0.4972,Money Market,PHP,N,1,A,SLPMM,Sun Life Phils - Money Market Fund
2017-11-07,1.0713,false,2017-11-07,0.5443,0.4972,Money Market,PHP,N,1,A,SLPMM,Sun Life Phils - Money Market Fund
2017-11-06,1.0713,true,2017-11-06,0.5443,0.4972,Money Market,PHP,N,1,A,SLPMM,Sun Life Phils - Money Market Fund
2017-11-03,1.0712,true,2017-11-03,0.5444,0.4878,Money Market,PHP,N,1,A,SLPMM,Sun Life Phils - Money Market Fund
2017-11-02,1.0712,true,2017-11-02,0.5444,0.4878,Money Market,PHP,N,1,A,SLPMM,Sun Life Phils - Money Market Fund
2017-10-30,1.0712,false,2017-10-30,0.5444,0.4878,Money Market,PHP,N,1,A,SLPMM,Sun Life Phils - Money Market Fund
2017-10-27,1.0711,false,2017-10-27,0.5444,0.4784,Money Market,PHP,N,1,A,SLPMM,Sun Life Phils - Money Market Fund
2017-10-26,1.0711,false,2017-10-26,0.5444,0.4784,Money Market,PHP,N,1,A,SLPMM,Sun Life Phils - Money Market Fund
2017-10-25,1.0711,false,2017-10-25,0.5444,0.4784,Money Market,PHP,N,1,A,SLPMM,Sun Life Phils - Money Market Fund
2017-10-24,1.0711,true,2017-10-23,0.5444,0.4784,Money Market,PHP,N,1,A,SLPMM,Sun Life Phils - Money Market Fund
2017-10-23,1.0711,true,2017-10-22,0.5444,0.4784,Money Market,PHP,N,1,A,SLPMM,Sun Life Phils - Money Market Fund
2017-10-20,1.071,true,2017-10-19,0.5351,0.469,Money Market,PHP,N,1,A,SLPMM,Sun Life Phils - Money Market Fund
2017-10-19,1.071,true,2017-10-18,0.5351,0.469,Money Market,PHP,N,1,A,SLPMM,Sun Life Phils - Money Market Fund
2017-10-18,1.071,true,2017-10-17,0.5445,0.469,Money Market,PHP,N,1,A,SLPMM,Sun Life Phils - Money Market Fund
2017-10-17,1.071,true,2017-10-16,0.5445,0.469,Money Market,PHP,N,1,A,SLPMM,Sun Life Phils - Money Market Fund
2017-10-16,1.071,true,2017-10-15,0.5445,0.469,Money Market,PHP,N,1,A,SLPMM,Sun Life Phils - Money Market Fund
2017-10-13,1.0709,true,2017-10-12,0.5351,0.4597,Money Market,PHP,N,1,A,SLPMM,Sun Life Phils - Money Market Fund
2017-10-12,1.0709,true,2017-10-11,0.5351,0.4597,Money Market,PHP,N,1,A,SLPMM,Sun Life Phils - Money Market Fund
2017-10-11,1.0709,true,2017-10-10,0.5351,0.4597,Money Market,PHP,N,1,A,SLPMM,Sun Life Phils - Money Market Fund
2017-10-10,1.0709,true,2017-10-09,0.5445,0.4597,Money Market,PHP,N,1,A,SLPMM,Sun Life Phils - Money Market Fund
2017-10-09,1.0708,true,2017-10-08,0.5352,0.4503,Money Market,PHP,N,1,A,SLPMM,Sun Life Phils - Money Market Fund
2017-10-06,1.0708,true,2017-10-05,0.5352,0.4503,Money Market,PHP,N,1,A,SLPMM,Sun Life Phils - Money Market Fund
2017-10-05,1.0708,true,2017-10-04,0.5352,0.4503,Money Market,PHP,N,1,A,SLPMM,Sun Life Phils - Money Market Fund
2017-10-04,1.0707,true,2017-10-03,0.5352,0.4409,Money Market,PHP,N,1,A,SLPMM,Sun Life Phils - Money Market Fund
2017-10-03,1.0707,true,2017-10-02,0.5352,0.4409,Money Market,PHP,N,1,A,SLPMM,Sun Life Phils - Money Market Fund
2017-10-02,1.0707,true,2017-10-01,0.5352,0.4409,Money Market,PHP,N,1,A,SLPMM,Sun Life Phils - Money Market Fund
2017-09-29,1.0706,true,2017-09-28,0.5258,0.4315,Money Market,PHP,N,1,A,SLPMM,Sun Life Phils - Money Market Fund
2017-09-28,1.0706,true,2017-09-27,0.5258,0.4315,Money Market,PHP,N,1,A,SLPMM,Sun Life Phils - Money Market Fund
2017-09-27,1.0706,true,2017-09-26,0.5258,0.4315,Money Market,PHP,N,1,A,SLPMM,Sun Life Phils - Money Market Fund
2017-09-26,1.0706,true,2017-09-25,0.5353,0.4315,Money Market,PHP,N,1,A,SLPMM,Sun Life Phils - Money Market Fund
2017-09-25,1.0706,true,2017-09-24,0.5353,0.4315,Money Market,PHP,N,1,A,SLPMM,Sun Life Phils - Money Market Fund
2017-09-22,1.0705,true,2017-09-21,0.5259,0.4221,Money Market,PHP,N,1,A,SLPMM,Sun Life Phils - Money Market Fund
2017-09-21,1.0705,true,2017-09-20,0.2716,0.4221,Money Market,PHP,N,1,A,SLPMM,Sun Life Phils - Money Market Fund
2017-09-20,1.0705,true,2017-09-19,0.281,0.4221,Money Market,PHP,N,1,A,SLPMM,Sun Life Phils - Money Market Fund
2017-09-19,1.0705,true,2017-09-18,0.281,0.4221,Money Market,PHP,N,1,A,SLPMM,Sun Life Phils - Money Market Fund
2017-09-18,1.0704,true,2017-09-17,0.2717,0.4128,Money Market,PHP,N,1,A,SLPMM,Sun Life Phils - Money Market Fund
2017-09-15,1.0704,true,2017-09-14,0.2717,0.4128,Money Market,PHP,N,1,A,SLPMM,Sun Life Phils - Money Market Fund
2017-09-14,1.0704,true,2017-09-13,0.2717,0.4128,Money Market,PHP,N,1,A,SLPMM,Sun Life Phils - Money Market Fund
2017-09-13,1.0704,true,2017-09-12,0.2811,0.4128,Money Market,PHP,N,1,A,SLPMM,Sun Life Phils - Money Market Fund
2017-09-12,1.0703,true,2017-09-11,0.2717,0.4034,Money Market,PHP,N,1,A,SLPMM,Sun Life Phils - Money Market Fund
2017-09-11,1.0703,true,2017-09-10,0.2717,0.4034,Money Market,PHP,N,1,A,SLPMM,Sun Life Phils - Money Market Fund
2017-09-08,1.0703,true,2017-09-07,0.2717,0.4034,Money Market,PHP,N,1,A,SLPMM,Sun Life Phils - Money Market Fund
2017-09-07,1.0702,true,2017-09-06,0.2623,0.394,Money Market,PHP,N,1,A,SLPMM,Sun Life Phils - Money Market Fund
2017-09-06,1.0702,true,2017-09-05,0.2623,0.394,Money Market,PHP,N,1,A,SLPMM,Sun Life Phils - Money Market Fund
2017-09-05,1.0702,true,2017-09-04,0.2717,0.394,Money Market,PHP,N,1,A,SLPMM,Sun Life Phils - Money Market Fund
2017-09-04,1.0702,true,2017-09-03,0.2717,0.394,Money Market,PHP,N,1,A,SLPMM,Sun Life Phils - Money Market Fund
2017-08-31,1.0701,true,2017-08-30,0.2623,0.3846,Money Market,PHP,N,1,A,SLPMM,Sun Life Phils - Money Market Fund
2017-08-30,1.0701,true,2017-08-29,0.2623,0.3846,Money Market,PHP,N,1,A,SLPMM,Sun Life Phils - Money Market Fund
2017-08-29,1.07,true,2017-08-28,0.2624,0.3752,Money Market,PHP,N,1,A,SLPMM,Sun Life Phils - Money Market Fund
2017-08-25,1.07,true,2017-08-24,0.2624,0.3752,Money Market,PHP,N,1,A,SLPMM,Sun Life Phils - Money Market Fund
2017-08-24,1.07,true,2017-08-23,0.2624,0.3752,Money Market,PHP,N,1,A,SLPMM,Sun Life Phils - Money Market Fund
2017-08-23,1.0699,true,2017-08-22,0.253,0.3659,Money Market,PHP,N,1,A,SLPMM,Sun Life Phils - Money Market Fund
2017-08-22,1.0699,true,2017-08-21,0.253,0.3659,Money Market,PHP,N,1,A,SLPMM,Sun Life Phils - Money Market Fund
2017-08-18,1.0699,true,2017-08-17,0.253,0.3659,Money Market,PHP,N,1,A,SLPMM,Sun Life Phils - Money Market Fund
2017-08-17,1.0698,true,2017-08-16,0.2436,0.3565,Money Market,PHP,N,1,A,SLPMM,Sun Life Phils - Money Market Fund
2017-08-16,1.0698,true,2017-08-15,0.253,0.3565,Money Market,PHP,N,1,A,SLPMM,Sun Life Phils - Money Market Fund
2017-08-15,1.0698,true,2017-08-14,0.253,0.3565,Money Market,PHP,N,1,A,SLPMM,Sun Life Phils - Money Market Fund
2017-08-14,1.0697,true,2017-08-13,0.2437,0.3471,Money Market,PHP,N,1,A,SLPMM,Sun Life Phils - Money Market Fund
2017-08-11,1.0697,true,2017-08-10,0.2437,0.3471,Money Market,PHP,N,1,A,SLPMM,Sun Life Phils - Money Market Fund
2017-08-10,1.0697,true,2017-08-09,0.2437,0.3471,Money Market,PHP,N,1,A,SLPMM,Sun Life Phils - Money Market Fund
2017-08-09,1.0697,true,2017-08-08,0.2437,0.3471,Money Market,PHP,N,1,A,SLPMM,Sun Life Phils - Money Market Fund
2017-08-08,1.0696,true,2017-08-07,0.2437,0.3377,Money Market,PHP,N,1,A,SLPMM,Sun Life Phils - Money Market Fund
2017-08-07,1.0696,true,2017-08-06,0.2437,0.3377,Money Market,PHP,N,1,A,SLPMM,Sun Life Phils - Money Market Fund
2017-08-04,1.0696,true,2017-08-03,0.2437,0.3377,Money Market,PHP,N,1,A,SLPMM,Sun Life Phils - Money Market Fund
2017-08-03,1.0695,true,2017-08-02,0.2343,0.3283,Money Market,PHP,N,1,A,SLPMM,Sun Life Phils - Money Market Fund
2017-08-02,1.0695,true,2017-08-01,0.2343,0.3283,Money Market,PHP,N,1,A,SLPMM,Sun Life Phils - Money Market Fund
2017-08-01,1.0695,true,2017-07-31,0.2343,0.3283,Money Market,PHP,N,1,A,SLPMM,Sun Life Phils - Money Market Fund
2017-07-31,1.0695,true,2017-07-30,0.2437,0.3283,Money Market,PHP,N,1,A,SLPMM,Sun Life Phils - Money Market Fund
2017-07-28,1.0695,true,2017-07-27,0.2437,0.3283,Money Market,PHP,N,1,A,SLPMM,Sun Life Phils - Money Market Fund
2017-07-27,1.0694,true,2017-07-26,0.2343,0.3189,Money Market,PHP,N,1,A,SLPMM,Sun Life Phils - Money Market Fund
2017-07-26,1.0694,true,2017-07-25,0.2343,0.3189,Money Market,PHP,N,1,A,SLPMM,Sun Life Phils - Money Market Fund
2017-07-25,1.0694,true,2017-07-24,0.2343,0.3189,Money Market,PHP,N,1,A,SLPMM,Sun Life Phils - Money Market Fund
2017-07-24,1.0694,true,2017-07-23,0.2343,0.3189,Money Market,PHP,N,1,A,SLPMM,Sun Life Phils - Money Market Fund
2017-07-21,1.0693,true,2017-07-20,0.225,0.3096,Money Market,PHP,N,1,A,SLPMM,Sun Life Phils - Money Market Fund
2017-07-20,1.0693,true,2017-07-19,0.225,0.3096,Money Market,PHP,N,1,A,SLPMM,Sun Life Phils - Money Market Fund
2017-07-19,1.0693,true,2017-07-18,0.2343,0.3096,Money Market,PHP,N,1,A,SLPMM,Sun Life Phils - Money Market Fund
2017-07-18,1.0692,true,2017-07-17,0.225,0.3002,Money Market,PHP,N,1,A,SLPMM,Sun Life Phils - Money Market Fund
2017-07-17,1.0692,true,2017-07-16,0.225,0.3002,Money Market,PHP,N,1,A,SLPMM,Sun Life Phils - Money Market Fund
2017-07-14,1.0692,true,2017-07-13,0.225,0.3002,Money Market,PHP,N,1,A,SLPMM,Sun Life Phils - Money Market Fund
2017-07-13,1.0692,true,2017-07-12,0.225,0.3002,Money Market,PHP,N,1,A,SLPMM,Sun Life Phils - Money Market Fund
2017-07-12,1.0692,true,2017-07-11,0.225,0.3002,Money Market,PHP,N,1,A,SLPMM,Sun Life Phils - Money Market Fund
2017-07-11,1.0691,true,2017-07-10,0.225,0.2908,Money Market,PHP,N,1,A,SLPMM,Sun Life Phils - Money Market Fund
2017-07-10,1.0691,true,2017-07-09,0.225,0.2908,Money Market,PHP,N,1,A,SLPMM,Sun Life Phils - Money Market Fund
2017-07-07,1.0691,true,2017-07-06,0.225,0.2908,Money Market,PHP,N,1,A,SLPMM,Sun Life Phils - Money Market Fund
2017-07-06,1.0691,true,2017-07-05,0.225,0.2908,Money Market,PHP,N,1,A,SLPMM,Sun Life Phils - Money Market Fund
2017-07-05,1.069,true,2017-07-04,0.2156,0.2814,Money Market,PHP,N,1,A,SLPMM,Sun Life Phils - Money Market Fund
2017-07-04,1.069,true,2017-07-03,0.225,0.2814,Money Market,PHP,N,1,A,SLPMM,Sun Life Phils - Money Market Fund
2017-07-03,1.069,true,2017-07-02,0.225,0.2814,Money Market,PHP,N,1,A,SLPMM,Sun Life Phils - Money Market Fund
2017-06-30,1.0689,true,2017-06-29,0.2156,0.272,Money Market,PHP,N,1,A,SLPMM,Sun Life Phils - Money Market Fund
2017-06-29,1.0689,true,2017-06-28,0.2156,0.272,Money Market,PHP,N,1,A,SLPMM,Sun Life Phils - Money Market Fund
2017-06-28,1.0689,true,2017-06-27,0.2156,0.272,Money Market,PHP,N,1,A,SLPMM,Sun Life Phils - Money Market Fund
2017-06-27,1.0689,true,2017-06-26,0.2156,0.272,Money Market,PHP,N,1,A,SLPMM,Sun Life Phils - Money Market Fund
2017-06-23,1.0688,true,2017-06-22,0.2063,0.2627,Money Market,PHP,N,1,A,SLPMM,Sun Life Phils - Money Market Fund
2017-06-22,1.0688,true,2017-06-21,0.2063,0.2627,Money Market,PHP,N,1,A,SLPMM,Sun Life Phils - Money Market Fund
2017-06-21,1.0688,true,2017-06-20,0.2157,0.2627,Money Market,PHP,N,1,A,SLPMM,Sun Life Phils - Money Market Fund
2017-06-20,1.0688,true,2017-06-19,0.2157,0.2627,Money Market,PHP,N,1,A,SLPMM,Sun Life Phils - Money Market Fund
2017-06-19,1.0687,true,2017-06-18,0.2063,0.2533,Money Market,PHP,N,1,A,SLPMM,Sun Life Phils - Money Market Fund
2017-06-16,1.0687,true,2017-06-15,0.2063,0.2533,Money Market,PHP,N,1,A,SLPMM,Sun Life Phils - Money Market Fund
2017-06-15,1.0687,true,2017-06-14,0.2063,0.2533,Money Market,PHP,N,1,A,SLPMM,Sun Life Phils - Money Market Fund
2017-06-14,1.0687,true,2017-06-13,0.2063,0.2533,Money Market,PHP,N,1,A,SLPMM,Sun Life Phils - Money Market Fund
2017-06-13,1.0686,true,2017-06-12,0.2063,0.2439,Money Market,PHP,N,1,A,SLPMM,Sun Life Phils - Money Market Fund
2017-06-09,1.0686,true,2017-06-08,0.2063,0.2439,Money Market,PHP,N,1,A,SLPMM,Sun Life Phils - Money Market Fund
2017-06-08,1.0686,true,2017-06-07,0.2063,0.2439,Money Market,PHP,N,1,A,SLPMM,Sun Life Phils - Money Market Fund
2017-06-07,1.0685,true,2017-06-06,0.1969,0.2345,Money Market,PHP,N,1,A,SLPMM,Sun Life Phils - Money Market Fund
2017-06-06,1.0685,true,2017-06-05,0.2063,0.2345,Money Market,PHP,N,1,A,SLPMM,Sun Life Phils - Money Market Fund
2017-06-05,1.0685,true,2017-06-04,0.2063,0.2345,Money Market,PHP,N,1,A,SLPMM,Sun Life Phils - Money Market Fund
2017-06-02,1.0684,true,2017-06-01,0.1969,0.2251,Money Market,PHP,N,1,A,SLPMM,Sun Life Phils - Money Market Fund
2017-06-01,1.0684,true,2017-05-31,0.1969,0.2251,Money Market,PHP,N,1,A,SLPMM,Sun Life Phils - Money Market Fund
2017-05-31,1.0684,true,2017-05-30,0.1969,0.2251,Money Market,PHP,N,1,A,SLPMM,Sun Life Phils - Money Market Fund
2017-05-30,1.0684,true,2017-05-29,0.1969,0.2251,Money Market,PHP,N,1,A,SLPMM,Sun Life Phils - Money Market Fund
2017-05-29,1.0683,true,2017-05-28,0.197,0.2158,Money Market,PHP,N,1,A,SLPMM,Sun Life Phils - Money Market Fund
2017-05-26,1.0683,true,2017-05-25,0.197,0.2158,Money Market,PHP,N,1,A,SLPMM,Sun Life Phils - Money Market Fund
2017-05-25,1.0683,true,2017-05-24,0.197,0.2158,Money Market,PHP,N,1,A,SLPMM,Sun Life Phils - Money Market Fund
2017-05-24,1.0683,true,2017-05-23,0.197,0.2158,Money Market,PHP,N,1,A,SLPMM,Sun Life Phils - Money Market Fund
2017-05-23,1.0683,true,2017-05-22,0.197,0.2158,Money Market,PHP,N,1,A,SLPMM,Sun Life Phils - Money Market Fund
2017-05-22,1.0682,true,2017-05-21,0.197,0.2064,Money Market,PHP,N,1,A,SLPMM,Sun Life Phils - Money Market Fund
2017-05-19,1.0682,true,2017-05-18,0.197,0.2064,Money Market,PHP,N,1,A,SLPMM,Sun Life Phils - Money Market Fund
2017-05-18,1.0682,true,2017-05-17,0.197,0.2064,Money Market,PHP,N,1,A,SLPMM,Sun Life Phils - Money Market Fund
2017-05-17,1.0682,true,2017-05-16,0.197,0.2064,Money Market,PHP,N,1,A,SLPMM,Sun Life Phils - Money Market Fund
2017-05-16,1.0682,true,2017-05-15,0.197,0.2064,Money Market,PHP,N,1,A,SLPMM,Sun Life Phils - Money Market Fund
2017-05-15,1.0681,true,2017-05-14,0.197,0.197,Money Market,PHP,N,1,A,SLPMM,Sun Life Phils - Money Market Fund
2017-05-12,1.0681,true,2017-05-11,0.197,0.197,Money Market,PHP,N,1,A,SLPMM,Sun Life Phils - Money Market Fund
2017-05-11,1.0681,true,2017-05-10,0.197,0.197,Money Market,PHP,N,1,A,SLPMM,Sun Life Phils - Money Market Fund
2017-05-10,1.0681,true,2017-05-09,0.197,0.197,Money Market,PHP,N,1,A,SLPMM,Sun Life Phils - Money Market Fund
2017-05-09,1.068,true,2017-05-08,0.1876,0.1876,Money Market,PHP,N,1,A,SLPMM,Sun Life Phils - Money Market Fund
2017-05-08,1.068,true,2017-05-07,0.1876,0.1876,Money Market,PHP,N,1,A,SLPMM,Sun Life Phils - Money Market Fund
2017-05-05,1.068,true,2017-05-04,0.1876,0.1876,Money Market,PHP,N,1,A,SLPMM,Sun Life Phils - Money Market Fund
2017-05-04,1.0679,true,2017-05-03,0.1782,0.1782,Money Market,PHP,N,1,A,SLPMM,Sun Life Phils - Money Market Fund
2017-05-03,1.0679,true,2017-05-02,0.1782,0.1782,Money Market,PHP,N,1,A,SLPMM,Sun Life Phils - Money Market Fund
2017-05-02,1.0679,true,2017-05-01,0.1782,0.1782,Money Market,PHP,N,1,A,SLPMM,Sun Life Phils - Money Market Fund
2017-04-27,1.0678,true,2017-04-26,0.1689,0.1689,Money Market,PHP,N,1,A,SLPMM,Sun Life Phils - Money Market Fund
2017-04-26,1.0678,true,2017-04-25,0.1689,0.1689,Money Market,PHP,N,1,A,SLPMM,Sun Life Phils - Money Market Fund
2017-04-25,1.0678,true,2017-04-24,0.1689,0.1689,Money Market,PHP,N,1,A,SLPMM,Sun Life Phils - Money Market Fund
2017-04-24,1.0678,true,2017-04-23,0.1689,0.1689,Money Market,PHP,N,1,A,SLPMM,Sun Life Phils - Money Market Fund
2017-04-21,1.0677,true,2017-04-20,0.1595,0.1595,Money Market,PHP,N,1,A,SLPMM,Sun Life Phils - Money Market Fund
2017-04-20,1.0677,true,2017-04-19,0.1595,0.1595,Money Market,PHP,N,1,A,SLPMM,Sun Life Phils - Money Market Fund
2017-04-19,1.0677,true,2017-04-18,0.1501,0.1595,Money Market,PHP,N,1,A,SLPMM,Sun Life Phils - Money Market Fund
2017-04-18,1.0677,true,2017-04-17,0.1501,0.1595,Money Market,PHP,N,1,A,SLPMM,Sun Life Phils - Money Market Fund
2017-04-17,1.0676,true,2017-04-16,0.1407,0.1501,Money Market,PHP,N,1,A,SLPMM,Sun Life Phils - Money Market Fund
2017-04-12,1.0676,true,2017-04-11,0.1407,0.1501,Money Market,PHP,N,1,A,SLPMM,Sun Life Phils - Money Market Fund
2017-04-11,1.0676,true,2017-04-10,0.1407,0.1501,Money Market,PHP,N,1,A,SLPMM,Sun Life Phils - Money Market Fund
2017-04-10,1.0676,true,2017-04-09,0.1407,0.1501,Money Market,PHP,N,1,A,SLPMM,Sun Life Phils - Money Market Fund
2017-04-07,1.0676,true,2017-04-06,0.1407,0.1501,Money Market,PHP,N,1,A,SLPMM,Sun Life Phils - Money Market Fund
2017-04-06,1.0675,true,2017-04-05,0.1219,0.1407,Money Market,PHP,N,1,A,SLPMM,Sun Life Phils - Money Market Fund
2017-04-05,1.0675,true,2017-04-04,0.1219,0.1407,Money Market,PHP,N,1,A,SLPMM,Sun Life Phils - Money Market Fund
2017-04-04,1.0675,true,2017-04-03,0.1219,0.1407,Money Market,PHP,N,1,A,SLPMM,Sun Life Phils - Money Market Fund
2017-04-03,1.0675,true,2017-04-02,0.1219,0.1407,Money Market,PHP,N,1,A,SLPMM,Sun Life Phils - Money Market Fund
2017-03-31,1.0675,true,2017-03-30,0.1219,0.1407,Money Market,PHP,N,1,A,SLPMM,Sun Life Phils - Money Market Fund
2017-03-30,1.0675,true,2017-03-29,0.1219,0.1407,Money Market,PHP,N,1,A,SLPMM,Sun Life Phils - Money Market Fund
2017-03-29,1.0675,true,2017-03-28,0.1219,0.1407,Money Market,PHP,N,1,A,SLPMM,Sun Life Phils - Money Market Fund
2017-03-28,1.0674,true,2017-03-27,0.1125,0.1313,Money Market,PHP,N,1,A,SLPMM,Sun Life Phils - Money Market Fund
2017-03-27,1.0674,true,2017-03-26,0.1125,0.1313,Money Market,PHP,N,1,A,SLPMM,Sun Life Phils - Money Market Fund
2017-03-24,1.0674,true,2017-03-23,0.1125,0.1313,Money Market,PHP,N,1,A,SLPMM,Sun Life Phils - Money Market Fund
2017-03-23,1.0674,true,2017-03-22,0.1125,0.1313,Money Market,PHP,N,1,A,SLPMM,Sun Life Phils - Money Market Fund
2017-03-22,1.0674,true,2017-03-21,0.1125,0.1313,Money Market,PHP,N,1,A,SLPMM,Sun Life Phils - Money Market Fund
2017-03-21,1.0674,true,2017-03-20,0.1125,0.1313,Money Market,PHP,N,1,A,SLPMM,Sun Life Phils - Money Market Fund
2017-03-20,1.0673,true,2017-03-19,0.1032,0.122,Money Market,PHP,N,1,A,SLPMM,Sun Life Phils - Money Market Fund
2017-03-17,1.0673,true,2017-03-16,0.1032,0.122,Money Market,PHP,N,1,A,SLPMM,Sun Life Phils - Money Market Fund
2017-03-16,1.0673,true,2017-03-15,0.1032,0.122,Money Market,PHP,N,1,A,SLPMM,Sun Life Phils - Money Market Fund
2017-03-15,1.0673,true,2017-03-14,0.1032,0.122,Money Market,PHP,N,1,A,SLPMM,Sun Life Phils - Money Market Fund
2017-03-14,1.0673,true,2017-03-13,0.1032,0.122,Money Market,PHP,N,1,A,SLPMM,Sun Life Phils - Money Market Fund
2017-03-13,1.0673,true,2017-03-12,0.1032,0.122,Money Market,PHP,N,1,A,SLPMM,Sun Life Phils - Money Market Fund
2017-03-10,1.0673,true,2017-03-09,0.1032,0.122,Money Market,PHP,N,1,A,SLPMM,Sun Life Phils - Money Market Fund
2017-03-09,1.0673,true,2017-03-08,0.1032,0.122,Money Market,PHP,N,1,A,SLPMM,Sun Life Phils - Money Market Fund
2017-03-08,1.0673,true,2017-03-07,0.1032,0.122,Money Market,PHP,N,1,A,SLPMM,Sun Life Phils - Money Market Fund
2017-03-07,1.0673,true,2017-03-06,0.1032,0.122,Money Market,PHP,N,1,A,SLPMM,Sun Life Phils - Money Market Fund
2017-03-06,1.0672,true,2017-03-05,0.0938,0.1126,Money Market,PHP,N,1,A,SLPMM,Sun Life Phils - Money Market Fund
2017-03-03,1.0672,true,2017-03-02,0.0938,0.1126,Money Market,PHP,N,1,A,SLPMM,Sun Life Phils - Money Market Fund
2017-03-02,1.0672,true,2017-03-01,0.0938,0.1126,Money Market,PHP,N,1,A,SLPMM,Sun Life Phils - Money Market Fund
2017-03-01,1.0672,true,2017-02-28,0.0938,0.1126,Money Market,PHP,N,1,A,SLPMM,Sun Life Phils - Money Market Fund
2017-02-28,1.0671,true,2017-02-27,0.075,0.1032,Money Market,PHP,N,1,A,SLPMM,Sun Life Phils - Money Market Fund
2017-02-27,1.0671,true,2017-02-26,0.075,0.1032,Money Market,PHP,N,1,A,SLPMM,Sun Life Phils - Money Market Fund
2017-02-24,1.0671,true,2017-02-23,0.075,0.1032,Money Market,PHP,N,1,A,SLPMM,Sun Life Phils - Money Market Fund
2017-02-23,1.0671,true,2017-02-22,0.075,0.1032,Money Market,PHP,N,1,A,SLPMM,Sun Life Phils - Money Market Fund
2017-02-22,1.0671,true,2017-02-21,0.075,0.1032,Money Market,PHP,N,1,A,SLPMM,Sun Life Phils - Money Market Fund
2017-02-21,1.0671,true,2017-02-20,0.075,0.1032,Money Market,PHP,N,1,A,SLPMM,Sun Life Phils - Money Market Fund
2017-02-20,1.067,true,2017-02-19,0.0656,0.0938,Money Market,PHP,N,1,A,SLPMM,Sun Life Phils - Money Market Fund
2017-02-17,1.067,true,2017-02-16,0.0656,0.0938,Money Market,PHP,N,1,A,SLPMM,Sun Life Phils - Money Market Fund
2017-02-16,1.067,true,2017-02-15,0.0656,0.0938,Money Market,PHP,N,1,A,SLPMM,Sun Life Phils - Money Market Fund
2017-02-15,1.0669,true,2017-02-14,0.0469,0.0844,Money Market,PHP,N,1,A,SLPMM,Sun Life Phils - Money Market Fund
2017-02-14,1.0669,true,2017-02-13,0.0469,0.0844,Money Market,PHP,N,1,A,SLPMM,Sun Life Phils - Money Market Fund
2017-02-13,1.0669,true,2017-02-12,0.0469,0.0844,Money Market,PHP,N,1,A,SLPMM,Sun Life Phils - Money Market Fund
2017-02-10,1.0669,true,2017-02-09,0.0469,0.0844,Money Market,PHP,N,1,A,SLPMM,Sun Life Phils - Money Market Fund
2017-02-09,1.0668,true,2017-02-08,0.0375,0.075,Money Market,PHP,N,1,A,SLPMM,Sun Life Phils - Money Market Fund
2017-02-08,1.0668,true,2017-02-07,0.0281,0.075,Money Market,PHP,N,1,A,SLPMM,Sun Life Phils - Money Market Fund
2017-02-07,1.0668,true,2017-02-06,0.0281,0.075,Money Market,PHP,N,1,A,SLPMM,Sun Life Phils - Money Market Fund
2017-02-06,1.0668,true,2017-02-05,0.0281,0.075,Money Market,PHP,N,1,A,SLPMM,Sun Life Phils - Money Market Fund
2017-02-03,1.0667,true,2017-02-02,0.0188,0.0657,Money Market,PHP,N,1,A,SLPMM,Sun Life Phils - Money Market Fund
2017-02-02,1.0667,true,2017-02-01,0.0188,0.0657,Money Market,PHP,N,1,A,SLPMM,Sun Life Phils - Money Market Fund
2017-02-01,1.0667,true,2017-01-31,0.0188,0.0657,Money Market,PHP,N,1,A,SLPMM,Sun Life Phils - Money Market Fund
2017-01-31,1.0667,true,2017-01-30,0.0188,0.0657,Money Market,PHP,N,1,A,SLPMM,Sun Life Phils - Money Market Fund
2017-01-30,1.0667,true,2017-01-29,0.0188,0.0657,Money Market,PHP,N,1,A,SLPMM,Sun Life Phils - Money Market Fund
2017-01-27,1.0666,true,2017-01-26,0.0188,0.0563,Money Market,PHP,N,1,A,SLPMM,Sun Life Phils - Money Market Fund
2017-01-26,1.0666,true,2017-01-25,0.0188,0.0563,Money Market,PHP,N,1,A,SLPMM,Sun Life Phils - Money Market Fund
2017-01-25,1.0666,true,2017-01-24,0.0188,0.0563,Money Market,PHP,N,1,A,SLPMM,Sun Life Phils - Money Market Fund
2017-01-24,1.0666,true,2017-01-23,0.0094,0.0563,Money Market,PHP,N,1,A,SLPMM,Sun Life Phils - Money Market Fund
2017-01-23,1.0665,true,2017-01-22,0.0,0.0469,Money Market,PHP,N,1,A,SLPMM,Sun Life Phils - Money Market Fund
2017-01-20,1.0665,true,2017-01-19,0.0094,0.0469,Money Market,PHP,N,1,A,SLPMM,Sun Life Phils - Money Market Fund
2017-01-19,1.0665,true,2017-01-18,0.0094,0.0469,Money Market,PHP,N,1,A,SLPMM,Sun Life Phils - Money Market Fund
2017-01-18,1.0664,true,2017-01-17,0.0,0.0375,Money Market,PHP,N,1,A,SLPMM,Sun Life Phils - Money Market Fund
2017-01-17,1.0664,true,2017-01-16,0.0,0.0375,Money Market,PHP,N,1,A,SLPMM,Sun Life Phils - Money Market Fund
2017-01-16,1.0664,true,2017-01-15,0.0,0.0375,Money Market,PHP,N,1,A,SLPMM,Sun Life Phils - Money Market Fund
2017-01-13,1.0663,true,2017-01-12,0.0,0.0281,Money Market,PHP,N,1,A,SLPMM,Sun Life Phils - Money Market Fund
2017-01-12,1.0663,true,2017-01-11,0.0094,0.0281,Money Market,PHP,N,1,A,SLPMM,Sun Life Phils - Money Market Fund
2017-01-11,1.0663,true,2017-01-10,0.0094,0.0281,Money Market,PHP,N,1,A,SLPMM,Sun Life Phils - Money Market Fund
2017-01-10,1.0663,true,2017-01-09,-0.0188,0.0281,Money Market,PHP,N,1,A,SLPMM,Sun Life Phils - Money Market Fund
2017-01-09,1.0662,true,2017-01-08,-0.0281,0.0188,Money Market,PHP,N,1,A,SLPMM,Sun Life Phils - Money Market Fund
2017-01-06,1.0662,true,2017-01-05,-0.0281,0.0188,Money Market,PHP,N,1,A,SLPMM,Sun Life Phils - Money Market Fund
2017-01-05,1.0662,true,2017-01-04,-0.0188,0.0188,Money Market,PHP,N,1,A,SLPMM,Sun Life Phils - Money Market Fund
2017-01-04,1.0662,true,2017-01-03,-0.0188,0.0188,Money Market,PHP,N,1,A,SLPMM,Sun Life Phils - Money Market Fund
2017-01-03,1.0661,true,2017-01-02,-0.0469,0.0094,Money Market,PHP,N,1,A,SLPMM,Sun Life Phils - Money Market Fund
2016-12-29,1.066,true,2016-12-28,-0.0563,-0.0563,Money Market,PHP,N,1,A,SLPMM,Sun Life Phils - Money Market Fund
2016-12-28,1.066,true,2016-12-27,-0.0188,-0.0563,Money Market,PHP,N,1,A,SLPMM,Sun Life Phils - Money Market Fund
2016-12-27,1.066,true,2016-12-26,-0.0375,-0.0563,Money Market,PHP,N,1,A,SLPMM,Sun Life Phils - Money Market Fund
2016-12-23,1.066,true,2016-12-22,-0.0375,-0.0563,Money Market,PHP,N,1,A,SLPMM,Sun Life Phils - Money Market Fund
2016-12-22,1.066,true,2016-12-21,-0.0094,-0.0563,Money Market,PHP,N,1,A,SLPMM,Sun Life Phils - Money Market Fund
2016-12-21,1.066,true,2016-12-20,0.0,-0.0563,Money Market,PHP,N,1,A,SLPMM,Sun Life Phils - Money Market Fund
2016-12-20,1.066,true,2016-12-19,-0.0094,-0.0563,Money Market,PHP,N,1,A,SLPMM,Sun Life Phils - Money Market Fund
2016-12-19,1.0659,true,2016-12-18,-0.0188,-0.0656,Money Market,PHP,N,1,A,SLPMM,Sun Life Phils - Money Market Fund
2016-12-16,1.0659,true,2016-12-15,0.0657,-0.0656,Money Market,PHP,N,1,A,SLPMM,Sun Life Phils - Money Market Fund
2016-12-15,1.0659,true,2016-12-14,0.0094,-0.0656,Money Market,PHP,N,1,A,SLPMM,Sun Life Phils - Money Market Fund
2016-12-14,1.0659,true,2016-12-13,0.0469,-0.0656,Money Market,PHP,N,1,A,SLPMM,Sun Life Phils - Money Market Fund
2016-12-13,1.0659,true,2016-12-12,0.0,-0.0656,Money Market,PHP,N,1,A,SLPMM,Sun Life Phils - Money Market Fund
2016-12-12,1.0659,true,2016-12-11,0.0,-0.0656,Money Market,PHP,N,1,A,SLPMM,Sun Life Phils - Money Market Fund
2016-12-09,1.0658,true,2016-12-08,-0.0375,-0.075,Money Market,PHP,N,1,A,SLPMM,Sun Life Phils - Money Market Fund
2016-12-08,1.0658,true,2016-12-07,-0.0375,-0.075,Money Market,PHP,N,1,A,SLPMM,Sun Life Phils - Money Market Fund
2016-12-07,1.0658,true,2016-12-06,-0.0188,-0.075,Money Market,PHP,N,1,A,SLPMM,Sun Life Phils - Money Market Fund
2016-12-06,1.0658,true,2016-12-05,-0.0281,-0.075,Money Market,PHP,N,1,A,SLPMM,Sun Life Phils - Money Market Fund
2016-12-05,1.0658,true,2016-12-04,-0.0281,-0.075,Money Market,PHP,N,1,A,SLPMM,Sun Life Phils - Money Market Fund
2016-12-02,1.0658,true,2016-12-01,-0.1125,-0.075,Money Market,PHP,N,1,A,SLPMM,Sun Life Phils - Money Market Fund
2016-12-01,1.0657,true,2016-11-30,-0.0656,-0.0844,Money Market,PHP,N,1,A,SLPMM,Sun Life Phils - Money Market Fund
2016-11-29,1.0657,true,2016-11-28,-0.0844,-0.0844,Money Market,PHP,N,1,A,SLPMM,Sun Life Phils - Money Market Fund
2016-11-28,1.0657,true,2016-11-27,-0.0844,-0.0844,Money Market,PHP,N,1,A,SLPMM,Sun Life Phils - Money Market Fund
2016-11-25,1.0657,true,2016-11-24,-0.0469,-0.0844,Money Market,PHP,N,1,A,SLPMM,Sun Life Phils - Money Market Fund
2016-11-24,1.0657,true,2016-11-23,-0.0656,-0.0844,Money Market,PHP,N,1,A,SLPMM,Sun Life Phils - Money Market Fund
2016-11-23,1.0657,true,2016-11-22,0.0094,-0.0844,Money Market,PHP,N,1,A,SLPMM,Sun Life Phils - Money Market Fund
2016-11-22,1.0657,true,2016-11-21,-0.0563,-0.0844,Money Market,PHP,N,1,A,SLPMM,Sun Life Phils - Money Market Fund
2016-11-21,1.0657,true,2016-11-20,-0.0563,-0.0844,Money Market,PHP,N,1,A,SLPMM,Sun Life Phils - Money Market Fund
2016-11-18,1.0657,true,2016-11-17,-0.075,-0.0844,Money Market,PHP,N,1,A,SLPMM,Sun Life Phils - Money Market Fund
2016-11-17,1.0657,true,2016-11-16,-0.075,-0.0844,Money Market,PHP,N,1,A,SLPMM,Sun Life Phils - Money Market Fund
2016-11-16,1.0656,true,2016-11-15,-0.0844,-0.0938,Money Market,PHP,N,1,A,SLPMM,Sun Life Phils - Money Market Fund
2016-11-15,1.0656,true,2016-11-14,-0.0188,-0.0938,Money Market,PHP,N,1,A,SLPMM,Sun Life Phils - Money Market Fund
2016-11-14,1.0656,true,2016-11-13,-0.0188,-0.0938,Money Market,PHP,N,1,A,SLPMM,Sun Life Phils - Money Market Fund
2016-11-11,1.0656,true,2016-11-10,-0.075,-0.0938,Money Market,PHP,N,1,A,SLPMM,Sun Life Phils - Money Market Fund
2016-11-10,1.0655,true,2016-11-09,-0.0938,-0.1031,Money Market,PHP,N,1,A,SLPMM,Sun Life Phils - Money Market Fund
2016-11-09,1.0655,true,2016-11-08,-0.0563,-0.1031,Money Market,PHP,N,1,A,SLPMM,Sun Life Phils - Money Market Fund
2016-11-08,1.0655,true,2016-11-07,-0.0657,-0.1031,Money Market,PHP,N,1,A,SLPMM,Sun Life Phils - Money Market Fund
2016-11-07,1.0655,true,2016-11-06,-0.0657,-0.1031,Money Market,PHP,N,1,A,SLPMM,Sun Life Phils - Money Market Fund
2016-11-04,1.0655,true,2016-11-03,-0.1312,-0.1031,Money Market,PHP,N,1,A,SLPMM,Sun Life Phils - Money Market Fund
2016-11-03,1.0654,true,2016-11-02,-0.1406,-0.1125,Money Market,PHP,N,1,A,SLPMM,Sun Life Phils - Money Market Fund
2016-11-02,1.0654,true,2016-11-01,-0.1406,-0.1125,Money Market,PHP,N,1,A,SLPMM,Sun Life Phils - Money Market Fund
2016-10-28,1.0654,true,2016-10-27,-0.075,-0.1125,Money Market,PHP,N,1,A,SLPMM,Sun Life Phils - Money Market Fund
2016-10-27,1.0653,true,2016-10-26,-0.1874,-0.1219,Money Market,PHP,N,1,A,SLPMM,Sun Life Phils - Money Market Fund
2016-10-26,1.0653,true,2016-10-25,-0.1032,-0.1219,Money Market,PHP,N,1,A,SLPMM,Sun Life Phils - Money Market Fund
2016-10-25,1.0653,true,2016-10-24,-0.1032,-0.1219,Money Market,PHP,N,1,A,SLPMM,Sun Life Phils - Money Market Fund
2016-10-24,1.0653,true,2016-10-23,-0.1032,-0.1219,Money Market,PHP,N,1,A,SLPMM,Sun Life Phils - Money Market Fund
2016-10-21,1.0653,true,2016-10-20,-0.0844,-0.1219,Money Market,PHP,N,1,A,SLPMM,Sun Life Phils - Money Market Fund
2016-10-20,1.0653,true,2016-10-19,-0.1219,-0.1219,Money Market,PHP,N,1,A,SLPMM,Sun Life Phils - Money Market Fund
2016-10-19,1.0653,true,2016-10-18,-0.1219,-0.1219,Money Market,PHP,N,1,A,SLPMM,Sun Life Phils - Money Market Fund
2016-10-18,1.0652,true,2016-10-17,-0.1687,-0.1313,Money Market,PHP,N,1,A,SLPMM,Sun Life Phils - Money Market Fund
2016-10-17,1.0652,true,2016-10-16,-0.1687,-0.1313,Money Market,PHP,N,1,A,SLPMM,Sun Life Phils - Money Market Fund
2016-10-14,1.0652,true,2016-10-13,-0.15,-0.1313,Money Market,PHP,N,1,A,SLPMM,Sun Life Phils - Money Market Fund
2016-10-13,1.0652,true,2016-10-12,-0.1687,-0.1313,Money Market,PHP,N,1,A,SLPMM,Sun Life Phils - Money Market Fund
2016-10-12,1.0652,true,2016-10-11,-0.2155,-0.1313,Money Market,PHP,N,1,A,SLPMM,Sun Life Phils - Money Market Fund
2016-10-11,1.0652,true,2016-10-10,-0.1406,-0.1313,Money Market,PHP,N,1,A,SLPMM,Sun Life Phils - Money Market Fund
2016-10-10,1.0651,true,2016-10-09,-0.15,-0.1406,Money Market,PHP,N,1,A,SLPMM,Sun Life Phils - Money Market Fund
2016-10-07,1.0651,true,2016-10-06,-0.2248,-0.1406,Money Market,PHP,N,1,A,SLPMM,Sun Life Phils - Money Market Fund
2016-10-06,1.0651,true,2016-10-05,-0.2155,-0.1406,Money Market,PHP,N,1,A,SLPMM,Sun Life Phils - Money Market Fund
2016-10-05,1.0651,true,2016-10-04,-0.2061,-0.1406,Money Market,PHP,N,1,A,SLPMM,Sun Life Phils - Money Market Fund
2016-10-04,1.065,true,2016-10-03,-0.1687,-0.15,Money Market,PHP,N,1,A,SLPMM,Sun Life Phils - Money Market Fund
2016-10-03,1.065,true,2016-10-02,-0.1687,-0.15,Money Market,PHP,N,1,A,SLPMM,Sun Life Phils - Money Market Fund
2016-09-30,1.065,true,2016-09-29,-0.1874,-0.15,Money Market,PHP,N,1,A,SLPMM,Sun Life Phils - Money Market Fund
2016-09-29,1.065,true,2016-09-28,-0.1594,-0.15,Money Market,PHP,N,1,A,SLPMM,Sun Life Phils - Money Market Fund
2016-09-28,1.065,true,2016-09-27,-0.1594,-0.15,Money Market,PHP,N,1,A,SLPMM,Sun Life Phils - Money Market Fund
2016-09-27,1.065,true,2016-09-26,-0.1968,-0.15,Money Market,PHP,N,1,A,SLPMM,Sun Life Phils - Money Market Fund
2016-09-26,1.0649,true,2016-09-25,-0.2062,-0.1594,Money Market,PHP,N,1,A,SLPMM,Sun Life Phils - Money Market Fund
2016-09-23,1.0649,true,2016-09-22,-0.2249,-0.1594,Money Market,PHP,N,1,A,SLPMM,Sun Life Phils - Money Market Fund
2016-09-22,1.0649,true,2016-09-21,-0.2062,-0.1594,Money Market,PHP,N,1,A,SLPMM,Sun Life Phils - Money Market Fund
2016-09-21,1.0676,true,2016-09-20,0.0281,0.0938,Money Market,PHP,N,1,A,SLPMM,Sun Life Phils - Money Market Fund
2016-09-20,1.0675,true,2016-09-19,0.0094,0.0844,Money Market,PHP,N,1,A,SLPMM,Sun Life Phils - Money Market Fund
2016-09-19,1.0675,true,2016-09-18,0.0094,0.0844,Money Market,PHP,N,1,A,SLPMM,Sun Life Phils - Money Market Fund
2016-09-16,1.0675,true,2016-09-15,0.0375,0.0844,Money Market,PHP,N,1,A,SLPMM,Sun Life Phils - Money Market Fund
2016-09-15,1.0675,true,2016-09-14,0.0187,0.0844,Money Market,PHP,N,1,A,SLPMM,Sun Life Phils - Money Market Fund
2016-09-14,1.0675,true,2016-09-13,0.0375,0.0844,Money Market,PHP,N,1,A,SLPMM,Sun Life Phils - Money Market Fund
2016-09-13,1.0674,true,2016-09-12,0.0,0.075,Money Market,PHP,N,1,A,SLPMM,Sun Life Phils - Money Market Fund
2016-09-09,1.0674,true,2016-09-08,-0.0094,0.075,Money Market,PHP,N,1,A,SLPMM,Sun Life Phils - Money Market Fund
2016-09-08,1.0674,true,2016-09-07,-0.0187,0.075,Money Market,PHP,N,1,A,SLPMM,Sun Life Phils - Money Market Fund
2016-09-07,1.0674,true,2016-09-06,0.0375,0.075,Money Market,PHP,N,1,A,SLPMM,Sun Life Phils - Money Market Fund
2016-09-06,1.0674,true,2016-09-05,-0.0281,0.075,Money Market,PHP,N,1,A,SLPMM,Sun Life Phils - Money Market Fund
2016-09-05,1.0673,true,2016-09-04,-0.0375,0.0656,Money Market,PHP,N,1,A,SLPMM,Sun Life Phils - Money Market Fund
2016-09-02,1.0673,true,2016-09-01,0.0375,0.0656,Money Market,PHP,N,1,A,SLPMM,Sun Life Phils - Money Market Fund
2016-09-01,1.0673,true,2016-08-31,0.0562,0.0656,Money Market,PHP,N,1,A,SLPMM,Sun Life Phils - Money Market Fund
2016-08-31,1.0673,true,2016-08-30,0.0469,0.0656,Money Market,PHP,N,1,A,SLPMM,Sun Life Phils - Money Market Fund
2016-08-30,1.0673,true,2016-08-29,0.0469,0.0656,Money Market,PHP,N,1,A,SLPMM,Sun Life Phils - Money Market Fund
2016-08-26,1.0672,true,2016-08-25,0.0656,0.0563,Money Market,PHP,N,1,A,SLPMM,Sun Life Phils - Money Market Fund
2016-08-25,1.0672,true,2016-08-24,0.0844,0.0563,Money Market,PHP,N,1,A,SLPMM,Sun Life Phils - Money Market Fund
2016-08-24,1.0672,true,2016-08-23,0.1314,0.0563,Money Market,PHP,N,1,A,SLPMM,Sun Life Phils - Money Market Fund
2016-08-23,1.0672,true,2016-08-22,0.1502,0.0563,Money Market,PHP,N,1,A,SLPMM,Sun Life Phils - Money Market Fund
2016-08-22,1.0672,true,2016-08-21,0.1502,0.0563,Money Market,PHP,N,1,A,SLPMM,Sun Life Phils - Money Market Fund
2016-08-19,1.0672,true,2016-08-18,0.075,0.0563,Money Market,PHP,N,1,A,SLPMM,Sun Life Phils - Money Market Fund
2016-08-18,1.0672,true,2016-08-17,0.1032,0.0563,Money Market,PHP,N,1,A,SLPMM,Sun Life Phils - Money Market Fund
2016-08-17,1.0672,true,2016-08-16,0.1126,0.0563,Money Market,PHP,N,1,A,SLPMM,Sun Life Phils - Money Market Fund
2016-08-16,1.0671,true,2016-08-15,0.0938,0.0469,Money Market,PHP,N,1,A,SLPMM,Sun Life Phils - Money Market Fund
2016-08-15,1.0671,true,2016-08-14,0.0938,0.0469,Money Market,PHP,N,1,A,SLPMM,Sun Life Phils - Money Market Fund
2016-08-12,1.0671,true,2016-08-11,0.1314,0.0469,Money Market,PHP,N,1,A,SLPMM,Sun Life Phils - Money Market Fund
2016-08-11,1.0671,true,2016-08-10,0.1408,0.0469,Money Market,PHP,N,1,A,SLPMM,Sun Life Phils - Money Market Fund
2016-08-10,1.0671,true,2016-08-09,0.1502,0.0469,Money Market,PHP,N,1,A,SLPMM,Sun Life Phils - Money Market Fund
2016-08-09,1.0671,true,2016-08-08,0.1408,0.0469,Money Market,PHP,N,1,A,SLPMM,Sun Life Phils - Money Market Fund
2016-08-08,1.067,true,2016-08-07,0.1314,0.0375,Money Market,PHP,N,1,A,SLPMM,Sun Life Phils - Money Market Fund
2016-08-05,1.067,true,2016-08-04,0.1596,0.0375,Money Market,PHP,N,1,A,SLPMM,Sun Life Phils - Money Market Fund
2016-08-04,1.067,true,2016-08-03,0.1502,0.0375,Money Market,PHP,N,1,A,SLPMM,Sun Life Phils - Money Market Fund
2016-08-03,1.067,true,2016-08-02,0.1784,0.0375,Money Market,PHP,N,1,A,SLPMM,Sun Life Phils - Money Market Fund
2016-08-02,1.067,true,2016-08-01,0.216,0.0375,Money Market,PHP,N,1,A,SLPMM,Sun Life Phils - Money Market Fund
2016-08-01,1.067,true,2016-07-31,0.216,0.0375,Money Market,PHP,N,1,A,SLPMM,Sun Life Phils - Money Market Fund
2016-07-29,1.0669,true,2016-07-28,0.2066,0.0281,Money Market,PHP,N,1,A,SLPMM,Sun Life Phils - Money Market Fund
2016-07-28,1.0669,true,2016-07-27,0.1972,0.0281,Money Market,PHP,N,1,A,SLPMM,Sun Life Phils - Money Market Fund
2016-07-27,1.0669,true,2016-07-26,0.1972,0.0281,Money Market,PHP,N,1,A,SLPMM,Sun Life Phils - Money Market Fund
2016-07-26,1.0669,true,2016-07-25,0.1878,0.0281,Money Market,PHP,N,1,A,SLPMM,Sun Life Phils - Money Market Fund
2016-07-25,1.0669,true,2016-07-24,0.1878,0.0281,Money Market,PHP,N,1,A,SLPMM,Sun Life Phils - Money Market Fund
2016-07-22,1.0669,true,2016-07-21,0.1784,0.0281,Money Market,PHP,N,1,A,SLPMM,Sun Life Phils - Money Market Fund
2016-07-21,1.0669,true,2016-07-20,0.1784,0.0281,Money Market,PHP,N,1,A,SLPMM,Sun Life Phils - Money Market Fund
2016-07-20,1.0669,true,2016-07-19,0.2066,0.0281,Money Market,PHP,N,1,A,SLPMM,Sun Life Phils - Money Market Fund
2016-07-19,1.0668,true,2016-07-18,0.169,0.0188,Money Market,PHP,N,1,A,SLPMM,Sun Life Phils - Money Market Fund
2016-07-18,1.0668,true,2016-07-17,0.169,0.0188,Money Market,PHP,N,1,A,SLPMM,Sun Life Phils - Money Market Fund
2016-07-15,1.0668,true,2016-07-14,0.1784,0.0188,Money Market,PHP,N,1,A,SLPMM,Sun Life Phils - Money Market Fund
2016-07-14,1.0668,true,2016-07-13,0.1878,0.0188,Money Market,PHP,N,1,A,SLPMM,Sun Life Phils - Money Market Fund
2016-07-13,1.0668,true,2016-07-12,0.1878,0.0188,Money Market,PHP,N,1,A,SLPMM,Sun Life Phils - Money Market Fund
2016-07-12,1.0668,true,2016-07-11,0.1878,0.0188,Money Market,PHP,N,1,A,SLPMM,Sun Life Phils - Money Market Fund
2016-07-11,1.0667,true,2016-07-10,0.1784,0.0094,Money Market,PHP,N,1,A,SLPMM,Sun Life Phils - Money Market Fund
2016-07-08,1.0667,true,2016-07-07,0.2067,0.0094,Money Market,PHP,N,1,A,SLPMM,Sun Life Phils - Money Market Fund
2016-07-07,1.0667,true,2016-07-06,0.2349,0.0094,Money Market,PHP,N,1,A,SLPMM,Sun Life Phils - Money Market Fund
2016-07-05,1.0667,true,2016-07-04,0.2443,0.0094,Money Market,PHP,N,1,A,SLPMM,Sun Life Phils - Money Market Fund
2016-07-04,1.0666,true,2016-07-03,0.2349,0.0,Money Market,PHP,N,1,A,SLPMM,Sun Life Phils - Money Market Fund
2016-07-01,1.0666,true,2016-06-30,0.2444,0.0,Money Market,PHP,N,1,A,SLPMM,Sun Life Phils - Money Market Fund
2016-06-30,1.0666,true,2016-06-29,0.2444,0.0,Money Market,PHP,N,1,A,SLPMM,Sun Life Phils - Money Market Fund
2016-06-29,1.0666,true,2016-06-28,0.3009,0.0,Money Market,PHP,N,1,A,SLPMM,Sun Life Phils - Money Market Fund
2016-06-28,1.0666,true,2016-06-27,0.2915,0.0,Money Market,PHP,N,1,A,SLPMM,Sun Life Phils - Money Market Fund
2016-06-27,1.0666,true,2016-06-26,0.2915,0.0,Money Market,PHP,N,1,A,SLPMM,Sun Life Phils - Money Market Fund
2016-06-24,1.0666,true,2016-06-23,0.3009,0.0,Money Market,PHP,N,1,A,SLPMM,Sun Life Phils - Money Market Fund
2016-06-23,1.0666,true,2016-06-22,0.3009,0.0,Money Market,PHP,N,1,A,SLPMM,Sun Life Phils - Money Market Fund
2016-06-22,1.0666,true,2016-06-21,0.2821,0.0,Money Market,PHP,N,1,A,SLPMM,Sun Life Phils - Money Market Fund
2016-06-21,1.0665,true,2016-06-20,0.235,-0.0094,Money Market,PHP,N,1,A,SLPMM,Sun Life Phils - Money Market Fund
2016-06-20,1.0665,true,2016-06-19,0.235,-0.0094,Money Market,PHP,N,1,A,SLPMM,Sun Life Phils - Money Market Fund
2016-06-17,1.0665,true,2016-06-16,0.2538,-0.0094,Money Market,PHP,N,1,A,SLPMM,Sun Life Phils - Money Market Fund
2016-06-16,1.0665,true,2016-06-15,0.3293,-0.0094,Money Market,PHP,N,1,A,SLPMM,Sun Life Phils - Money Market Fund
2016-06-15,1.0665,true,2016-06-14,0.2632,-0.0094,Money Market,PHP,N,1,A,SLPMM,Sun Life Phils - Money Market Fund
2016-06-14,1.0665,true,2016-06-13,0.2161,-0.0094,Money Market,PHP,N,1,A,SLPMM,Sun Life Phils - Money Market Fund
2016-06-13,1.0664,true,2016-06-12,0.2067,-0.0188,Money Market,PHP,N,1,A,SLPMM,Sun Life Phils - Money Market Fund
2016-06-10,1.0664,true,2016-06-09,0.2444,-0.0188,Money Market,PHP,N,1,A,SLPMM,Sun Life Phils - Money Market Fund
2016-06-09,1.0664,true,2016-06-08,0.2444,-0.0188,Money Market,PHP,N,1,A,SLPMM,Sun Life Phils - Money Market Fund
2016-06-08,1.0664,true,2016-06-07,0.2256,-0.0188,Money Market,PHP,N,1,A,SLPMM,Sun Life Phils - Money Market Fund
2016-06-07,1.0664,true,2016-06-06,0.2256,-0.0188,Money Market,PHP,N,1,A,SLPMM,Sun Life Phils - Money Market Fund
2016-06-06,1.0663,true,2016-06-05,0.2162,-0.0281,Money Market,PHP,N,1,A,SLPMM,Sun Life Phils - Money Market Fund
2016-06-03,1.0663,true,2016-06-02,0.235,-0.0281,Money Market,PHP,N,1,A,SLPMM,Sun Life Phils - Money Market Fund
2016-06-02,1.0663,true,2016-06-01,0.235,-0.0281,Money Market,PHP,N,1,A,SLPMM,Sun Life Phils - Money Market Fund
2016-06-01,1.0663,true,2016-05-31,0.2539,-0.0281,Money Market,PHP,N,1,A,SLPMM,Sun Life Phils - Money Market Fund
2016-05-31,1.0663,true,2016-05-30,0.2633,-0.0281,Money Market,PHP,N,1,A,SLPMM,Sun Life Phils - Money Market Fund
2016-05-30,1.0663,true,2016-05-29,0.2633,-0.0281,Money Market,PHP,N,1,A,SLPMM,Sun Life Phils - Money Market Fund
2016-05-27,1.0662,true,2016-05-26,0.2916,-0.0375,Money Market,PHP,N,1,A,SLPMM,Sun Life Phils - Money Market Fund
2016-05-26,1.0662,true,2016-05-25,0.2822,-0.0375,Money Market,PHP,N,1,A,SLPMM,Sun Life Phils - Money Market Fund
2016-05-25,1.0662,true,2016-05-24,0.2822,-0.0375,Money Market,PHP,N,1,A,SLPMM,Sun Life Phils - Money Market Fund
2016-05-24,1.0662,true,2016-05-23,0.2445,-0.0375,Money Market,PHP,N,1,A,SLPMM,Sun Life Phils - Money Market Fund
2016-05-23,1.0662,true,2016-05-22,0.2445,-0.0375,Money Market,PHP,N,1,A,SLPMM,Sun Life Phils - Money Market Fund
2016-05-20,1.0661,true,2016-05-19,0.2728,-0.0469,Money Market,PHP,N,1,A,SLPMM,Sun Life Phils - Money Market Fund
2016-05-19,1.0661,true,2016-05-18,0.2822,-0.0469,Money Market,PHP,N,1,A,SLPMM,Sun Life Phils - Money Market Fund
2016-05-18,1.0661,true,2016-05-17,0.2822,-0.0469,Money Market,PHP,N,1,A,SLPMM,Sun Life Phils - Money Market Fund
2016-05-17,1.0661,true,2016-05-16,0.2728,-0.0469,Money Market,PHP,N,1,A,SLPMM,Sun Life Phils - Money Market Fund
2016-05-16,1.0661,true,2016-05-15,0.2728,-0.0469,Money Market,PHP,N,1,A,SLPMM,Sun Life Phils - Money Market Fund
2016-05-13,1.066,true,2016-05-12,0.2728,-0.0563,Money Market,PHP,N,1,A,SLPMM,Sun Life Phils - Money Market Fund
2016-05-12,1.066,true,2016-05-11,0.2445,-0.0563,Money Market,PHP,N,1,A,SLPMM,Sun Life Phils - Money Market Fund
2016-05-11,1.066,true,2016-05-10,0.2445,-0.0563,Money Market,PHP,N,1,A,SLPMM,Sun Life Phils - Money Market Fund
2016-05-10,1.066,true,2016-05-09,0.2445,-0.0563,Money Market,PHP,N,1,A,SLPMM,Sun Life Phils - Money Market Fund
2016-05-06,1.066,true,2016-05-05,0.2445,-0.0563,Money Market,PHP,N,1,A,SLPMM,Sun Life Phils - Money Market Fund
2016-05-05,1.066,true,2016-05-04,0.2445,-0.0563,Money Market,PHP,N,1,A,SLPMM,Sun Life Phils - Money Market Fund
2016-05-04,1.066,true,2016-05-03,0.2445,-0.0563,Money Market,PHP,N,1,A,SLPMM,Sun Life Phils - Money Market Fund
2016-05-03,1.066,true,2016-05-02,0.2351,-0.0563,Money Market,PHP,N,1,A,SLPMM,Sun Life Phils - Money Market Fund
2016-05-02,1.066,true,2016-05-01,0.2351,-0.0563,Money Market,PHP,N,1,A,SLPMM,Sun Life Phils - Money Market Fund
2016-04-29,1.066,true,2016-04-28,0.2351,-0.0563,Money Market,PHP,N,1,A,SLPMM,Sun Life Phils - Money Market Fund
2016-04-28,1.066,true,2016-04-27,0.2351,-0.0563,Money Market,PHP,N,1,A,SLPMM,Sun Life Phils - Money Market Fund
2016-04-27,1.066,true,2016-04-26,0.2351,-0.0563,Money Market,PHP,N,1,A,SLPMM,Sun Life Phils - Money Market Fund
2016-04-26,1.066,true,2016-04-25,0.2256,-0.0563,Money Market,PHP,N,1,A,SLPMM,Sun Life Phils - Money Market Fund
2016-04-25,1.066,true,2016-04-24,0.2256,-0.0563,Money Market,PHP,N,1,A,SLPMM,Sun Life Phils - Money Market Fund
2016-04-22,1.066,true,2016-04-21,0.2256,-0.0563,Money Market,PHP,N,1,A,SLPMM,Sun Life Phils - Money Market Fund
2016-04-21,1.066,true,2016-04-20,0.2256,-0.0563,Money Market,PHP,N,1,A,SLPMM,Sun Life Phils - Money Market Fund
2016-04-20,1.066,true,2016-04-19,0.2256,-0.0563,Money Market,PHP,N,1,A,SLPMM,Sun Life Phils - Money Market Fund
2016-04-19,1.0661,true,2016-04-18,0.2256,-0.0469,Money Market,PHP,N,1,A,SLPMM,Sun Life Phils - Money Market Fund
2016-04-18,1.0661,true,2016-04-17,0.2256,-0.0469,Money Market,PHP,N,1,A,SLPMM,Sun Life Phils - Money Market Fund
2016-04-15,1.0661,true,2016-04-14,0.2162,-0.0469,Money Market,PHP,N,1,A,SLPMM,Sun Life Phils - Money Market Fund
2016-04-14,1.0661,true,2016-04-13,0.2162,-0.0469,Money Market,PHP,N,1,A,SLPMM,Sun Life Phils - Money Market Fund
2016-04-13,1.0661,true,2016-04-12,0.2162,-0.0469,Money Market,PHP,N,1,A,SLPMM,Sun Life Phils - Money Market Fund
2016-04-12,1.0661,true,2016-04-11,0.2068,-0.0469,Money Market,PHP,N,1,A,SLPMM,Sun Life Phils - Money Market Fund
2016-04-11,1.0661,true,2016-04-10,0.2068,-0.0469,Money Market,PHP,N,1,A,SLPMM,Sun Life Phils - Money Market Fund
2016-04-08,1.0661,true,2016-04-07,0.2068,-0.0469,Money Market,PHP,N,1,A,SLPMM,Sun Life Phils - Money Market Fund
2016-04-07,1.0661,true,2016-04-06,0.2068,-0.0469,Money Market,PHP,N,1,A,SLPMM,Sun Life Phils - Money Market Fund
2016-04-06,1.0662,true,2016-04-05,0.2162,-0.0375,Money Market,PHP,N,1,A,SLPMM,Sun Life Phils - Money Market Fund
2016-04-05,1.0662,true,2016-04-04,0.1973,-0.0375,Money Market,PHP,N,1,A,SLPMM,Sun Life Phils - Money Market Fund
2016-04-04,1.0662,true,2016-04-03,0.1973,-0.0375,Money Market,PHP,N,1,A,SLPMM,Sun Life Phils - Money Market Fund
2016-04-01,1.0662,true,2016-03-31,0.1973,-0.0375,Money Market,PHP,N,1,A,SLPMM,Sun Life Phils - Money Market Fund
2016-03-31,1.0662,true,2016-03-30,0.1973,-0.0375,Money Market,PHP,N,1,A,SLPMM,Sun Life Phils - Money Market Fund
2016-03-30,1.0662,true,2016-03-29,0.1973,-0.0375,Money Market,PHP,N,1,A,SLPMM,Sun Life Phils - Money Market Fund
2016-03-29,1.0662,true,2016-03-28,0.1879,-0.0375,Money Market,PHP,N,1,A,SLPMM,Sun Life Phils - Money Market Fund
2016-03-28,1.0662,true,2016-03-27,0.1879,-0.0375,Money Market,PHP,N,1,A,SLPMM,Sun Life Phils - Money Market Fund
2016-03-23,1.0662,true,2016-03-22,0.1879,-0.0375,Money Market,PHP,N,1,A,SLPMM,Sun Life Phils - Money Market Fund
2016-03-22,1.0662,true,2016-03-21,0.1785,-0.0375,Money Market,PHP,N,1,A,SLPMM,Sun Life Phils - Money Market Fund
2016-03-21,1.0662,true,2016-03-20,0.1785,-0.0375,Money Market,PHP,N,1,A,SLPMM,Sun Life Phils - Money Market Fund
2016-03-18,1.0662,true,2016-03-17,0.1785,-0.0375,Money Market,PHP,N,1,A,SLPMM,Sun Life Phils - Money Market Fund
2016-03-17,1.0662,true,2016-03-16,0.1785,-0.0375,Money Market,PHP,N,1,A,SLPMM,Sun Life Phils - Money Market Fund
2016-03-16,1.0662,true,2016-03-15,0.1691,-0.0375,Money Market,PHP,N,1,A,SLPMM,Sun Life Phils - Money Market Fund
2016-03-15,1.0662,true,2016-03-14,0.1691,-0.0375,Money Market,PHP,N,1,A,SLPMM,Sun Life Phils - Money Market Fund
2016-03-14,1.0662,true,2016-03-13,0.1691,-0.0375,Money Market,PHP,N,1,A,SLPMM,Sun Life Phils - Money Market Fund
2016-03-11,1.0662,true,2016-03-10,0.1691,-0.0375,Money Market,PHP,N,1,A,SLPMM,Sun Life Phils - Money Market Fund
2016-03-10,1.0662,true,2016-03-09,0.1691,-0.0375,Money Market,PHP,N,1,A,SLPMM,Sun Life Phils - Money Market Fund
2016-03-09,1.0662,true,2016-03-08,0.1597,-0.0375,Money Market,PHP,N,1,A,SLPMM,Sun Life Phils - Money Market Fund
2016-03-08,1.0662,true,2016-03-07,0.1597,-0.0375,Money Market,PHP,N,1,A,SLPMM,Sun Life Phils - Money Market Fund
2016-03-07,1.0662,true,2016-03-06,0.1597,-0.0375,Money Market,PHP,N,1,A,SLPMM,Sun Life Phils - Money Market Fund
2016-03-04,1.0662,true,2016-03-03,0.1597,-0.0375,Money Market,PHP,N,1,A,SLPMM,Sun Life Phils - Money Market Fund
2016-03-03,1.0662,true,2016-03-02,0.1597,-0.0375,Money Market,PHP,N,1,A,SLPMM,Sun Life Phils - Money Market Fund
2016-03-02,1.0662,true,2016-03-01,0.1597,-0.0375,Money Market,PHP,N,1,A,SLPMM,Sun Life Phils - Money Market Fund
2016-03-01,1.0662,true,2016-02-29,0.1503,-0.0375,Money Market,PHP,N,1,A,SLPMM,Sun Life Phils - Money Market Fund
2016-02-29,1.0662,true,2016-02-28,0.1503,-0.0375,Money Market,PHP,N,1,A,SLPMM,Sun Life Phils - Money Market Fund
2016-02-26,1.0663,true,2016-02-25,0.1597,-0.0281,Money Market,PHP,N,1,A,SLPMM,Sun Life Phils - Money Market Fund
2016-02-24,1.0663,true,2016-02-23,0.1597,-0.0281,Money Market,PHP,N,1,A,SLPMM,Sun Life Phils - Money Market Fund
2016-02-23,1.0663,true,2016-02-22,0.1597,-0.0281,Money Market,PHP,N,1,A,SLPMM,Sun Life Phils - Money Market Fund
2016-02-22,1.0663,true,2016-02-21,0.1597,-0.0281,Money Market,PHP,N,1,A,SLPMM,Sun Life Phils - Money Market Fund
2016-02-19,1.0663,true,2016-02-18,0.1597,-0.0281,Money Market,PHP,N,1,A,SLPMM,Sun Life Phils - Money Market Fund
2016-02-18,1.0663,true,2016-02-17,0.1597,-0.0281,Money Market,PHP,N,1,A,SLPMM,Sun Life Phils - Money Market Fund
2016-02-17,1.0663,true,2016-02-16,0.1597,-0.0281,Money Market,PHP,N,1,A,SLPMM,Sun Life Phils - Money Market Fund
2016-02-16,1.0663,true,2016-02-15,0.1503,-0.0281,Money Market,PHP,N,1,A,SLPMM,Sun Life Phils - Money Market Fund
2016-02-15,1.0664,true,2016-02-14,0.1597,-0.0188,Money Market,PHP,N,1,A,SLPMM,Sun Life Phils - Money Market Fund
2016-02-12,1.0664,true,2016-02-11,0.1597,-0.0188,Money Market,PHP,N,1,A,SLPMM,Sun Life Phils - Money Market Fund
2016-02-11,1.0664,true,2016-02-10,0.1597,-0.0188,Money Market,PHP,N,1,A,SLPMM,Sun Life Phils - Money Market Fund
2016-02-10,1.0664,true,2016-02-09,0.1597,-0.0188,Money Market,PHP,N,1,A,SLPMM,Sun Life Phils - Money Market Fund
2016-02-09,1.0664,true,2016-02-08,0.1597,-0.0188,Money Market,PHP,N,1,A,SLPMM,Sun Life Phils - Money Market Fund
2016-02-05,1.0665,true,2016-02-04,0.1597,-0.0094,Money Market,PHP,N,1,A,SLPMM,Sun Life Phils - Money Market Fund
2016-02-04,1.0665,true,2016-02-03,0.1597,-0.0094,Money Market,PHP,N,1,A,SLPMM,Sun Life Phils - Money Market Fund
2016-02-03,1.0665,true,2016-02-02,0.1597,-0.0094,Money Market,PHP,N,1,A,SLPMM,Sun Life Phils - Money Market Fund
2016-02-02,1.0665,true,2016-02-01,0.1597,-0.0094,Money Market,PHP,N,1,A,SLPMM,Sun Life Phils - Money Market Fund
2016-02-01,1.0665,true,2016-01-31,0.1502,-0.0094,Money Market,PHP,N,1,A,SLPMM,Sun Life Phils - Money Market Fund
2016-01-29,1.0665,true,2016-01-28,0.1502,-0.0094,Money Market,PHP,N,1,A,SLPMM,Sun Life Phils - Money Market Fund
2016-01-28,1.0665,true,2016-01-27,0.1502,-0.0094,Money Market,PHP,N,1,A,SLPMM,Sun Life Phils - Money Market Fund
2016-01-27,1.0664,true,2016-01-26,0.1315,-0.0188,Money Market,PHP,N,1,A,SLPMM,Sun Life Phils - Money Market Fund
2016-01-26,1.0664,true,2016-01-25,0.1315,-0.0188,Money Market,PHP,N,1,A,SLPMM,Sun Life Phils - Money Market Fund
2016-01-25,1.0664,true,2016-01-24,0.1315,-0.0188,Money Market,PHP,N,1,A,SLPMM,Sun Life Phils - Money Market Fund
2016-01-22,1.0665,true,2016-01-21,0.1408,-0.0094,Money Market,PHP,N,1,A,SLPMM,Sun Life Phils - Money Market Fund
2016-01-21,1.0664,true,2016-01-20,0.1221,-0.0188,Money Market,PHP,N,1,A,SLPMM,Sun Life Phils - Money Market Fund
2016-01-20,1.0664,true,2016-01-19,0.1221,-0.0188,Money Market,PHP,N,1,A,SLPMM,Sun Life Phils - Money Market Fund
2016-01-19,1.0664,true,2016-01-18,0.1221,-0.0188,Money Market,PHP,N,1,A,SLPMM,Sun Life Phils - Money Market Fund
2016-01-18,1.0664,true,2016-01-17,0.1127,-0.0188,Money Market,PHP,N,1,A,SLPMM,Sun Life Phils - Money Market Fund
2016-01-15,1.0664,true,2016-01-14,0.1127,-0.0188,Money Market,PHP,N,1,A,SLPMM,Sun Life Phils - Money Market Fund
2016-01-14,1.0663,true,2016-01-13,0.1033,-0.0281,Money Market,PHP,N,1,A,SLPMM,Sun Life Phils - Money Market Fund
2016-01-13,1.0663,true,2016-01-12,0.1033,-0.0281,Money Market,PHP,N,1,A,SLPMM,Sun Life Phils - Money Market Fund
2016-01-12,1.0662,true,2016-01-11,0.0939,-0.0375,Money Market,PHP,N,1,A,SLPMM,Sun Life Phils - Money Market Fund
2016-01-11,1.0662,true,2016-01-10,0.0845,-0.0375,Money Market,PHP,N,1,A,SLPMM,Sun Life Phils - Money Market Fund
2016-01-08,1.0665,true,2016-01-07,0.1126,-0.0094,Money Market,PHP,N,1,A,SLPMM,Sun Life Phils - Money Market Fund
2016-01-07,1.0665,true,2016-01-06,0.1126,-0.0094,Money Market,PHP,N,1,A,SLPMM,Sun Life Phils - Money Market Fund
2016-01-06,1.0665,true,2016-01-05,0.1126,-0.0094,Money Market,PHP,N,1,A,SLPMM,Sun Life Phils - Money Market Fund
2016-01-05,1.0664,true,2016-01-04,0.0939,-0.0188,Money Market,PHP,N,1,A,SLPMM,Sun Life Phils - Money Market Fund
2016-01-04,1.0664,true,2016-01-03,0.0845,-0.0188,Money Market,PHP,N,1,A,SLPMM,Sun Life Phils - Money Market Fund
2015-12-29,1.0666,true,2015-12-28,0.1032,0.1032,Money Market,PHP,N,1,A,SLPMM,Sun Life Phils - Money Market Fund
2015-12-28,1.0662,true,2015-12-27,0.0563,0.0657,Money Market,PHP,N,1,A,SLPMM,Sun Life Phils - Money Market Fund
2015-12-23,1.0664,true,2015-12-22,0.0751,0.0845,Money Market,PHP,N,1,A,SLPMM,Sun Life Phils - Money Market Fund
2015-12-22,1.0661,true,2015-12-21,0.0469,0.0563,Money Market,PHP,N,1,A,SLPMM,Sun Life Phils - Money Market Fund
2015-12-21,1.066,true,2015-12-20,0.0282,0.0469,Money Market,PHP,N,1,A,SLPMM,Sun Life Phils - Money Market Fund
2015-12-18,1.0661,true,2015-12-17,0.0375,0.0563,Money Market,PHP,N,1,A,SLPMM,Sun Life Phils - Money Market Fund
2015-12-17,1.0655,true,2015-12-16,-0.0188,0.0,Money Market,PHP,N,1,A,SLPMM,Sun Life Phils - Money Market Fund
2015-12-16,1.0652,true,2015-12-15,-0.0469,-0.0282,Money Market,PHP,N,1,A,SLPMM,Sun Life Phils - Money Market Fund
2015-12-15,1.0658,true,2015-12-14,0.0094,0.0282,Money Market,PHP,N,1,A,SLPMM,Sun Life Phils - Money Market Fund
2015-12-14,1.0654,true,2015-12-13,-0.0375,-0.0094,Money Market,PHP,N,1,A,SLPMM,Sun Life Phils - Money Market Fund
2015-12-11,1.0659,true,2015-12-10,0.0094,0.0375,Money Market,PHP,N,1,A,SLPMM,Sun Life Phils - Money Market Fund
2015-12-10,1.0662,true,2015-12-09,0.0375,0.0657,Money Market,PHP,N,1,A,SLPMM,Sun Life Phils - Money Market Fund
2015-12-09,1.0662,true,2015-12-08,0.0281,0.0657,Money Market,PHP,N,1,A,SLPMM,Sun Life Phils - Money Market Fund
2015-12-08,1.0662,true,2015-12-07,0.0281,0.0657,Money Market,PHP,N,1,A,SLPMM,Sun Life Phils - Money Market Fund
2015-12-07,1.066,true,2015-12-06,0.0094,0.0469,Money Market,PHP,N,1,A,SLPMM,Sun Life Phils - Money Market Fund
2015-12-04,1.0661,true,2015-12-03,0.0094,0.0563,Money Market,PHP,N,1,A,SLPMM,Sun Life Phils - Money Market Fund
2015-12-03,1.066,true,2015-12-02,0.0,0.0469,Money Market,PHP,N,1,A,SLPMM,Sun Life Phils - Money Market Fund
2015-12-02,1.067,true,2015-12-01,0.0938,0.1408,Money Market,PHP,N,1,A,SLPMM,Sun Life Phils - Money Market Fund
2015-12-01,1.0664,true,2015-11-30,0.0375,0.0845,Money Market,PHP,N,1,A,SLPMM,Sun Life Phils - Money Market Fund
2015-11-27,1.0666,true,2015-11-26,0.0469,0.1032,Money Market,PHP,N,1,A,SLPMM,Sun Life Phils - Money Market Fund
2015-11-26,1.0663,true,2015-11-25,0.0188,0.0751,Money Market,PHP,N,1,A,SLPMM,Sun Life Phils - Money Market Fund
2015-11-25,1.0662,true,2015-11-24,0.0094,0.0657,Money Market,PHP,N,1,A,SLPMM,Sun Life Phils - Money Market Fund
2015-11-24,1.0664,true,2015-11-23,0.0188,0.0845,Money Market,PHP,N,1,A,SLPMM,Sun Life Phils - Money Market Fund
2015-11-23,1.0656,true,2015-11-22,-0.0563,0.0094,Money Market,PHP,N,1,A,SLPMM,Sun Life Phils - Money Market Fund
2015-11-20,1.0663,true,2015-11-19,0.0094,0.0751,Money Market,PHP,N,1,A,SLPMM,Sun Life Phils - Money Market Fund
2015-11-17,1.0665,true,2015-11-16,0.0188,0.0939,Money Market,PHP,N,1,A,SLPMM,Sun Life Phils - Money Market Fund
2015-11-16,1.0665,true,2015-11-15,0.0188,0.0939,Money Market,PHP,N,1,A,SLPMM,Sun Life Phils - Money Market Fund
2015-11-13,1.0658,true,2015-11-12,-0.0563,0.0282,Money Market,PHP,N,1,A,SLPMM,Sun Life Phils - Money Market Fund
2015-11-12,1.0665,true,2015-11-11,0.0094,0.0939,Money Market,PHP,N,1,A,SLPMM,Sun Life Phils - Money Market Fund
2015-11-11,1.0664,true,2015-11-10,0.0,0.0845,Money Market,PHP,N,1,A,SLPMM,Sun Life Phils - Money Market Fund
2015-11-10,1.0665,true,2015-11-09,0.0094,0.0939,Money Market,PHP,N,1,A,SLPMM,Sun Life Phils - Money Market Fund
2015-11-09,1.0661,true,2015-11-08,-0.0375,0.0563,Money Market,PHP,N,1,A,SLPMM,Sun Life Phils - Money Market Fund
2015-11-06,1.0662,true,2015-11-05,-0.0281,0.0657,Money Market,PHP,N,1,A,SLPMM,Sun Life Phils - Money Market Fund
2015-11-05,1.0669,true,2015-11-04,0.0375,0.1314,Money Market,PHP,N,1,A,SLPMM,Sun Life Phils - Money Market Fund
2015-11-04,1.0669,true,2015-11-03,0.0375,0.1314,Money Market,PHP,N,1,A,SLPMM,Sun Life Phils - Money Market Fund
2015-11-03,1.0669,true,2015-11-02,0.0281,0.1314,Money Market,PHP,N,1,A,SLPMM,Sun Life Phils - Money Market Fund
2015-11-02,1.0669,true,2015-11-01,0.0281,0.1314,Money Market,PHP,N,1,A,SLPMM,Sun Life Phils - Money Market Fund
2015-10-30,1.0657,true,2015-10-29,-0.0844,0.0188,Money Market,PHP,N,1,A,SLPMM,Sun Life Phils - Money Market Fund
2015-10-29,1.0666,true,2015-10-28,0.0,0.1032,Money Market,PHP,N,1,A,SLPMM,Sun Life Phils - Money Market Fund
2015-10-28,1.0662,true,2015-10-27,-0.0469,0.0657,Money Market,PHP,N,1,A,SLPMM,Sun Life Phils - Money Market Fund
2015-10-27,1.0673,true,2015-10-26,0.0562,0.1689,Money Market,PHP,N,1,A,SLPMM,Sun Life Phils - Money Market Fund
2015-10-26,1.0664,true,2015-10-25,-0.0281,0.0845,Money Market,PHP,N,1,A,SLPMM,Sun Life Phils - Money Market Fund
2015-10-23,1.0664,true,2015-10-22,-0.0375,0.0845,Money Market,PHP,N,1,A,SLPMM,Sun Life Phils - Money Market Fund
2015-10-22,1.0654,true,2015-10-21,-0.1312,-0.0094,Money Market,PHP,N,1,A,SLPMM,Sun Life Phils - Money Market Fund
2015-10-21,1.0662,true,2015-10-20,-0.0562,0.0657,Money Market,PHP,N,1,A,SLPMM,Sun Life Phils - Money Market Fund
2015-10-20,1.0666,true,2015-10-19,-0.0187,0.1032,Money Market,PHP,N,1,A,SLPMM,Sun Life Phils - Money Market Fund
2015-10-19,1.0666,true,2015-10-18,-0.0281,0.1032,Money Market,PHP,N,1,A,SLPMM,Sun Life Phils - Money Market Fund
2015-10-16,1.067,true,2015-10-15,0.0094,0.1408,Money Market,PHP,N,1,A,SLPMM,Sun Life Phils - Money Market Fund
2015-10-15,1.0669,true,2015-10-14,0.0,0.1314,Money Market,PHP,N,1,A,SLPMM,Sun Life Phils - Money Market Fund
2015-10-14,1.0668,true,2015-10-13,-0.0094,0.122,Money Market,PHP,N,1,A,SLPMM,Sun Life Phils - Money Market Fund
2015-10-13,1.067,true,2015-10-12,0.0094,0.1408,Money Market,PHP,N,1,A,SLPMM,Sun Life Phils - Money Market Fund
2015-10-12,1.0675,true,2015-10-11,0.0469,0.1877,Money Market,PHP,N,1,A,SLPMM,Sun Life Phils - Money Market Fund
2015-10-09,1.0667,true,2015-10-08,-0.0281,0.1126,Money Market,PHP,N,1,A,SLPMM,Sun Life Phils - Money Market Fund
2015-10-08,1.0675,true,2015-10-07,0.0469,0.1877,Money Market,PHP,N,1,A,SLPMM,Sun Life Phils - Money Market Fund
2015-10-07,1.0675,true,2015-10-06,0.0375,0.1877,Money Market,PHP,N,1,A,SLPMM,Sun Life Phils - Money Market Fund
2015-10-06,1.0674,true,2015-10-05,0.0187,0.1783,Money Market,PHP,N,1,A,SLPMM,Sun Life Phils - Money Market Fund
2015-10-05,1.0673,true,2015-10-04,0.0094,0.1689,Money Market,PHP,N,1,A,SLPMM,Sun Life Phils - Money Market Fund
2015-10-02,1.0668,true,2015-10-01,-0.0281,0.122,Money Market,PHP,N,1,A,SLPMM,Sun Life Phils - Money Market Fund
2015-10-01,1.0667,true,2015-09-30,-0.0375,0.1126,Money Market,PHP,N,1,A,SLPMM,Sun Life Phils - Money Market Fund
2015-09-30,1.067,true,2015-09-29,-0.0094,0.1408,Money Market,PHP,N,1,A,SLPMM,Sun Life Phils - Money Market Fund
2015-09-29,1.0667,true,2015-09-28,-0.0375,0.1126,Money Market,PHP,N,1,A,SLPMM,Sun Life Phils - Money Market Fund
2015-09-28,1.0667,true,2015-09-27,-0.0375,0.1126,Money Market,PHP,N,1,A,SLPMM,Sun Life Phils - Money Market Fund
2015-09-24,1.0671,true,2015-09-23,0.0,0.1502,Money Market,PHP,N,1,A,SLPMM,Sun Life Phils - Money Market Fund
2015-09-23,1.0673,true,2015-09-22,0.0187,0.1689,Money Market,PHP,N,1,A,SLPMM,Sun Life Phils - Money Market Fund
2015-09-22,1.0671,true,2015-09-21,0.0,0.1502,Money Market,PHP,N,1,A,SLPMM,Sun Life Phils - Money Market Fund
2015-09-21,1.0673,true,2015-09-20,0.0094,0.1689,Money Market,PHP,N,1,A,SLPMM,Sun Life Phils - Money Market Fund
2015-09-18,1.0674,true,2015-09-17,0.0187,0.1783,Money Market,PHP,N,1,A,SLPMM,Sun Life Phils - Money Market Fund
2015-09-17,1.067,true,2015-09-16,-0.0187,0.1408,Money Market,PHP,N,1,A,SLPMM,Sun Life Phils - Money Market Fund
2015-09-16,1.0671,true,2015-09-15,-0.0094,0.1502,Money Market,PHP,N,1,A,SLPMM,Sun Life Phils - Money Market Fund
2015-09-15,1.0673,true,2015-09-14,0.0562,0.1689,Money Market,PHP,N,1,A,SLPMM,Sun Life Phils - Money Market Fund
2015-09-14,1.0671,true,2015-09-13,0.0938,0.1502,Money Market,PHP,N,1,A,SLPMM,Sun Life Phils - Money Market Fund
2015-09-11,1.0674,true,2015-09-10,0.0844,0.1783,Money Market,PHP,N,1,A,SLPMM,Sun Life Phils - Money Market Fund
2015-09-10,1.0674,true,2015-09-09,0.0844,0.1783,Money Market,PHP,N,1,A,SLPMM,Sun Life Phils - Money Market Fund
2015-09-09,1.0675,true,2015-09-08,0.0938,0.1877,Money Market,PHP,N,1,A,SLPMM,Sun Life Phils - Money Market Fund
2015-09-08,1.0676,true,2015-09-07,0.1031,0.1971,Money Market,PHP,N,1,A,SLPMM,Sun Life Phils - Money Market Fund
2015-09-07,1.067,true,2015-09-06,0.0563,0.1408,Money Market,PHP,N,1,A,SLPMM,Sun Life Phils - Money Market Fund
2015-09-04,1.0677,true,2015-09-03,0.1125,0.2065,Money Market,PHP,N,1,A,SLPMM,Sun Life Phils - Money Market Fund
2015-09-03,1.067,true,2015-09-02,0.0375,0.1408,Money Market,PHP,N,1,A,SLPMM,Sun Life Phils - Money Market Fund
2015-09-02,1.0669,true,2015-09-01,0.0281,0.1314,Money Market,PHP,N,1,A,SLPMM,Sun Life Phils - Money Market Fund
2015-09-01,1.0667,true,2015-08-31,0.0094,0.1126,Money Market,PHP,N,1,A,SLPMM,Sun Life Phils - Money Market Fund
2015-08-28,1.0668,true,2015-08-27,0.0094,0.122,Money Market,PHP,N,1,A,SLPMM,Sun Life Phils - Money Market Fund
2015-08-27,1.0666,true,2015-08-26,-0.0094,0.1032,Money Market,PHP,N,1,A,SLPMM,Sun Life Phils - Money Market Fund
2015-08-26,1.0665,true,2015-08-25,-0.0281,0.0939,Money Market,PHP,N,1,A,SLPMM,Sun Life Phils - Money Market Fund
2015-08-25,1.0663,true,2015-08-24,-0.0094,0.0751,Money Market,PHP,N,1,A,SLPMM,Sun Life Phils - Money Market Fund
2015-08-24,1.0658,true,2015-08-23,-0.0563,0.0282,Money Market,PHP,N,1,A,SLPMM,Sun Life Phils - Money Market Fund
2015-08-20,1.0656,true,2015-08-19,-0.0938,0.0094,Money Market,PHP,N,1,A,SLPMM,Sun Life Phils - Money Market Fund
2015-08-19,1.0664,true,2015-08-18,-0.0281,0.0845,Money Market,PHP,N,1,A,SLPMM,Sun Life Phils - Money Market Fund
2015-08-18,1.0661,true,2015-08-17,-0.0562,0.0563,Money Market,PHP,N,1,A,SLPMM,Sun Life Phils - Money Market Fund
2015-08-17,1.066,true,2015-08-16,-0.0563,0.0469,Money Market,PHP,N,1,A,SLPMM,Sun Life Phils - Money Market Fund
2015-08-14,1.0661,true,2015-08-13,-0.0562,0.0563,Money Market,PHP,N,1,A,SLPMM,Sun Life Phils - Money Market Fund
2015-08-13,1.0656,true,2015-08-12,-0.1031,0.0094,Money Market,PHP,N,1,A,SLPMM,Sun Life Phils - Money Market Fund
2015-08-12,1.0657,true,2015-08-11,-0.0937,0.0188,Money Market,PHP,N,1,A,SLPMM,Sun Life Phils - Money Market Fund
2015-08-11,1.0656,true,2015-08-10,-0.1125,0.0094,Money Market,PHP,N,1,A,SLPMM,Sun Life Phils - Money Market Fund
2015-08-10,1.0655,true,2015-08-09,-0.1031,0.0,Money Market,PHP,N,1,A,SLPMM,Sun Life Phils - Money Market Fund
2015-08-07,1.0656,true,2015-08-06,-0.1312,0.0094,Money Market,PHP,N,1,A,SLPMM,Sun Life Phils - Money Market Fund
2015-08-06,1.0654,true,2015-08-05,-0.1406,-0.0094,Money Market,PHP,N,1,A,SLPMM,Sun Life Phils - Money Market Fund
2015-08-05,1.0653,true,2015-08-04,-0.1593,-0.0188,Money Market,PHP,N,1,A,SLPMM,Sun Life Phils - Money Market Fund
2015-08-04,1.0654,true,2015-08-03,-0.15,-0.0094,Money Market,PHP,N,1,A,SLPMM,Sun Life Phils - Money Market Fund
2015-08-03,1.0651,true,2015-08-02,-0.1687,-0.0375,Money Market,PHP,N,1,A,SLPMM,Sun Life Phils - Money Market Fund
2015-07-31,1.0647,true,2015-07-30,-0.2156,-0.0751,Money Market,PHP,N,1,A,SLPMM,Sun Life Phils - Money Market Fund
2015-07-30,1.0648,true,2015-07-29,-0.2155,-0.0657,Money Market,PHP,N,1,A,SLPMM,Sun Life Phils - Money Market Fund
2015-07-29,1.0647,true,2015-07-28,-0.2156,-0.0751,Money Market,PHP,N,1,A,SLPMM,Sun Life Phils - Money Market Fund
2015-07-28,1.0648,true,2015-07-27,-0.2062,-0.0657,Money Market,PHP,N,1,A,SLPMM,Sun Life Phils - Money Market Fund
2015-07-27,1.0648,true,2015-07-26,-0.2155,-0.0657,Money Market,PHP,N,1,A,SLPMM,Sun Life Phils - Money Market Fund
2015-07-24,1.0649,true,2015-07-23,-0.2062,-0.0563,Money Market,PHP,N,1,A,SLPMM,Sun Life Phils - Money Market Fund
2015-07-23,1.0651,true,2015-07-22,-0.1874,-0.0375,Money Market,PHP,N,1,A,SLPMM,Sun Life Phils - Money Market Fund
2015-07-22,1.065,true,2015-07-21,-0.2061,-0.0469,Money Market,PHP,N,1,A,SLPMM,Sun Life Phils - Money Market Fund
2015-07-21,1.065,true,2015-07-20,-0.1968,-0.0469,Money Market,PHP,N,1,A,SLPMM,Sun Life Phils - Money Market Fund
2015-07-20,1.0647,true,2015-07-19,-0.2249,-0.0751,Money Market,PHP,N,1,A,SLPMM,Sun Life Phils - Money Market Fund
2015-07-16,1.065,true,2015-07-15,-0.2061,-0.0469,Money Market,PHP,N,1,A,SLPMM,Sun Life Phils - Money Market Fund
2015-07-15,1.0649,true,2015-07-14,-0.2155,-0.0563,Money Market,PHP,N,1,A,SLPMM,Sun Life Phils - Money Market Fund
2015-07-14,1.0648,true,2015-07-13,-0.2342,-0.0657,Money Market,PHP,N,1,A,SLPMM,Sun Life Phils - Money Market Fund
2015-07-13,1.0648,true,2015-07-12,-0.2436,-0.0657,Money Market,PHP,N,1,A,SLPMM,Sun Life Phils - Money Market Fund
2015-07-10,1.0648,true,2015-07-09,-0.2342,-0.0657,Money Market,PHP,N,1,A,SLPMM,Sun Life Phils - Money Market Fund
2015-07-09,1.0646,true,2015-07-08,-0.2717,-0.0845,Money Market,PHP,N,1,A,SLPMM,Sun Life Phils - Money Market Fund
2015-07-08,1.0645,true,2015-07-07,-0.281,-0.0939,Money Market,PHP,N,1,A,SLPMM,Sun Life Phils - Money Market Fund
2015-07-07,1.0642,true,2015-07-06,-0.2905,-0.122,Money Market,PHP,N,1,A,SLPMM,Sun Life Phils - Money Market Fund
2015-07-06,1.064,true,2015-07-05,-0.3092,-0.1408,Money Market,PHP,N,1,A,SLPMM,Sun Life Phils - Money Market Fund
2015-07-03,1.0641,true,2015-07-02,-0.3185,-0.1314,Money Market,PHP,N,1,A,SLPMM,Sun Life Phils - Money Market Fund
2015-07-02,1.0635,true,2015-07-01,-0.384,-0.1877,Money Market,PHP,N,1,A,SLPMM,Sun Life Phils - Money Market Fund
2015-07-01,1.064,true,2015-06-30,-0.3279,-0.1408,Money Market,PHP,N,1,A,SLPMM,Sun Life Phils - Money Market Fund
2015-06-30,1.064,true,2015-06-29,-0.3372,-0.1408,Money Market,PHP,N,1,A,SLPMM,Sun Life Phils - Money Market Fund
2015-06-29,1.0634,true,2015-06-28,-0.3841,-0.1971,Money Market,PHP,N,1,A,SLPMM,Sun Life Phils - Money Market Fund
2015-06-26,1.0635,true,2015-06-25,-0.384,-0.1877,Money Market,PHP,N,1,A,SLPMM,Sun Life Phils - Money Market Fund
2015-06-25,1.0634,true,2015-06-24,-0.3934,-0.1971,Money Market,PHP,N,1,A,SLPMM,Sun Life Phils - Money Market Fund
2015-06-24,1.0634,true,2015-06-23,-0.4027,-0.1971,Money Market,PHP,N,1,A,SLPMM,Sun Life Phils - Money Market Fund
2015-06-23,1.0634,true,2015-06-22,-0.4027,-0.1971,Money Market,PHP,N,1,A,SLPMM,Sun Life Phils - Money Market Fund
2015-06-22,1.0634,true,2015-06-21,-0.3934,-0.1971,Money Market,PHP,N,1,A,SLPMM,Sun Life Phils - Money Market Fund
2015-06-19,1.064,true,2015-06-18,-0.3559,-0.1408,Money Market,PHP,N,1,A,SLPMM,Sun Life Phils - Money Market Fund
2015-06-18,1.0638,true,2015-06-17,-0.3746,-0.1595,Money Market,PHP,N,1,A,SLPMM,Sun Life Phils - Money Market Fund
2015-06-17,1.0638,true,2015-06-16,-0.3746,-0.1595,Money Market,PHP,N,1,A,SLPMM,Sun Life Phils - Money Market Fund
2015-06-16,1.063,true,2015-06-15,-0.4495,-0.2346,Money Market,PHP,N,1,A,SLPMM,Sun Life Phils - Money Market Fund
2015-06-15,1.0637,true,2015-06-14,-0.384,-0.1689,Money Market,PHP,N,1,A,SLPMM,Sun Life Phils - Money Market Fund
2015-06-11,1.0642,true,2015-06-10,-0.3465,-0.122,Money Market,PHP,N,1,A,SLPMM,Sun Life Phils - Money Market Fund
2015-06-10,1.0638,true,2015-06-09,-0.3746,-0.1595,Money Market,PHP,N,1,A,SLPMM,Sun Life Phils - Money Market Fund
2015-06-09,1.0638,true,2015-06-08,-0.3746,-0.1595,Money Market,PHP,N,1,A,SLPMM,Sun Life Phils - Money Market Fund
2015-06-08,1.064,true,2015-06-07,-0.3559,-0.1408,Money Market,PHP,N,1,A,SLPMM,Sun Life Phils - Money Market Fund
2015-06-05,1.064,true,2015-06-04,-0.3652,-0.1408,Money Market,PHP,N,1,A,SLPMM,Sun Life Phils - Money Market Fund
2015-06-04,1.0636,true,2015-06-03,-0.4027,-0.1783,Money Market,PHP,N,1,A,SLPMM,Sun Life Phils - Money Market Fund
2015-06-03,1.0638,true,2015-06-02,-0.3839,-0.1595,Money Market,PHP,N,1,A,SLPMM,Sun Life Phils - Money Market Fund
2015-06-02,1.0638,true,2015-06-01,-0.3839,-0.1595,Money Market,PHP,N,1,A,SLPMM,Sun Life Phils - Money Market Fund
2015-06-01,1.0636,true,2015-05-31,-0.4027,-0.1783,Money Market,PHP,N,1,A,SLPMM,Sun Life Phils - Money Market Fund
2015-05-29,1.0635,true,2015-05-28,-0.412,-0.1877,Money Market,PHP,N,1,A,SLPMM,Sun Life Phils - Money Market Fund
2015-05-28,1.0632,true,2015-05-27,-0.4494,-0.2159,Money Market,PHP,N,1,A,SLPMM,Sun Life Phils - Money Market Fund
2015-05-27,1.0631,true,2015-05-26,-0.4588,-0.2252,Money Market,PHP,N,1,A,SLPMM,Sun Life Phils - Money Market Fund
2015-05-26,1.0632,true,2015-05-25,-0.4494,-0.2159,Money Market,PHP,N,1,A,SLPMM,Sun Life Phils - Money Market Fund
2015-05-25,1.0632,true,2015-05-24,-0.4494,-0.2159,Money Market,PHP,N,1,A,SLPMM,Sun Life Phils - Money Market Fund
2015-05-22,1.0636,true,2015-05-21,-0.412,-0.1783,Money Market,PHP,N,1,A,SLPMM,Sun Life Phils - Money Market Fund
2015-05-21,1.0632,true,2015-05-20,-0.4588,-0.2159,Money Market,PHP,N,1,A,SLPMM,Sun Life Phils - Money Market Fund
2015-05-20,1.0632,true,2015-05-19,-0.4588,-0.2159,Money Market,PHP,N,1,A,SLPMM,Sun Life Phils - Money Market Fund
2015-05-19,1.0631,true,2015-05-18,-0.4681,-0.2252,Money Market,PHP,N,1,A,SLPMM,Sun Life Phils - Money Market Fund
2015-05-18,1.0631,true,2015-05-17,-0.4681,-0.2252,Money Market,PHP,N,1,A,SLPMM,Sun Life Phils - Money Market Fund
2015-05-15,1.0632,true,2015-05-14,-0.4588,-0.2159,Money Market,PHP,N,1,A,SLPMM,Sun Life Phils - Money Market Fund
2015-05-14,1.0631,true,2015-05-13,-0.4681,-0.2252,Money Market,PHP,N,1,A,SLPMM,Sun Life Phils - Money Market Fund
2015-05-13,1.0631,true,2015-05-12,-0.4774,-0.2252,Money Market,PHP,N,1,A,SLPMM,Sun Life Phils - Money Market Fund
2015-05-12,1.0634,true,2015-05-11,-0.4494,-0.1971,Money Market,PHP,N,1,A,SLPMM,Sun Life Phils - Money Market Fund
2015-05-11,1.0634,true,2015-05-10,-0.4494,-0.1971,Money Market,PHP,N,1,A,SLPMM,Sun Life Phils - Money Market Fund
2015-05-08,1.0634,true,2015-05-07,-0.4494,-0.1971,Money Market,PHP,N,1,A,SLPMM,Sun Life Phils - Money Market Fund
2015-05-07,1.0634,true,2015-05-06,-0.4494,-0.1971,Money Market,PHP,N,1,A,SLPMM,Sun Life Phils - Money Market Fund
2015-05-06,1.0634,true,2015-05-05,-0.4494,-0.1971,Money Market,PHP,N,1,A,SLPMM,Sun Life Phils - Money Market Fund
2015-05-05,1.0634,true,2015-05-04,-0.4494,-0.1971,Money Market,PHP,N,1,A,SLPMM,Sun Life Phils - Money Market Fund
2015-05-04,1.0634,true,2015-05-03,-0.4494,-0.1971,Money Market,PHP,N,1,A,SLPMM,Sun Life Phils - Money Market Fund
2015-04-30,1.0635,true,2015-04-29,-0.4493,-0.1877,Money Market,PHP,N,1,A,SLPMM,Sun Life Phils - Money Market Fund
2015-04-29,1.0635,true,2015-04-28,-0.4493,-0.1877,Money Market,PHP,N,1,A,SLPMM,Sun Life Phils - Money Market Fund
2015-04-28,1.0635,true,2015-04-27,-0.4493,-0.1877,Money Market,PHP,N,1,A,SLPMM,Sun Life Phils - Money Market Fund
2015-04-27,1.0635,true,2015-04-26,-0.4493,-0.1877,Money Market,PHP,N,1,A,SLPMM,Sun Life Phils - Money Market Fund
2015-04-24,1.0636,true,2015-04-23,-0.44,-0.1783,Money Market,PHP,N,1,A,SLPMM,Sun Life Phils - Money Market Fund
2015-04-23,1.0636,true,2015-04-22,-0.44,-0.1783,Money Market,PHP,N,1,A,SLPMM,Sun Life Phils - Money Market Fund
2015-04-22,1.0636,true,2015-04-21,-0.4493,-0.1783,Money Market,PHP,N,1,A,SLPMM,Sun Life Phils - Money Market Fund
2015-04-21,1.0636,true,2015-04-20,-0.4493,-0.1783,Money Market,PHP,N,1,A,SLPMM,Sun Life Phils - Money Market Fund
2015-04-20,1.0636,true,2015-04-19,-0.4493,-0.1783,Money Market,PHP,N,1,A,SLPMM,Sun Life Phils - Money Market Fund
2015-04-17,1.0637,true,2015-04-16,-0.4399,-0.1689,Money Market,PHP,N,1,A,SLPMM,Sun Life Phils - Money Market Fund
2015-04-16,1.0637,true,2015-04-15,-0.4399,-0.1689,Money Market,PHP,N,1,A,SLPMM,Sun Life Phils - Money Market Fund
2015-04-15,1.0638,true,2015-04-14,-0.4306,-0.1595,Money Market,PHP,N,1,A,SLPMM,Sun Life Phils - Money Market Fund
2015-04-14,1.0638,true,2015-04-13,-0.4306,-0.1595,Money Market,PHP,N,1,A,SLPMM,Sun Life Phils - Money Market Fund
2015-04-13,1.0638,true,2015-04-12,-0.4399,-0.1595,Money Market,PHP,N,1,A,SLPMM,Sun Life Phils - Money Market Fund
2015-04-10,1.0639,true,2015-04-09,-0.4398,-0.1502,Money Market,PHP,N,1,A,SLPMM,Sun Life Phils - Money Market Fund
2015-04-08,1.0639,true,2015-04-07,-0.4398,-0.1502,Money Market,PHP,N,1,A,SLPMM,Sun Life Phils - Money Market Fund
2015-04-07,1.0639,true,2015-04-06,-0.4398,-0.1502,Money Market,PHP,N,1,A,SLPMM,Sun Life Phils - Money Market Fund
2015-04-06,1.0639,true,2015-04-05,-0.4491,-0.1502,Money Market,PHP,N,1,A,SLPMM,Sun Life Phils - Money Market Fund
2015-04-01,1.0641,true,2015-03-31,-0.4304,-0.1314,Money Market,PHP,N,1,A,SLPMM,Sun Life Phils - Money Market Fund
2015-03-31,1.0641,true,2015-03-30,-0.4491,-0.1314,Money Market,PHP,N,1,A,SLPMM,Sun Life Phils - Money Market Fund
2015-03-30,1.0641,true,2015-03-29,-0.4491,-0.1314,Money Market,PHP,N,1,A,SLPMM,Sun Life Phils - Money Market Fund
2015-03-27,1.0642,true,2015-03-26,-0.4304,-0.122,Money Market,PHP,N,1,A,SLPMM,Sun Life Phils - Money Market Fund
2015-03-26,1.0642,true,2015-03-25,-0.4211,-0.122,Money Market,PHP,N,1,A,SLPMM,Sun Life Phils - Money Market Fund
2015-03-25,1.0642,true,2015-03-24,-0.4304,-0.122,Money Market,PHP,N,1,A,SLPMM,Sun Life Phils - Money Market Fund
2015-03-24,1.0642,true,2015-03-23,-0.4397,-0.122,Money Market,PHP,N,1,A,SLPMM,Sun Life Phils - Money Market Fund
2015-03-23,1.0642,true,2015-03-22,-0.4304,-0.122,Money Market,PHP,N,1,A,SLPMM,Sun Life Phils - Money Market Fund
2015-03-20,1.0643,true,2015-03-19,-0.4397,-0.1126,Money Market,PHP,N,1,A,SLPMM,Sun Life Phils - Money Market Fund
2015-03-19,1.0643,true,2015-03-18,-0.449,-0.1126,Money Market,PHP,N,1,A,SLPMM,Sun Life Phils - Money Market Fund
2015-03-18,1.0643,true,2015-03-17,-0.449,-0.1126,Money Market,PHP,N,1,A,SLPMM,Sun Life Phils - Money Market Fund
2015-03-17,1.0643,true,2015-03-16,-0.4583,-0.1126,Money Market,PHP,N,1,A,SLPMM,Sun Life Phils - Money Market Fund
2015-03-16,1.0644,true,2015-03-15,-0.4489,-0.1032,Money Market,PHP,N,1,A,SLPMM,Sun Life Phils - Money Market Fund
2015-03-13,1.0644,true,2015-03-12,-0.4489,-0.1032,Money Market,PHP,N,1,A,SLPMM,Sun Life Phils - Money Market Fund
2015-03-12,1.0644,true,2015-03-11,-0.4582,-0.1032,Money Market,PHP,N,1,A,SLPMM,Sun Life Phils - Money Market Fund
2015-03-11,1.0644,true,2015-03-10,-0.4582,-0.1032,Money Market,PHP,N,1,A,SLPMM,Sun Life Phils - Money Market Fund
2015-03-10,1.0644,true,2015-03-09,-0.4582,-0.1032,Money Market,PHP,N,1,A,SLPMM,Sun Life Phils - Money Market Fund
2015-03-09,1.0645,true,2015-03-08,-0.4489,-0.0939,Money Market,PHP,N,1,A,SLPMM,Sun Life Phils - Money Market Fund
2015-03-06,1.0645,true,2015-03-05,-0.4489,-0.0939,Money Market,PHP,N,1,A,SLPMM,Sun Life Phils - Money Market Fund
2015-03-05,1.0645,true,2015-03-04,-0.4582,-0.0939,Money Market,PHP,N,1,A,SLPMM,Sun Life Phils - Money Market Fund
2015-03-04,1.0645,true,2015-03-03,-0.4582,-0.0939,Money Market,PHP,N,1,A,SLPMM,Sun Life Phils - Money Market Fund
2015-03-03,1.0645,true,2015-03-02,-0.4582,-0.0939,Money Market,PHP,N,1,A,SLPMM,Sun Life Phils - Money Market Fund
2015-03-02,1.0645,true,2015-03-01,-0.4582,-0.0939,Money Market,PHP,N,1,A,SLPMM,Sun Life Phils - Money Market Fund
2015-02-27,1.0646,true,2015-02-26,-0.4488,-0.0845,Money Market,PHP,N,1,A,SLPMM,Sun Life Phils - Money Market Fund
2015-02-26,1.0646,true,2015-02-25,-0.4488,-0.0845,Money Market,PHP,N,1,A,SLPMM,Sun Life Phils - Money Market Fund
2015-02-25,1.0646,true,2015-02-24,-0.4488,-0.0845,Money Market,PHP,N,1,A,SLPMM,Sun Life Phils - Money Market Fund
2015-02-24,1.0646,true,2015-02-23,-0.4488,-0.0845,Money Market,PHP,N,1,A,SLPMM,Sun Life Phils - Money Market Fund
2015-02-23,1.0646,true,2015-02-22,-0.4582,-0.0845,Money Market,PHP,N,1,A,SLPMM,Sun Life Phils - Money Market Fund
2015-02-20,1.0646,true,2015-02-19,-0.4582,-0.0845,Money Market,PHP,N,1,A,SLPMM,Sun Life Phils - Money Market Fund
2015-02-18,1.0646,true,2015-02-17,-0.4582,-0.0845,Money Market,PHP,N,1,A,SLPMM,Sun Life Phils - Money Market Fund
2015-02-17,1.0646,true,2015-02-16,-0.4582,-0.0845,Money Market,PHP,N,1,A,SLPMM,Sun Life Phils - Money Market Fund
2015-02-16,1.0647,true,2015-02-15,-0.4581,-0.0751,Money Market,PHP,N,1,A,SLPMM,Sun Life Phils - Money Market Fund
2015-02-13,1.0647,true,2015-02-12,-0.4767,-0.0751,Money Market,PHP,N,1,A,SLPMM,Sun Life Phils - Money Market Fund
2015-02-12,1.0647,true,2015-02-11,-0.4767,-0.0751,Money Market,PHP,N,1,A,SLPMM,Sun Life Phils - Money Market Fund
2015-02-11,1.0647,true,2015-02-10,-0.4767,-0.0751,Money Market,PHP,N,1,A,SLPMM,Sun Life Phils - Money Market Fund
2015-02-10,1.0647,true,2015-02-09,-0.486,-0.0751,Money Market,PHP,N,1,A,SLPMM,Sun Life Phils - Money Market Fund
2015-02-09,1.0647,true,2015-02-08,-0.486,-0.0751,Money Market,PHP,N,1,A,SLPMM,Sun Life Phils - Money Market Fund
2015-02-06,1.0648,true,2015-02-05,-0.4767,-0.0657,Money Market,PHP,N,1,A,SLPMM,Sun Life Phils - Money Market Fund
2015-02-05,1.0648,true,2015-02-04,-0.4581,-0.0657,Money Market,PHP,N,1,A,SLPMM,Sun Life Phils - Money Market Fund
2015-02-04,1.0648,true,2015-02-03,-0.4767,-0.0657,Money Market,PHP,N,1,A,SLPMM,Sun Life Phils - Money Market Fund
2015-02-03,1.0648,true,2015-02-02,-0.4301,-0.0657,Money Market,PHP,N,1,A,SLPMM,Sun Life Phils - Money Market Fund
2015-02-02,1.0648,true,2015-02-01,-0.4767,-0.0657,Money Market,PHP,N,1,A,SLPMM,Sun Life Phils - Money Market Fund
2015-01-30,1.0649,true,2015-01-29,-0.4673,-0.0563,Money Market,PHP,N,1,A,SLPMM,Sun Life Phils - Money Market Fund
2015-01-29,1.0649,true,2015-01-28,-0.4673,-0.0563,Money Market,PHP,N,1,A,SLPMM,Sun Life Phils - Money Market Fund
2015-01-28,1.0649,true,2015-01-27,-0.4673,-0.0563,Money Market,PHP,N,1,A,SLPMM,Sun Life Phils - Money Market Fund
2015-01-27,1.065,true,2015-01-26,-0.3742,-0.0469,Money Market,PHP,N,1,A,SLPMM,Sun Life Phils - Money Market Fund
2015-01-26,1.065,true,2015-01-25,-0.3742,-0.0469,Money Market,PHP,N,1,A,SLPMM,Sun Life Phils - Money Market Fund
2015-01-23,1.065,true,2015-01-22,-0.3742,-0.0469,Money Market,PHP,N,1,A,SLPMM,Sun Life Phils - Money Market Fund
2015-01-22,1.065,true,2015-01-21,-0.3742,-0.0469,Money Market,PHP,N,1,A,SLPMM,Sun Life Phils - Money Market Fund
2015-01-21,1.0651,true,2015-01-20,-0.3648,-0.0375,Money Market,PHP,N,1,A,SLPMM,Sun Life Phils - Money Market Fund
2015-01-20,1.0651,true,2015-01-19,-0.3648,-0.0375,Money Market,PHP,N,1,A,SLPMM,Sun Life Phils - Money Market Fund
2015-01-19,1.0651,true,2015-01-18,-0.3741,-0.0375,Money Market,PHP,N,1,A,SLPMM,Sun Life Phils - Money Market Fund
2015-01-14,1.0652,true,2015-01-13,-0.3648,-0.0282,Money Market,PHP,N,1,A,SLPMM,Sun Life Phils - Money Market Fund
2015-01-13,1.0652,true,2015-01-12,-0.3648,-0.0282,Money Market,PHP,N,1,A,SLPMM,Sun Life Phils - Money Market Fund
2015-01-12,1.0652,true,2015-01-11,-0.3741,-0.0282,Money Market,PHP,N,1,A,SLPMM,Sun Life Phils - Money Market Fund
2015-01-09,1.0653,true,2015-01-08,-0.3648,-0.0188,Money Market,PHP,N,1,A,SLPMM,Sun Life Phils - Money Market Fund
2015-01-08,1.0653,true,2015-01-07,-0.3648,-0.0188,Money Market,PHP,N,1,A,SLPMM,Sun Life Phils - Money Market Fund
2015-01-07,1.0653,true,2015-01-06,-0.3741,-0.0188,Money Market,PHP,N,1,A,SLPMM,Sun Life Phils - Money Market Fund
2015-01-06,1.0653,true,2015-01-05,-0.3741,-0.0188,Money Market,PHP,N,1,A,SLPMM,Sun Life Phils - Money Market Fund
2015-01-05,1.0654,true,2015-01-04,-0.3647,-0.0094,Money Market,PHP,N,1,A,SLPMM,Sun Life Phils - Money Market Fund
2014-12-29,1.0655,true,2014-12-28,-0.374,-0.374,Money Market,PHP,N,1,A,SLPMM,Sun Life Phils - Money Market Fund
2014-12-23,1.0656,true,2014-12-22,-0.374,-0.3647,Money Market,PHP,N,1,A,SLPMM,Sun Life Phils - Money Market Fund
2014-12-22,1.0656,true,2014-12-21,-0.3833,-0.3647,Money Market,PHP,N,1,A,SLPMM,Sun Life Phils - Money Market Fund
2014-12-19,1.0657,true,2014-12-18,-0.3739,-0.3553,Money Market,PHP,N,1,A,SLPMM,Sun Life Phils - Money Market Fund
2014-12-18,1.0657,true,2014-12-17,-0.3739,-0.3553,Money Market,PHP,N,1,A,SLPMM,Sun Life Phils - Money Market Fund
2014-12-17,1.0657,true,2014-12-16,-0.3739,-0.3553,Money Market,PHP,N,1,A,SLPMM,Sun Life Phils - Money Market Fund
2014-12-16,1.0657,true,2014-12-15,-0.3832,-0.3553,Money Market,PHP,N,1,A,SLPMM,Sun Life Phils - Money Market Fund
2014-12-15,1.0657,true,2014-12-14,-0.3832,-0.3553,Money Market,PHP,N,1,A,SLPMM,Sun Life Phils - Money Market Fund
2014-12-12,1.0658,true,2014-12-11,-0.3739,-0.346,Money Market,PHP,N,1,A,SLPMM,Sun Life Phils - Money Market Fund
2014-12-11,1.0658,true,2014-12-10,-0.3832,-0.346,Money Market,PHP,N,1,A,SLPMM,Sun Life Phils - Money Market Fund
2014-12-10,1.0658,true,2014-12-09,-0.3832,-0.346,Money Market,PHP,N,1,A,SLPMM,Sun Life Phils - Money Market Fund
2014-12-09,1.0659,true,2014-12-08,-0.3739,-0.3366,Money Market,PHP,N,1,A,SLPMM,Sun Life Phils - Money Market Fund
2014-12-08,1.0659,true,2014-12-07,-0.3832,-0.3366,Money Market,PHP,N,1,A,SLPMM,Sun Life Phils - Money Market Fund
2014-12-05,1.0659,true,2014-12-04,-0.3832,-0.3366,Money Market,PHP,N,1,A,SLPMM,Sun Life Phils - Money Market Fund
2014-12-04,1.066,true,2014-12-03,-0.3738,-0.3273,Money Market,PHP,N,1,A,SLPMM,Sun Life Phils - Money Market Fund
2014-12-03,1.066,true,2014-12-02,-0.3738,-0.3273,Money Market,PHP,N,1,A,SLPMM,Sun Life Phils - Money Market Fund
2014-12-02,1.066,true,2014-12-01,-0.3738,-0.3273,Money Market,PHP,N,1,A,SLPMM,Sun Life Phils - Money Market Fund
2014-12-01,1.066,true,2014-11-30,-0.3831,-0.3273,Money Market,PHP,N,1,A,SLPMM,Sun Life Phils - Money Market Fund
2014-11-28,1.0661,true,2014-11-27,-0.3738,-0.3179,Money Market,PHP,N,1,A,SLPMM,Sun Life Phils - Money Market Fund
2014-11-27,1.0661,true,2014-11-26,-0.3738,-0.3179,Money Market,PHP,N,1,A,SLPMM,Sun Life Phils - Money Market Fund
2014-11-26,1.0661,true,2014-11-25,-0.3738,-0.3179,Money Market,PHP,N,1,A,SLPMM,Sun Life Phils - Money Market Fund
2014-11-25,1.0661,true,2014-11-24,-0.3831,-0.3179,Money Market,PHP,N,1,A,SLPMM,Sun Life Phils - Money Market Fund
2014-11-24,1.0662,true,2014-11-23,-0.3738,-0.3086,Money Market,PHP,N,1,A,SLPMM,Sun Life Phils - Money Market Fund
2014-11-21,1.0662,true,2014-11-20,-0.3738,-0.3086,Money Market,PHP,N,1,A,SLPMM,Sun Life Phils - Money Market Fund
2014-11-20,1.0662,true,2014-11-19,-0.3738,-0.3086,Money Market,PHP,N,1,A,SLPMM,Sun Life Phils - Money Market Fund
2014-11-19,1.0663,true,2014-11-18,-0.3737,-0.2992,Money Market,PHP,N,1,A,SLPMM,Sun Life Phils - Money Market Fund
2014-11-18,1.0663,true,2014-11-17,-0.3737,-0.2992,Money Market,PHP,N,1,A,SLPMM,Sun Life Phils - Money Market Fund
2014-11-17,1.0663,true,2014-11-16,-0.3737,-0.2992,Money Market,PHP,N,1,A,SLPMM,Sun Life Phils - Money Market Fund
2014-11-14,1.0663,true,2014-11-13,-0.3737,-0.2992,Money Market,PHP,N,1,A,SLPMM,Sun Life Phils - Money Market Fund
2014-11-13,1.0664,true,2014-11-12,-0.3737,-0.2899,Money Market,PHP,N,1,A,SLPMM,Sun Life Phils - Money Market Fund
2014-11-12,1.0664,true,2014-11-11,-0.3737,-0.2899,Money Market,PHP,N,1,A,SLPMM,Sun Life Phils - Money Market Fund
2014-11-11,1.0664,true,2014-11-10,-0.3737,-0.2899,Money Market,PHP,N,1,A,SLPMM,Sun Life Phils - Money Market Fund
2014-11-10,1.0664,true,2014-11-09,-0.3737,-0.2899,Money Market,PHP,N,1,A,SLPMM,Sun Life Phils - Money Market Fund
2014-11-07,1.0665,true,2014-11-06,-0.3737,-0.2805,Money Market,PHP,N,1,A,SLPMM,Sun Life Phils - Money Market Fund
2014-11-06,1.0665,true,2014-11-05,-0.3737,-0.2805,Money Market,PHP,N,1,A,SLPMM,Sun Life Phils - Money Market Fund
2014-11-05,1.0665,true,2014-11-04,-0.3737,-0.2805,Money Market,PHP,N,1,A,SLPMM,Sun Life Phils - Money Market Fund
2014-11-04,1.0665,true,2014-11-03,-0.3737,-0.2805,Money Market,PHP,N,1,A,SLPMM,Sun Life Phils - Money Market Fund
2014-11-03,1.0666,true,2014-11-02,-0.3736,-0.2712,Money Market,PHP,N,1,A,SLPMM,Sun Life Phils - Money Market Fund
2014-10-31,1.0666,true,2014-10-30,-0.3736,-0.2712,Money Market,PHP,N,1,A,SLPMM,Sun Life Phils - Money Market Fund
2014-10-30,1.0666,true,2014-10-29,-0.3736,-0.2712,Money Market,PHP,N,1,A,SLPMM,Sun Life Phils - Money Market Fund
2014-10-29,1.0666,true,2014-10-28,-0.3736,-0.2712,Money Market,PHP,N,1,A,SLPMM,Sun Life Phils - Money Market Fund
2014-10-28,1.0667,true,2014-10-27,-0.3736,-0.2618,Money Market,PHP,N,1,A,SLPMM,Sun Life Phils - Money Market Fund
2014-10-27,1.0667,true,2014-10-26,-0.3736,-0.2618,Money Market,PHP,N,1,A,SLPMM,Sun Life Phils - Money Market Fund
2014-10-24,1.0667,true,2014-10-23,-0.3736,-0.2618,Money Market,PHP,N,1,A,SLPMM,Sun Life Phils - Money Market Fund
2014-10-23,1.0668,true,2014-10-22,-0.3642,-0.2525,Money Market,PHP,N,1,A,SLPMM,Sun Life Phils - Money Market Fund
2014-10-22,1.0668,true,2014-10-21,-0.3736,-0.2525,Money Market,PHP,N,1,A,SLPMM,Sun Life Phils - Money Market Fund
2014-10-21,1.0668,true,2014-10-20,-0.3736,-0.2525,Money Market,PHP,N,1,A,SLPMM,Sun Life Phils - Money Market Fund
2014-10-20,1.0668,true,2014-10-19,-0.3736,-0.2525,Money Market,PHP,N,1,A,SLPMM,Sun Life Phils - Money Market Fund
2014-10-17,1.0669,true,2014-10-16,-0.3642,-0.2431,Money Market,PHP,N,1,A,SLPMM,Sun Life Phils - Money Market Fund
2014-10-16,1.0669,true,2014-10-15,-0.3642,-0.2431,Money Market,PHP,N,1,A,SLPMM,Sun Life Phils - Money Market Fund
2014-10-15,1.0669,true,2014-10-14,-0.3735,-0.2431,Money Market,PHP,N,1,A,SLPMM,Sun Life Phils - Money Market Fund
2014-10-14,1.0669,true,2014-10-13,-0.3735,-0.2431,Money Market,PHP,N,1,A,SLPMM,Sun Life Phils - Money Market Fund
2014-10-13,1.0669,true,2014-10-12,-0.3735,-0.2431,Money Market,PHP,N,1,A,SLPMM,Sun Life Phils - Money Market Fund
2014-10-10,1.067,true,2014-10-09,-0.3642,-0.2338,Money Market,PHP,N,1,A,SLPMM,Sun Life Phils - Money Market Fund
2014-10-09,1.067,true,2014-10-08,-0.3735,-0.2338,Money Market,PHP,N,1,A,SLPMM,Sun Life Phils - Money Market Fund
2014-10-08,1.067,true,2014-10-07,-0.3735,-0.2338,Money Market,PHP,N,1,A,SLPMM,Sun Life Phils - Money Market Fund
2014-10-07,1.0671,true,2014-10-06,-0.5035,-0.2244,Money Market,PHP,N,1,A,SLPMM,Sun Life Phils - Money Market Fund
2014-10-03,1.0672,true,2014-10-02,-0.5034,-0.2151,Money Market,PHP,N,1,A,SLPMM,Sun Life Phils - Money Market Fund
2014-10-02,1.0671,true,2014-10-01,-0.5128,-0.2244,Money Market,PHP,N,1,A,SLPMM,Sun Life Phils - Money Market Fund
2014-10-01,1.0671,true,2014-09-30,-0.5128,-0.2244,Money Market,PHP,N,1,A,SLPMM,Sun Life Phils - Money Market Fund
2014-09-30,1.0671,true,2014-09-29,-0.5128,-0.2244,Money Market,PHP,N,1,A,SLPMM,Sun Life Phils - Money Market Fund
2014-09-29,1.0671,true,2014-09-28,-0.5128,-0.2244,Money Market,PHP,N,1,A,SLPMM,Sun Life Phils - Money Market Fund
2014-09-26,1.0671,true,2014-09-25,-0.4849,-0.2244,Money Market,PHP,N,1,A,SLPMM,Sun Life Phils - Money Market Fund
2014-09-25,1.0671,true,2014-09-24,-0.4942,-0.2244,Money Market,PHP,N,1,A,SLPMM,Sun Life Phils - Money Market Fund
2014-09-24,1.0671,true,2014-09-23,-0.4942,-0.2244,Money Market,PHP,N,1,A,SLPMM,Sun Life Phils - Money Market Fund
2014-09-23,1.0671,true,2014-09-22,-0.4849,-0.2244,Money Market,PHP,N,1,A,SLPMM,Sun Life Phils - Money Market Fund
2014-09-22,1.0671,true,2014-09-21,-0.4849,-0.2244,Money Market,PHP,N,1,A,SLPMM,Sun Life Phils - Money Market Fund
2014-09-19,1.0671,true,2014-09-18,-0.4942,-0.2244,Money Market,PHP,N,1,A,SLPMM,Sun Life Phils - Money Market Fund
2014-09-18,1.0672,true,2014-09-17,-0.457,-0.2151,Money Market,PHP,N,1,A,SLPMM,Sun Life Phils - Money Market Fund
2014-09-17,1.0672,true,2014-09-16,-0.457,-0.2151,Money Market,PHP,N,1,A,SLPMM,Sun Life Phils - Money Market Fund
2014-09-16,1.0672,true,2014-09-15,-0.457,-0.2151,Money Market,PHP,N,1,A,SLPMM,Sun Life Phils - Money Market Fund
2014-09-15,1.0667,true,2014-09-14,-0.4758,-0.2618,Money Market,PHP,N,1,A,SLPMM,Sun Life Phils - Money Market Fund
2014-09-12,1.0661,true,2014-09-11,-0.5504,-0.3179,Money Market,PHP,N,1,A,SLPMM,Sun Life Phils - Money Market Fund
2014-09-11,1.0665,true,2014-09-10,-0.5316,-0.2805,Money Market,PHP,N,1,A,SLPMM,Sun Life Phils - Money Market Fund
2014-09-10,1.0665,true,2014-09-09,-0.5038,-0.2805,Money Market,PHP,N,1,A,SLPMM,Sun Life Phils - Money Market Fund
2014-09-09,1.0665,true,2014-09-08,-0.5038,-0.2805,Money Market,PHP,N,1,A,SLPMM,Sun Life Phils - Money Market Fund
2014-09-08,1.0665,true,2014-09-07,-0.5131,-0.2805,Money Market,PHP,N,1,A,SLPMM,Sun Life Phils - Money Market Fund
2014-09-05,1.0664,true,2014-09-04,-0.5317,-0.2899,Money Market,PHP,N,1,A,SLPMM,Sun Life Phils - Money Market Fund
2014-09-04,1.0665,true,2014-09-03,-0.5038,-0.2805,Money Market,PHP,N,1,A,SLPMM,Sun Life Phils - Money Market Fund
2014-09-03,1.0666,true,2014-09-02,-0.5037,-0.2712,Money Market,PHP,N,1,A,SLPMM,Sun Life Phils - Money Market Fund
2014-09-02,1.0666,true,2014-09-01,-0.4944,-0.2712,Money Market,PHP,N,1,A,SLPMM,Sun Life Phils - Money Market Fund
2014-09-01,1.0666,true,2014-08-31,-0.5037,-0.2712,Money Market,PHP,N,1,A,SLPMM,Sun Life Phils - Money Market Fund
2014-08-29,1.0666,true,2014-08-28,-0.5037,-0.2712,Money Market,PHP,N,1,A,SLPMM,Sun Life Phils - Money Market Fund
2014-08-28,1.0667,true,2014-08-27,-0.4944,-0.2618,Money Market,PHP,N,1,A,SLPMM,Sun Life Phils - Money Market Fund
2014-08-27,1.0667,true,2014-08-26,-0.4944,-0.2618,Money Market,PHP,N,1,A,SLPMM,Sun Life Phils - Money Market Fund
2014-08-26,1.0668,true,2014-08-25,-0.4851,-0.2525,Money Market,PHP,N,1,A,SLPMM,Sun Life Phils - Money Market Fund
2014-08-22,1.0664,true,2014-08-21,-0.5224,-0.2899,Money Market,PHP,N,1,A,SLPMM,Sun Life Phils - Money Market Fund
2014-08-20,1.0666,true,2014-08-19,-0.513,-0.2712,Money Market,PHP,N,1,A,SLPMM,Sun Life Phils - Money Market Fund
2014-08-19,1.0667,true,2014-08-18,-0.5037,-0.2618,Money Market,PHP,N,1,A,SLPMM,Sun Life Phils - Money Market Fund
2014-08-18,1.0667,true,2014-08-17,-0.5037,-0.2618,Money Market,PHP,N,1,A,SLPMM,Sun Life Phils - Money Market Fund
2014-08-15,1.0666,true,2014-08-14,-0.513,-0.2712,Money Market,PHP,N,1,A,SLPMM,Sun Life Phils - Money Market Fund
2014-08-14,1.0667,true,2014-08-13,-0.5037,-0.2618,Money Market,PHP,N,1,A,SLPMM,Sun Life Phils - Money Market Fund
2014-08-13,1.0667,true,2014-08-12,-0.513,-0.2618,Money Market,PHP,N,1,A,SLPMM,Sun Life Phils - Money Market Fund
2014-08-12,1.0667,true,2014-08-11,-0.513,-0.2618,Money Market,PHP,N,1,A,SLPMM,Sun Life Phils - Money Market Fund
2014-08-11,1.0668,true,2014-08-10,-0.5036,-0.2525,Money Market,PHP,N,1,A,SLPMM,Sun Life Phils - Money Market Fund
2014-08-08,1.0666,true,2014-08-07,-0.5223,-0.2712,Money Market,PHP,N,1,A,SLPMM,Sun Life Phils - Money Market Fund
2014-08-07,1.067,true,2014-08-06,-0.485,-0.2338,Money Market,PHP,N,1,A,SLPMM,Sun Life Phils - Money Market Fund
2014-08-06,1.0669,true,2014-08-05,-0.4943,-0.2431,Money Market,PHP,N,1,A,SLPMM,Sun Life Phils - Money Market Fund
2014-08-05,1.067,true,2014-08-04,-0.485,-0.2338,Money Market,PHP,N,1,A,SLPMM,Sun Life Phils - Money Market Fund
2014-08-04,1.067,true,2014-08-03,-0.4943,-0.2338,Money Market,PHP,N,1,A,SLPMM,Sun Life Phils - Money Market Fund
2014-08-01,1.0669,true,2014-07-31,-0.5036,-0.2431,Money Market,PHP,N,1,A,SLPMM,Sun Life Phils - Money Market Fund
2014-07-31,1.067,true,2014-07-30,-0.4943,-0.2338,Money Market,PHP,N,1,A,SLPMM,Sun Life Phils - Money Market Fund
2014-07-30,1.0671,true,2014-07-29,-0.4849,-0.2244,Money Market,PHP,N,1,A,SLPMM,Sun Life Phils - Money Market Fund
2014-07-28,1.067,true,2014-07-27,-0.4943,-0.2338,Money Market,PHP,N,1,A,SLPMM,Sun Life Phils - Money Market Fund
2014-07-25,1.0671,true,2014-07-24,-0.4849,-0.2244,Money Market,PHP,N,1,A,SLPMM,Sun Life Phils - Money Market Fund
2014-07-24,1.0671,true,2014-07-23,-0.4849,-0.2244,Money Market,PHP,N,1,A,SLPMM,Sun Life Phils - Money Market Fund
2014-07-23,1.0671,true,2014-07-22,-0.4849,-0.2244,Money Market,PHP,N,1,A,SLPMM,Sun Life Phils - Money Market Fund
2014-07-22,1.0672,true,2014-07-21,-0.4756,-0.2151,Money Market,PHP,N,1,A,SLPMM,Sun Life Phils - Money Market Fund
2014-07-21,1.0671,true,2014-07-20,-0.4849,-0.2244,Money Market,PHP,N,1,A,SLPMM,Sun Life Phils - Money Market Fund
2014-07-18,1.0671,true,2014-07-17,-0.4849,-0.2244,Money Market,PHP,N,1,A,SLPMM,Sun Life Phils - Money Market Fund
2014-07-17,1.0672,true,2014-07-16,-0.4756,-0.2151,Money Market,PHP,N,1,A,SLPMM,Sun Life Phils - Money Market Fund
2014-07-16,1.0672,true,2014-07-15,-0.4756,-0.2151,Money Market,PHP,N,1,A,SLPMM,Sun Life Phils - Money Market Fund
2014-07-15,1.0672,true,2014-07-14,-0.4756,-0.2151,Money Market,PHP,N,1,A,SLPMM,Sun Life Phils - Money Market Fund
2014-07-14,1.0673,true,2014-07-13,-0.4663,-0.2057,Money Market,PHP,N,1,A,SLPMM,Sun Life Phils - Money Market Fund
2014-07-11,1.0674,true,2014-07-10,-0.457,-0.1964,Money Market,PHP,N,1,A,SLPMM,Sun Life Phils - Money Market Fund
2014-07-10,1.0673,true,2014-07-09,-0.4663,-0.2057,Money Market,PHP,N,1,A,SLPMM,Sun Life Phils - Money Market Fund
2014-07-09,1.0675,true,2014-07-08,-0.4476,-0.187,Money Market,PHP,N,1,A,SLPMM,Sun Life Phils - Money Market Fund
2014-07-08,1.0675,true,2014-07-07,-0.4476,-0.187,Money Market,PHP,N,1,A,SLPMM,Sun Life Phils - Money Market Fund
2014-07-07,1.0673,true,2014-07-06,-0.4663,-0.2057,Money Market,PHP,N,1,A,SLPMM,Sun Life Phils - Money Market Fund
2014-07-04,1.0673,true,2014-07-03,-0.4756,-0.2057,Money Market,PHP,N,1,A,SLPMM,Sun Life Phils - Money Market Fund
2014-07-03,1.0675,true,2014-07-02,-0.4476,-0.187,Money Market,PHP,N,1,A,SLPMM,Sun Life Phils - Money Market Fund
2014-07-02,1.0676,true,2014-07-01,-0.4383,-0.1777,Money Market,PHP,N,1,A,SLPMM,Sun Life Phils - Money Market Fund
2014-07-01,1.0675,true,2014-06-30,-0.4476,-0.187,Money Market,PHP,N,1,A,SLPMM,Sun Life Phils - Money Market Fund
2014-06-30,1.0676,true,2014-06-29,-0.4476,-0.1777,Money Market,PHP,N,1,A,SLPMM,Sun Life Phils - Money Market Fund
2014-06-27,1.0675,true,2014-06-26,-0.4569,-0.187,Money Market,PHP,N,1,A,SLPMM,Sun Life Phils - Money Market Fund
2014-06-26,1.0676,true,2014-06-25,-0.4476,-0.1777,Money Market,PHP,N,1,A,SLPMM,Sun Life Phils - Money Market Fund
2014-06-25,1.0676,true,2014-06-24,-0.4476,-0.1777,Money Market,PHP,N,1,A,SLPMM,Sun Life Phils - Money Market Fund
2014-06-24,1.0677,true,2014-06-23,-0.4383,-0.1683,Money Market,PHP,N,1,A,SLPMM,Sun Life Phils - Money Market Fund
2014-06-23,1.0677,true,2014-06-22,-0.4383,-0.1683,Money Market,PHP,N,1,A,SLPMM,Sun Life Phils - Money Market Fund
2014-06-20,1.0676,true,2014-06-19,-0.4476,-0.1777,Money Market,PHP,N,1,A,SLPMM,Sun Life Phils - Money Market Fund
2014-06-19,1.0678,true,2014-06-18,-0.4382,-0.159,Money Market,PHP,N,1,A,SLPMM,Sun Life Phils - Money Market Fund
2014-06-18,1.0678,true,2014-06-17,-0.4382,-0.159,Money Market,PHP,N,1,A,SLPMM,Sun Life Phils - Money Market Fund
2014-06-17,1.0678,true,2014-06-16,-0.4382,-0.159,Money Market,PHP,N,1,A,SLPMM,Sun Life Phils - Money Market Fund
2014-06-16,1.0678,true,2014-06-15,-0.4382,-0.159,Money Market,PHP,N,1,A,SLPMM,Sun Life Phils - Money Market Fund
2014-06-13,1.0678,true,2014-06-12,-0.4382,-0.159,Money Market,PHP,N,1,A,SLPMM,Sun Life Phils - Money Market Fund
2014-06-11,1.0679,true,2014-06-10,-0.4382,-0.1496,Money Market,PHP,N,1,A,SLPMM,Sun Life Phils - Money Market Fund
2014-06-10,1.0678,true,2014-06-09,-0.4475,-0.159,Money Market,PHP,N,1,A,SLPMM,Sun Life Phils - Money Market Fund
2014-06-09,1.0678,true,2014-06-08,-0.4475,-0.159,Money Market,PHP,N,1,A,SLPMM,Sun Life Phils - Money Market Fund
2014-06-06,1.0678,true,2014-06-05,-0.4475,-0.159,Money Market,PHP,N,1,A,SLPMM,Sun Life Phils - Money Market Fund
2014-06-05,1.0679,true,2014-06-04,-0.4382,-0.1496,Money Market,PHP,N,1,A,SLPMM,Sun Life Phils - Money Market Fund
2014-06-04,1.0679,true,2014-06-03,-0.4382,-0.1496,Money Market,PHP,N,1,A,SLPMM,Sun Life Phils - Money Market Fund
2014-06-03,1.0679,true,2014-06-02,-0.4382,-0.1496,Money Market,PHP,N,1,A,SLPMM,Sun Life Phils - Money Market Fund
2014-06-02,1.0679,true,2014-06-01,-0.4382,-0.1496,Money Market,PHP,N,1,A,SLPMM,Sun Life Phils - Money Market Fund
2014-05-30,1.0679,true,2014-05-29,-0.4382,-0.1496,Money Market,PHP,N,1,A,SLPMM,Sun Life Phils - Money Market Fund
2014-05-29,1.0679,true,2014-05-28,-0.4382,-0.1496,Money Market,PHP,N,1,A,SLPMM,Sun Life Phils - Money Market Fund
2014-05-28,1.068,true,2014-05-27,-0.4289,-0.1403,Money Market,PHP,N,1,A,SLPMM,Sun Life Phils - Money Market Fund
2014-05-27,1.068,true,2014-05-26,-0.4289,-0.1403,Money Market,PHP,N,1,A,SLPMM,Sun Life Phils - Money Market Fund
2014-05-26,1.068,true,2014-05-25,-0.4289,-0.1403,Money Market,PHP,N,1,A,SLPMM,Sun Life Phils - Money Market Fund
2014-05-23,1.068,true,2014-05-22,-0.4289,-0.1403,Money Market,PHP,N,1,A,SLPMM,Sun Life Phils - Money Market Fund
2014-05-22,1.068,true,2014-05-21,-0.4381,-0.1403,Money Market,PHP,N,1,A,SLPMM,Sun Life Phils - Money Market Fund
2014-05-21,1.0681,true,2014-05-20,-0.4288,-0.1309,Money Market,PHP,N,1,A,SLPMM,Sun Life Phils - Money Market Fund
2014-05-20,1.0681,true,2014-05-19,-0.4288,-0.1309,Money Market,PHP,N,1,A,SLPMM,Sun Life Phils - Money Market Fund
2014-05-19,1.0681,true,2014-05-18,-0.4288,-0.1309,Money Market,PHP,N,1,A,SLPMM,Sun Life Phils - Money Market Fund
2014-05-16,1.0681,true,2014-05-15,-0.4288,-0.1309,Money Market,PHP,N,1,A,SLPMM,Sun Life Phils - Money Market Fund
2014-05-15,1.0681,true,2014-05-14,-0.4288,-0.1309,Money Market,PHP,N,1,A,SLPMM,Sun Life Phils - Money Market Fund
2014-05-14,1.0681,true,2014-05-13,-0.4288,-0.1309,Money Market,PHP,N,1,A,SLPMM,Sun Life Phils - Money Market Fund
2014-05-13,1.0682,true,2014-05-12,-0.4195,-0.1216,Money Market,PHP,N,1,A,SLPMM,Sun Life Phils - Money Market Fund
2014-05-12,1.0682,true,2014-05-11,-0.4195,-0.1216,Money Market,PHP,N,1,A,SLPMM,Sun Life Phils - Money Market Fund
2014-05-09,1.0682,true,2014-05-08,-0.4195,-0.1216,Money Market,PHP,N,1,A,SLPMM,Sun Life Phils - Money Market Fund
2014-05-08,1.0682,true,2014-05-07,-0.4288,-0.1216,Money Market,PHP,N,1,A,SLPMM,Sun Life Phils - Money Market Fund
2014-05-07,1.0682,true,2014-05-06,-0.4288,-0.1216,Money Market,PHP,N,1,A,SLPMM,Sun Life Phils - Money Market Fund
2014-05-06,1.0682,true,2014-05-05,-0.4288,-0.1216,Money Market,PHP,N,1,A,SLPMM,Sun Life Phils - Money Market Fund
2014-05-05,1.0682,true,2014-05-04,-0.4288,-0.1216,Money Market,PHP,N,1,A,SLPMM,Sun Life Phils - Money Market Fund
2014-05-02,1.0682,true,2014-05-01,-0.4288,-0.1216,Money Market,PHP,N,1,A,SLPMM,Sun Life Phils - Money Market Fund
2014-04-30,1.0683,true,2014-04-29,-0.4195,-0.1122,Money Market,PHP,N,1,A,SLPMM,Sun Life Phils - Money Market Fund
2014-04-29,1.0683,true,2014-04-28,-0.4195,-0.1122,Money Market,PHP,N,1,A,SLPMM,Sun Life Phils - Money Market Fund
2014-04-28,1.0683,true,2014-04-27,-0.4195,-0.1122,Money Market,PHP,N,1,A,SLPMM,Sun Life Phils - Money Market Fund
2014-04-25,1.0683,true,2014-04-24,-0.4195,-0.1122,Money Market,PHP,N,1,A,SLPMM,Sun Life Phils - Money Market Fund
2014-04-24,1.0683,true,2014-04-23,-0.4195,-0.1122,Money Market,PHP,N,1,A,SLPMM,Sun Life Phils - Money Market Fund
2014-04-23,1.0683,true,2014-04-22,-0.4195,-0.1122,Money Market,PHP,N,1,A,SLPMM,Sun Life Phils - Money Market Fund
2014-04-22,1.0684,true,2014-04-21,-0.4101,-0.1029,Money Market,PHP,N,1,A,SLPMM,Sun Life Phils - Money Market Fund
2014-04-21,1.0684,true,2014-04-20,-0.4009,-0.1029,Money Market,PHP,N,1,A,SLPMM,Sun Life Phils - Money Market Fund
2014-04-16,1.0684,true,2014-04-15,-0.4009,-0.1029,Money Market,PHP,N,1,A,SLPMM,Sun Life Phils - Money Market Fund
2014-04-15,1.0684,true,2014-04-14,-0.4009,-0.1029,Money Market,PHP,N,1,A,SLPMM,Sun Life Phils - Money Market Fund
2014-04-14,1.0684,true,2014-04-13,-0.4009,-0.1029,Money Market,PHP,N,1,A,SLPMM,Sun Life Phils - Money Market Fund
2014-04-11,1.0685,true,2014-04-10,-0.3822,-0.0935,Money Market,PHP,N,1,A,SLPMM,Sun Life Phils - Money Market Fund
2014-04-10,1.0686,true,2014-04-09,-0.3729,-0.0842,Money Market,PHP,N,1,A,SLPMM,Sun Life Phils - Money Market Fund
2014-04-08,1.0686,true,2014-04-07,-0.3729,-0.0842,Money Market,PHP,N,1,A,SLPMM,Sun Life Phils - Money Market Fund
2014-04-07,1.0686,true,2014-04-06,-0.3729,-0.0842,Money Market,PHP,N,1,A,SLPMM,Sun Life Phils - Money Market Fund
2014-04-04,1.0687,true,2014-04-03,-0.3636,-0.0748,Money Market,PHP,N,1,A,SLPMM,Sun Life Phils - Money Market Fund
2014-04-03,1.0687,true,2014-04-02,-0.3636,-0.0748,Money Market,PHP,N,1,A,SLPMM,Sun Life Phils - Money Market Fund
2014-04-02,1.0687,true,2014-04-01,-0.3636,-0.0748,Money Market,PHP,N,1,A,SLPMM,Sun Life Phils - Money Market Fund
2014-04-01,1.0687,true,2014-03-31,-0.3636,-0.0748,Money Market,PHP,N,1,A,SLPMM,Sun Life Phils - Money Market Fund
2014-03-31,1.0689,true,2014-03-30,-0.3357,-0.0561,Money Market,PHP,N,1,A,SLPMM,Sun Life Phils - Money Market Fund
2014-03-28,1.0689,true,2014-03-27,-0.3357,-0.0561,Money Market,PHP,N,1,A,SLPMM,Sun Life Phils - Money Market Fund
2014-03-27,1.0688,true,2014-03-26,-0.345,-0.0655,Money Market,PHP,N,1,A,SLPMM,Sun Life Phils - Money Market Fund
2014-03-26,1.0687,true,2014-03-25,-0.3543,-0.0748,Money Market,PHP,N,1,A,SLPMM,Sun Life Phils - Money Market Fund
2014-03-25,1.0688,true,2014-03-24,-0.345,-0.0655,Money Market,PHP,N,1,A,SLPMM,Sun Life Phils - Money Market Fund
2014-03-24,1.0689,true,2014-03-23,-0.3357,-0.0561,Money Market,PHP,N,1,A,SLPMM,Sun Life Phils - Money Market Fund
2014-03-21,1.0688,true,2014-03-20,-0.345,-0.0655,Money Market,PHP,N,1,A,SLPMM,Sun Life Phils - Money Market Fund
2014-03-20,1.069,true,2014-03-19,-0.3263,-0.0468,Money Market,PHP,N,1,A,SLPMM,Sun Life Phils - Money Market Fund
2014-03-19,1.0691,true,2014-03-18,-0.3077,-0.0374,Money Market,PHP,N,1,A,SLPMM,Sun Life Phils - Money Market Fund
2014-03-18,1.0691,true,2014-03-17,-0.3077,-0.0374,Money Market,PHP,N,1,A,SLPMM,Sun Life Phils - Money Market Fund
2014-03-17,1.0692,true,2014-03-16,-0.2984,-0.0281,Money Market,PHP,N,1,A,SLPMM,Sun Life Phils - Money Market Fund
2014-03-14,1.0692,true,2014-03-13,-0.2984,-0.0281,Money Market,PHP,N,1,A,SLPMM,Sun Life Phils - Money Market Fund
2014-03-13,1.0692,true,2014-03-12,-0.2984,-0.0281,Money Market,PHP,N,1,A,SLPMM,Sun Life Phils - Money Market Fund
2014-03-12,1.0693,true,2014-03-11,-0.2891,-0.0187,Money Market,PHP,N,1,A,SLPMM,Sun Life Phils - Money Market Fund
2014-03-11,1.0693,true,2014-03-10,-0.2891,-0.0187,Money Market,PHP,N,1,A,SLPMM,Sun Life Phils - Money Market Fund
2014-03-10,1.0693,true,2014-03-09,-0.2798,-0.0187,Money Market,PHP,N,1,A,SLPMM,Sun Life Phils - Money Market Fund
2014-03-07,1.0693,true,2014-03-06,-0.2798,-0.0187,Money Market,PHP,N,1,A,SLPMM,Sun Life Phils - Money Market Fund
2014-03-06,1.0693,true,2014-03-05,-0.2798,-0.0187,Money Market,PHP,N,1,A,SLPMM,Sun Life Phils - Money Market Fund
2014-03-05,1.0694,true,2014-03-04,-0.2704,-0.0094,Money Market,PHP,N,1,A,SLPMM,Sun Life Phils - Money Market Fund
2014-03-04,1.0694,true,2014-03-03,-0.2704,-0.0094,Money Market,PHP,N,1,A,SLPMM,Sun Life Phils - Money Market Fund
2014-03-03,1.0694,true,2014-03-02,-0.2797,-0.0094,Money Market,PHP,N,1,A,SLPMM,Sun Life Phils - Money Market Fund
2014-02-28,1.0694,true,2014-02-27,-0.2704,-0.0094,Money Market,PHP,N,1,A,SLPMM,Sun Life Phils - Money Market Fund
2014-02-27,1.0694,true,2014-02-26,-0.2611,-0.0094,Money Market,PHP,N,1,A,SLPMM,Sun Life Phils - Money Market Fund
2014-02-26,1.0694,true,2014-02-25,-0.2611,-0.0094,Money Market,PHP,N,1,A,SLPMM,Sun Life Phils - Money Market Fund
2014-02-25,1.0694,true,2014-02-24,-0.2611,-0.0094,Money Market,PHP,N,1,A,SLPMM,Sun Life Phils - Money Market Fund
2014-02-24,1.0694,true,2014-02-23,-0.2518,-0.0094,Money Market,PHP,N,1,A,SLPMM,Sun Life Phils - Money Market Fund
2014-02-21,1.0695,true,2014-02-20,-0.2518,0.0,Money Market,PHP,N,1,A,SLPMM,Sun Life Phils - Money Market Fund
2014-02-20,1.0695,true,2014-02-19,-0.2518,0.0,Money Market,PHP,N,1,A,SLPMM,Sun Life Phils - Money Market Fund
2014-02-19,1.0695,true,2014-02-18,-0.2518,0.0,Money Market,PHP,N,1,A,SLPMM,Sun Life Phils - Money Market Fund
2014-02-18,1.0695,true,2014-02-17,-0.2518,0.0,Money Market,PHP,N,1,A,SLPMM,Sun Life Phils - Money Market Fund
2014-02-17,1.0695,true,2014-02-16,-0.2425,0.0,Money Market,PHP,N,1,A,SLPMM,Sun Life Phils - Money Market Fund
2014-02-14,1.0696,true,2014-02-13,-0.2611,0.0094,Money Market,PHP,N,1,A,SLPMM,Sun Life Phils - Money Market Fund
2014-02-13,1.0698,true,2014-02-12,-0.2424,0.0281,Money Market,PHP,N,1,A,SLPMM,Sun Life Phils - Money Market Fund
2014-02-12,1.0698,true,2014-02-11,-0.2424,0.0281,Money Market,PHP,N,1,A,SLPMM,Sun Life Phils - Money Market Fund
2014-02-11,1.0698,true,2014-02-10,-0.2424,0.0281,Money Market,PHP,N,1,A,SLPMM,Sun Life Phils - Money Market Fund
2014-02-10,1.0699,true,2014-02-09,-0.2238,0.0374,Money Market,PHP,N,1,A,SLPMM,Sun Life Phils - Money Market Fund
2014-02-07,1.0699,true,2014-02-06,-0.2517,0.0374,Money Market,PHP,N,1,A,SLPMM,Sun Life Phils - Money Market Fund
2014-02-06,1.0699,true,2014-02-05,-0.2517,0.0374,Money Market,PHP,N,1,A,SLPMM,Sun Life Phils - Money Market Fund
2014-02-05,1.0697,true,2014-02-04,-0.2704,0.0187,Money Market,PHP,N,1,A,SLPMM,Sun Life Phils - Money Market Fund
2014-02-04,1.0699,true,2014-02-03,-0.261,0.0374,Money Market,PHP,N,1,A,SLPMM,Sun Life Phils - Money Market Fund
2014-02-03,1.0694,true,2014-02-02,-0.2983,-0.0094,Money Market,PHP,N,1,A,SLPMM,Sun Life Phils - Money Market Fund
2014-01-30,1.0699,true,2014-01-29,-0.2889,0.0374,Money Market,PHP,N,1,A,SLPMM,Sun Life Phils - Money Market Fund
2014-01-29,1.0699,true,2014-01-28,-0.2889,0.0374,Money Market,PHP,N,1,A,SLPMM,Sun Life Phils - Money Market Fund
2014-01-28,1.0699,true,2014-01-27,-0.2889,0.0374,Money Market,PHP,N,1,A,SLPMM,Sun Life Phils - Money Market Fund
2014-01-27,1.069,true,2014-01-26,-0.3635,-0.0468,Money Market,PHP,N,1,A,SLPMM,Sun Life Phils - Money Market Fund
2014-01-24,1.069,true,2014-01-23,-0.3914,-0.0468,Money Market,PHP,N,1,A,SLPMM,Sun Life Phils - Money Market Fund
2014-01-23,1.069,true,2014-01-22,-0.3914,-0.0468,Money Market,PHP,N,1,A,SLPMM,Sun Life Phils - Money Market Fund
2014-01-22,1.069,true,2014-01-21,-0.4006,-0.0468,Money Market,PHP,N,1,A,SLPMM,Sun Life Phils - Money Market Fund
2014-01-21,1.069,true,2014-01-20,-0.4006,-0.0468,Money Market,PHP,N,1,A,SLPMM,Sun Life Phils - Money Market Fund
2014-01-20,1.069,true,2014-01-19,-0.3914,-0.0468,Money Market,PHP,N,1,A,SLPMM,Sun Life Phils - Money Market Fund
2014-01-17,1.0691,true,2014-01-16,-0.4006,-0.0374,Money Market,PHP,N,1,A,SLPMM,Sun Life Phils - Money Market Fund
2014-01-16,1.0691,true,2014-01-15,-0.4006,-0.0374,Money Market,PHP,N,1,A,SLPMM,Sun Life Phils - Money Market Fund
2014-01-15,1.0691,true,2014-01-14,-0.4006,-0.0374,Money Market,PHP,N,1,A,SLPMM,Sun Life Phils - Money Market Fund
2014-01-14,1.0691,true,2014-01-13,-0.4006,-0.0374,Money Market,PHP,N,1,A,SLPMM,Sun Life Phils - Money Market Fund
2014-01-13,1.0691,true,2014-01-12,-0.3913,-0.0374,Money Market,PHP,N,1,A,SLPMM,Sun Life Phils - Money Market Fund
2014-01-10,1.0692,true,2014-01-09,-0.4006,-0.0281,Money Market,PHP,N,1,A,SLPMM,Sun Life Phils - Money Market Fund
2014-01-09,1.0692,true,2014-01-08,-0.4006,-0.0281,Money Market,PHP,N,1,A,SLPMM,Sun Life Phils - Money Market Fund
2014-01-08,1.0692,true,2014-01-07,-0.3913,-0.0281,Money Market,PHP,N,1,A,SLPMM,Sun Life Phils - Money Market Fund
2014-01-07,1.0693,true,2014-01-06,-0.382,-0.0187,Money Market,PHP,N,1,A,SLPMM,Sun Life Phils - Money Market Fund
2014-01-06,1.0693,true,2014-01-05,-0.3727,-0.0187,Money Market,PHP,N,1,A,SLPMM,Sun Life Phils - Money Market Fund
2014-01-03,1.0693,true,2014-01-02,-0.382,-0.0187,Money Market,PHP,N,1,A,SLPMM,Sun Life Phils - Money Market Fund
2014-01-02,1.0694,true,2014-01-01,-0.3726,-0.0094,Money Market,PHP,N,1,A,SLPMM,Sun Life Phils - Money Market Fund
2013-12-27,1.0695,true,2013-12-26,-0.3726,-0.3448,Money Market,PHP,N,1,A,SLPMM,Sun Life Phils - Money Market Fund
2013-12-26,1.0695,true,2013-12-25,-0.3726,-0.3448,Money Market,PHP,N,1,A,SLPMM,Sun Life Phils - Money Market Fund
2013-12-23,1.0696,true,2013-12-22,-0.3354,-0.3354,Money Market,PHP,N,1,A,SLPMM,Sun Life Phils - Money Market Fund
2013-12-20,1.0697,true,2013-12-19,-0.3633,-0.3261,Money Market,PHP,N,1,A,SLPMM,Sun Life Phils - Money Market Fund
2013-12-19,1.0697,true,2013-12-18,-0.3633,-0.3261,Money Market,PHP,N,1,A,SLPMM,Sun Life Phils - Money Market Fund
2013-12-18,1.0697,true,2013-12-17,-0.3725,-0.3261,Money Market,PHP,N,1,A,SLPMM,Sun Life Phils - Money Market Fund
2013-12-17,1.0697,true,2013-12-16,-0.3725,-0.3261,Money Market,PHP,N,1,A,SLPMM,Sun Life Phils - Money Market Fund
2013-12-16,1.0698,true,2013-12-15,-0.3447,-0.3168,Money Market,PHP,N,1,A,SLPMM,Sun Life Phils - Money Market Fund
2013-12-13,1.0698,true,2013-12-12,-0.3632,-0.3168,Money Market,PHP,N,1,A,SLPMM,Sun Life Phils - Money Market Fund
2013-12-12,1.0698,true,2013-12-11,-0.3818,-0.3168,Money Market,PHP,N,1,A,SLPMM,Sun Life Phils - Money Market Fund
2013-12-11,1.0699,true,2013-12-10,-0.3632,-0.3075,Money Market,PHP,N,1,A,SLPMM,Sun Life Phils - Money Market Fund
2013-12-10,1.0699,true,2013-12-09,-0.3539,-0.3075,Money Market,PHP,N,1,A,SLPMM,Sun Life Phils - Money Market Fund
2013-12-09,1.0699,true,2013-12-08,-0.3446,-0.3075,Money Market,PHP,N,1,A,SLPMM,Sun Life Phils - Money Market Fund
2013-12-06,1.07,true,2013-12-05,-0.3632,-0.2982,Money Market,PHP,N,1,A,SLPMM,Sun Life Phils - Money Market Fund
2013-12-05,1.07,true,2013-12-04,-0.3632,-0.2982,Money Market,PHP,N,1,A,SLPMM,Sun Life Phils - Money Market Fund
2013-12-04,1.07,true,2013-12-03,-0.3632,-0.2982,Money Market,PHP,N,1,A,SLPMM,Sun Life Phils - Money Market Fund
2013-12-03,1.07,true,2013-12-02,-0.3632,-0.2982,Money Market,PHP,N,1,A,SLPMM,Sun Life Phils - Money Market Fund
2013-12-02,1.07,true,2013-12-01,-0.3353,-0.2982,Money Market,PHP,N,1,A,SLPMM,Sun Life Phils - Money Market Fund
2013-11-29,1.0701,true,2013-11-28,-0.326,-0.2889,Money Market,PHP,N,1,A,SLPMM,Sun Life Phils - Money Market Fund
2013-11-28,1.0701,true,2013-11-27,-0.3724,-0.2889,Money Market,PHP,N,1,A,SLPMM,Sun Life Phils - Money Market Fund
2013-11-27,1.0701,true,2013-11-26,-0.3817,-0.2889,Money Market,PHP,N,1,A,SLPMM,Sun Life Phils - Money Market Fund
2013-11-26,1.0701,true,2013-11-25,-0.3724,-0.2889,Money Market,PHP,N,1,A,SLPMM,Sun Life Phils - Money Market Fund
2013-11-25,1.0702,true,2013-11-24,-0.3631,-0.2795,Money Market,PHP,N,1,A,SLPMM,Sun Life Phils - Money Market Fund
2013-11-22,1.0702,true,2013-11-21,-0.3724,-0.2795,Money Market,PHP,N,1,A,SLPMM,Sun Life Phils - Money Market Fund
2013-11-21,1.0702,true,2013-11-20,-0.3724,-0.2795,Money Market,PHP,N,1,A,SLPMM,Sun Life Phils - Money Market Fund
2013-11-20,1.0702,true,2013-11-19,-0.3724,-0.2795,Money Market,PHP,N,1,A,SLPMM,Sun Life Phils - Money Market Fund
2013-11-19,1.0703,true,2013-11-18,-0.3723,-0.2702,Money Market,PHP,N,1,A,SLPMM,Sun Life Phils - Money Market Fund
2013-11-18,1.0703,true,2013-11-17,-0.3538,-0.2702,Money Market,PHP,N,1,A,SLPMM,Sun Life Phils - Money Market Fund
2013-11-15,1.0703,true,2013-11-14,-0.3723,-0.2702,Money Market,PHP,N,1,A,SLPMM,Sun Life Phils - Money Market Fund
2013-11-14,1.0703,true,2013-11-13,-0.3909,-0.2702,Money Market,PHP,N,1,A,SLPMM,Sun Life Phils - Money Market Fund
2013-11-13,1.0704,true,2013-11-12,-0.3816,-0.2609,Money Market,PHP,N,1,A,SLPMM,Sun Life Phils - Money Market Fund
2013-11-12,1.0704,true,2013-11-11,-0.3723,-0.2609,Money Market,PHP,N,1,A,SLPMM,Sun Life Phils - Money Market Fund
2013-11-11,1.0704,true,2013-11-10,-0.3445,-0.2609,Money Market,PHP,N,1,A,SLPMM,Sun Life Phils - Money Market Fund
2013-11-08,1.0704,true,2013-11-07,-0.363,-0.2609,Money Market,PHP,N,1,A,SLPMM,Sun Life Phils - Money Market Fund
2013-11-07,1.0705,true,2013-11-06,-0.3444,-0.2516,Money Market,PHP,N,1,A,SLPMM,Sun Life Phils - Money Market Fund
2013-11-06,1.0705,true,2013-11-05,-0.3444,-0.2516,Money Market,PHP,N,1,A,SLPMM,Sun Life Phils - Money Market Fund
2013-11-05,1.0705,true,2013-11-04,-0.363,-0.2516,Money Market,PHP,N,1,A,SLPMM,Sun Life Phils - Money Market Fund
2013-11-04,1.0705,true,2013-11-03,-0.3444,-0.2516,Money Market,PHP,N,1,A,SLPMM,Sun Life Phils - Money Market Fund
2013-10-31,1.0706,true,2013-10-30,-0.3351,-0.2423,Money Market,PHP,N,1,A,SLPMM,Sun Life Phils - Money Market Fund
2013-10-30,1.0706,true,2013-10-29,-0.3537,-0.2423,Money Market,PHP,N,1,A,SLPMM,Sun Life Phils - Money Market Fund
2013-10-29,1.0706,true,2013-10-28,-0.3351,-0.2423,Money Market,PHP,N,1,A,SLPMM,Sun Life Phils - Money Market Fund
2013-10-25,1.0707,true,2013-10-24,-0.2887,-0.2329,Money Market,PHP,N,1,A,SLPMM,Sun Life Phils - Money Market Fund
2013-10-24,1.0707,true,2013-10-23,-0.3073,-0.2329,Money Market,PHP,N,1,A,SLPMM,Sun Life Phils - Money Market Fund
2013-10-23,1.0707,true,2013-10-22,-0.3073,-0.2329,Money Market,PHP,N,1,A,SLPMM,Sun Life Phils - Money Market Fund
2013-10-22,1.0708,true,2013-10-21,-0.298,-0.2236,Money Market,PHP,N,1,A,SLPMM,Sun Life Phils - Money Market Fund
2013-10-21,1.0708,true,2013-10-20,-0.2887,-0.2236,Money Market,PHP,N,1,A,SLPMM,Sun Life Phils - Money Market Fund
2013-10-18,1.0708,true,2013-10-17,-0.3072,-0.2236,Money Market,PHP,N,1,A,SLPMM,Sun Life Phils - Money Market Fund
2013-10-17,1.0708,true,2013-10-16,-0.3072,-0.2236,Money Market,PHP,N,1,A,SLPMM,Sun Life Phils - Money Market Fund
2013-10-16,1.0708,true,2013-10-15,-0.3072,-0.2236,Money Market,PHP,N,1,A,SLPMM,Sun Life Phils - Money Market Fund
2013-10-14,1.0709,true,2013-10-13,-0.2794,-0.2143,Money Market,PHP,N,1,A,SLPMM,Sun Life Phils - Money Market Fund
2013-10-11,1.0709,true,2013-10-10,-0.2886,-0.2143,Money Market,PHP,N,1,A,SLPMM,Sun Life Phils - Money Market Fund
2013-10-10,1.0709,true,2013-10-09,-0.2886,-0.2143,Money Market,PHP,N,1,A,SLPMM,Sun Life Phils - Money Market Fund
2013-10-09,1.071,true,2013-10-08,-0.2793,-0.205,Money Market,PHP,N,1,A,SLPMM,Sun Life Phils - Money Market Fund
2013-10-08,1.071,true,2013-10-07,-0.2793,-0.205,Money Market,PHP,N,1,A,SLPMM,Sun Life Phils - Money Market Fund
2013-10-07,1.0725,true,2013-10-06,-0.1211,-0.0652,Money Market,PHP,N,1,A,SLPMM,Sun Life Phils - Money Market Fund
2013-10-04,1.0726,true,2013-10-03,-0.1304,-0.0559,Money Market,PHP,N,1,A,SLPMM,Sun Life Phils - Money Market Fund
2013-10-03,1.0726,true,2013-10-02,-0.1304,-0.0559,Money Market,PHP,N,1,A,SLPMM,Sun Life Phils - Money Market Fund
2013-10-02,1.0726,true,2013-10-01,-0.1397,-0.0559,Money Market,PHP,N,1,A,SLPMM,Sun Life Phils - Money Market Fund
2013-10-01,1.0726,true,2013-09-30,-0.1489,-0.0559,Money Market,PHP,N,1,A,SLPMM,Sun Life Phils - Money Market Fund
2013-09-30,1.0726,true,2013-09-29,-0.1397,-0.0559,Money Market,PHP,N,1,A,SLPMM,Sun Life Phils - Money Market Fund
2013-09-27,1.0726,true,2013-09-26,-0.1304,-0.0559,Money Market,PHP,N,1,A,SLPMM,Sun Life Phils - Money Market Fund
2013-09-26,1.0723,true,2013-09-25,-0.1583,-0.0839,Money Market,PHP,N,1,A,SLPMM,Sun Life Phils - Money Market Fund
2013-09-25,1.0724,true,2013-09-24,-0.1397,-0.0745,Money Market,PHP,N,1,A,SLPMM,Sun Life Phils - Money Market Fund
2013-09-24,1.0724,true,2013-09-23,-0.149,-0.0745,Money Market,PHP,N,1,A,SLPMM,Sun Life Phils - Money Market Fund
2013-09-23,1.0723,true,2013-09-22,-0.1304,-0.0839,Money Market,PHP,N,1,A,SLPMM,Sun Life Phils - Money Market Fund
2013-09-20,1.0723,true,2013-09-19,-0.149,-0.0839,Money Market,PHP,N,1,A,SLPMM,Sun Life Phils - Money Market Fund
2013-09-19,1.0724,true,2013-09-18,-0.1304,-0.0745,Money Market,PHP,N,1,A,SLPMM,Sun Life Phils - Money Market Fund
2013-09-18,1.0721,true,2013-09-17,-0.1397,-0.1025,Money Market,PHP,N,1,A,SLPMM,Sun Life Phils - Money Market Fund
2013-09-17,1.0721,true,2013-09-16,-0.1397,-0.1025,Money Market,PHP,N,1,A,SLPMM,Sun Life Phils - Money Market Fund
2013-09-16,1.0721,true,2013-09-15,-0.0932,-0.1025,Money Market,PHP,N,1,A,SLPMM,Sun Life Phils - Money Market Fund
2013-09-13,1.0718,true,2013-09-12,-0.1305,-0.1305,Money Market,PHP,N,1,A,SLPMM,Sun Life Phils - Money Market Fund
2013-09-12,1.072,true,2013-09-11,-0.1118,-0.1118,Money Market,PHP,N,1,A,SLPMM,Sun Life Phils - Money Market Fund
2013-09-11,1.0722,true,2013-09-10,-0.0839,-0.0932,Money Market,PHP,N,1,A,SLPMM,Sun Life Phils - Money Market Fund
2013-09-10,1.0719,true,2013-09-09,-0.1118,-0.1211,Money Market,PHP,N,1,A,SLPMM,Sun Life Phils - Money Market Fund
2013-09-09,1.0719,true,2013-09-08,-0.0839,-0.1211,Money Market,PHP,N,1,A,SLPMM,Sun Life Phils - Money Market Fund
2013-09-06,1.072,true,2013-09-05,-0.0746,-0.1118,Money Market,PHP,N,1,A,SLPMM,Sun Life Phils - Money Market Fund
2013-09-05,1.0721,true,2013-09-04,-0.0746,-0.1025,Money Market,PHP,N,1,A,SLPMM,Sun Life Phils - Money Market Fund
2013-09-04,1.0719,true,2013-09-03,-0.1118,-0.1211,Money Market,PHP,N,1,A,SLPMM,Sun Life Phils - Money Market Fund
2013-09-03,1.072,true,2013-09-02,-0.0932,-0.1118,Money Market,PHP,N,1,A,SLPMM,Sun Life Phils - Money Market Fund
2013-09-02,1.0719,true,2013-09-01,-0.0653,-0.1211,Money Market,PHP,N,1,A,SLPMM,Sun Life Phils - Money Market Fund
2013-08-30,1.072,true,2013-08-29,-0.0932,-0.1118,Money Market,PHP,N,1,A,SLPMM,Sun Life Phils - Money Market Fund
2013-08-29,1.072,true,2013-08-28,-0.0839,-0.1118,Money Market,PHP,N,1,A,SLPMM,Sun Life Phils - Money Market Fund
2013-08-28,1.072,true,2013-08-27,-0.0839,-0.1118,Money Market,PHP,N,1,A,SLPMM,Sun Life Phils - Money Market Fund
2013-08-27,1.072,true,2013-08-26,-0.1025,-0.1118,Money Market,PHP,N,1,A,SLPMM,Sun Life Phils - Money Market Fund
2013-08-23,1.072,true,2013-08-22,-0.0932,-0.1118,Money Market,PHP,N,1,A,SLPMM,Sun Life Phils - Money Market Fund
2013-08-22,1.072,true,2013-08-18,-0.0746,-0.1118,Money Market,PHP,N,1,A,SLPMM,Sun Life Phils - Money Market Fund
2013-08-16,1.0721,true,2013-08-15,-0.1025,-0.1025,Money Market,PHP,N,1,A,SLPMM,Sun Life Phils - Money Market Fund
2013-08-15,1.0721,true,2013-08-14,-0.1118,-0.1025,Money Market,PHP,N,1,A,SLPMM,Sun Life Phils - Money Market Fund
2013-08-14,1.0721,true,2013-08-13,-0.1025,-0.1025,Money Market,PHP,N,1,A,SLPMM,Sun Life Phils - Money Market Fund
2013-08-13,1.0722,true,2013-08-12,-0.0932,-0.0932,Money Market,PHP,N,1,A,SLPMM,Sun Life Phils - Money Market Fund
2013-08-12,1.0722,true,2013-08-11,-0.0652,-0.0932,Money Market,PHP,N,1,A,SLPMM,Sun Life Phils - Money Market Fund
2013-08-08,1.0722,true,2013-08-07,-0.0932,-0.0932,Money Market,PHP,N,1,A,SLPMM,Sun Life Phils - Money Market Fund
2013-08-07,1.0722,true,2013-08-06,-0.0466,-0.0932,Money Market,PHP,N,1,A,SLPMM,Sun Life Phils - Money Market Fund
2013-08-06,1.0722,true,2013-08-05,-0.0466,-0.0932,Money Market,PHP,N,1,A,SLPMM,Sun Life Phils - Money Market Fund
2013-08-05,1.0722,true,2013-08-04,-0.0186,-0.0932,Money Market,PHP,N,1,A,SLPMM,Sun Life Phils - Money Market Fund
2013-08-02,1.0723,true,2013-08-01,-0.028,-0.0839,Money Market,PHP,N,1,A,SLPMM,Sun Life Phils - Money Market Fund
2013-08-01,1.0723,true,2013-07-31,-0.0186,-0.0839,Money Market,PHP,N,1,A,SLPMM,Sun Life Phils - Money Market Fund
2013-07-31,1.0723,true,2013-07-30,-0.0373,-0.0839,Money Market,PHP,N,1,A,SLPMM,Sun Life Phils - Money Market Fund
2013-07-30,1.0723,true,2013-07-29,-0.028,-0.0839,Money Market,PHP,N,1,A,SLPMM,Sun Life Phils - Money Market Fund
2013-07-29,1.0723,true,2013-07-28,-0.0093,-0.0839,Money Market,PHP,N,1,A,SLPMM,Sun Life Phils - Money Market Fund
2013-07-26,1.0723,true,2013-07-25,-0.0186,-0.0839,Money Market,PHP,N,1,A,SLPMM,Sun Life Phils - Money Market Fund
2013-07-25,1.0723,true,2013-07-24,-0.028,-0.0839,Money Market,PHP,N,1,A,SLPMM,Sun Life Phils - Money Market Fund
2013-07-24,1.0723,true,2013-07-23,-0.028,-0.0839,Money Market,PHP,N,1,A,SLPMM,Sun Life Phils - Money Market Fund
2013-07-23,1.0723,true,2013-07-22,-0.0093,-0.0839,Money Market,PHP,N,1,A,SLPMM,Sun Life Phils - Money Market Fund
2013-07-22,1.0723,true,2013-07-21,0.0187,-0.0839,Money Market,PHP,N,1,A,SLPMM,Sun Life Phils - Money Market Fund
2013-07-19,1.0723,true,2013-07-18,0.0,-0.0839,Money Market,PHP,N,1,A,SLPMM,Sun Life Phils - Money Market Fund
2013-07-18,1.0723,true,2013-07-17,-0.0186,-0.0839,Money Market,PHP,N,1,A,SLPMM,Sun Life Phils - Money Market Fund
2013-07-17,1.0723,true,2013-07-16,0.0,-0.0839,Money Market,PHP,N,1,A,SLPMM,Sun Life Phils - Money Market Fund
2013-07-16,1.0723,true,2013-07-15,0.0093,-0.0839,Money Market,PHP,N,1,A,SLPMM,Sun Life Phils - Money Market Fund
2013-07-15,1.0723,true,2013-07-14,0.028,-0.0839,Money Market,PHP,N,1,A,SLPMM,Sun Life Phils - Money Market Fund
2013-07-12,1.0723,true,2013-07-11,0.0187,-0.0839,Money Market,PHP,N,1,A,SLPMM,Sun Life Phils - Money Market Fund
2013-07-11,1.0723,true,2013-07-10,0.0,-0.0839,Money Market,PHP,N,1,A,SLPMM,Sun Life Phils - Money Market Fund
2013-07-10,1.0723,true,2013-07-09,-0.0093,-0.0839,Money Market,PHP,N,1,A,SLPMM,Sun Life Phils - Money Market Fund
2013-07-09,1.0723,true,2013-07-08,0.028,-0.0839,Money Market,PHP,N,1,A,SLPMM,Sun Life Phils - Money Market Fund
2013-07-08,1.0723,true,2013-07-07,0.0373,-0.0839,Money Market,PHP,N,1,A,SLPMM,Sun Life Phils - Money Market Fund
2013-07-05,1.0723,true,2013-07-04,0.0187,-0.0839,Money Market,PHP,N,1,A,SLPMM,Sun Life Phils - Money Market Fund
2013-07-04,1.0724,true,2013-07-03,0.0373,-0.0745,Money Market,PHP,N,1,A,SLPMM,Sun Life Phils - Money Market Fund
2013-07-03,1.0723,true,2013-07-02,0.028,-0.0839,Money Market,PHP,N,1,A,SLPMM,Sun Life Phils - Money Market Fund
2013-07-02,1.0723,true,2013-07-01,0.028,-0.0839,Money Market,PHP,N,1,A,SLPMM,Sun Life Phils - Money Market Fund
2013-07-01,1.0723,true,2013-06-30,0.3181,-0.0839,Money Market,PHP,N,1,A,SLPMM,Sun Life Phils - Money Market Fund
2013-06-28,1.0724,true,2013-06-27,0.0466,-0.0745,Money Market,PHP,N,1,A,SLPMM,Sun Life Phils - Money Market Fund
2013-06-27,1.0724,true,2013-06-26,0.0466,-0.0745,Money Market,PHP,N,1,A,SLPMM,Sun Life Phils - Money Market Fund
2013-06-26,1.0724,true,2013-06-25,0.0466,-0.0745,Money Market,PHP,N,1,A,SLPMM,Sun Life Phils - Money Market Fund
2013-06-25,1.0724,true,2013-06-24,0.0466,-0.0745,Money Market,PHP,N,1,A,SLPMM,Sun Life Phils - Money Market Fund
2013-06-24,1.0724,true,2013-06-23,0.0653,-0.0745,Money Market,PHP,N,1,A,SLPMM,Sun Life Phils - Money Market Fund
2013-06-21,1.0724,true,2013-06-20,0.0466,-0.0745,Money Market,PHP,N,1,A,SLPMM,Sun Life Phils - Money Market Fund
2013-06-20,1.0724,true,2013-06-19,0.056,-0.0745,Money Market,PHP,N,1,A,SLPMM,Sun Life Phils - Money Market Fund
2013-06-19,1.0725,true,2013-06-18,0.0653,-0.0652,Money Market,PHP,N,1,A,SLPMM,Sun Life Phils - Money Market Fund
2013-06-18,1.0725,true,2013-06-17,0.0746,-0.0652,Money Market,PHP,N,1,A,SLPMM,Sun Life Phils - Money Market Fund
2013-06-17,1.0725,true,2013-06-16,0.0746,-0.0652,Money Market,PHP,N,1,A,SLPMM,Sun Life Phils - Money Market Fund
2013-06-14,1.0725,true,2013-06-13,0.0746,-0.0652,Money Market,PHP,N,1,A,SLPMM,Sun Life Phils - Money Market Fund
2013-06-13,1.0725,true,2013-06-12,0.0746,-0.0652,Money Market,PHP,N,1,A,SLPMM,Sun Life Phils - Money Market Fund
2013-06-11,1.0726,true,2013-06-10,0.084,-0.0559,Money Market,PHP,N,1,A,SLPMM,Sun Life Phils - Money Market Fund
2013-06-10,1.0726,true,2013-06-09,0.14,-0.0559,Money Market,PHP,N,1,A,SLPMM,Sun Life Phils - Money Market Fund
2013-06-07,1.0726,true,2013-06-06,0.14,-0.0559,Money Market,PHP,N,1,A,SLPMM,Sun Life Phils - Money Market Fund
2013-06-06,1.0726,true,2013-06-05,0.14,-0.0559,Money Market,PHP,N,1,A,SLPMM,Sun Life Phils - Money Market Fund
2013-06-05,1.0726,true,2013-06-04,0.14,-0.0559,Money Market,PHP,N,1,A,SLPMM,Sun Life Phils - Money Market Fund
2013-06-04,1.0726,true,2013-06-03,0.3462,-0.0559,Money Market,PHP,N,1,A,SLPMM,Sun Life Phils - Money Market Fund
2013-06-03,1.0726,true,2013-06-02,0.3462,-0.0559,Money Market,PHP,N,1,A,SLPMM,Sun Life Phils - Money Market Fund
2013-05-31,1.0726,true,2013-05-30,0.3462,-0.0559,Money Market,PHP,N,1,A,SLPMM,Sun Life Phils - Money Market Fund
2013-05-30,1.0726,true,2013-05-29,0.3555,-0.0559,Money Market,PHP,N,1,A,SLPMM,Sun Life Phils - Money Market Fund
2013-05-29,1.0726,true,2013-05-28,0.3555,-0.0559,Money Market,PHP,N,1,A,SLPMM,Sun Life Phils - Money Market Fund
2013-05-28,1.0726,true,2013-05-27,0.3555,-0.0559,Money Market,PHP,N,1,A,SLPMM,Sun Life Phils - Money Market Fund
2013-05-27,1.0726,true,2013-05-26,0.3555,-0.0559,Money Market,PHP,N,1,A,SLPMM,Sun Life Phils - Money Market Fund
2013-05-24,1.0726,true,2013-05-23,0.3555,-0.0559,Money Market,PHP,N,1,A,SLPMM,Sun Life Phils - Money Market Fund
2013-05-23,1.0726,true,2013-05-22,0.3555,-0.0559,Money Market,PHP,N,1,A,SLPMM,Sun Life Phils - Money Market Fund
2013-05-22,1.0727,true,2013-05-21,0.3649,-0.0466,Money Market,PHP,N,1,A,SLPMM,Sun Life Phils - Money Market Fund
2013-05-21,1.0727,true,2013-05-20,0.3743,-0.0466,Money Market,PHP,N,1,A,SLPMM,Sun Life Phils - Money Market Fund
2013-05-20,1.0727,true,2013-05-19,0.3743,-0.0466,Money Market,PHP,N,1,A,SLPMM,Sun Life Phils - Money Market Fund
2013-05-17,1.0727,true,2013-05-16,0.3743,-0.0466,Money Market,PHP,N,1,A,SLPMM,Sun Life Phils - Money Market Fund
2013-05-16,1.0727,true,2013-05-15,0.3743,-0.0466,Money Market,PHP,N,1,A,SLPMM,Sun Life Phils - Money Market Fund
2013-05-15,1.0727,true,2013-05-14,0.3837,-0.0466,Money Market,PHP,N,1,A,SLPMM,Sun Life Phils - Money Market Fund
2013-05-14,1.0727,true,2013-05-13,0.3837,-0.0466,Money Market,PHP,N,1,A,SLPMM,Sun Life Phils - Money Market Fund
2013-05-10,1.0727,true,2013-05-09,0.3837,-0.0466,Money Market,PHP,N,1,A,SLPMM,Sun Life Phils - Money Market Fund
2013-05-09,1.0727,true,2013-05-08,0.3931,-0.0466,Money Market,PHP,N,1,A,SLPMM,Sun Life Phils - Money Market Fund
2013-05-08,1.0728,true,2013-05-07,0.4024,-0.0373,Money Market,PHP,N,1,A,SLPMM,Sun Life Phils - Money Market Fund
2013-05-07,1.0728,true,2013-05-06,0.4024,-0.0373,Money Market,PHP,N,1,A,SLPMM,Sun Life Phils - Money Market Fund
2013-05-06,1.0728,true,2013-05-05,0.4024,-0.0373,Money Market,PHP,N,1,A,SLPMM,Sun Life Phils - Money Market Fund
2013-05-03,1.0728,true,2013-05-02,0.4024,-0.0373,Money Market,PHP,N,1,A,SLPMM,Sun Life Phils - Money Market Fund
2013-05-02,1.0728,true,2013-05-01,0.4118,-0.0373,Money Market,PHP,N,1,A,SLPMM,Sun Life Phils - Money Market Fund
2013-04-30,1.0728,true,2013-04-29,0.4118,-0.0373,Money Market,PHP,N,1,A,SLPMM,Sun Life Phils - Money Market Fund
2013-04-29,1.0728,true,2013-04-28,0.4118,-0.0373,Money Market,PHP,N,1,A,SLPMM,Sun Life Phils - Money Market Fund
2013-04-26,1.0728,true,2013-04-25,0.4212,-0.0373,Money Market,PHP,N,1,A,SLPMM,Sun Life Phils - Money Market Fund
2013-04-25,1.0728,true,2013-04-24,0.4212,-0.0373,Money Market,PHP,N,1,A,SLPMM,Sun Life Phils - Money Market Fund
2013-04-24,1.0728,true,2013-04-23,0.4212,-0.0373,Money Market,PHP,N,1,A,SLPMM,Sun Life Phils - Money Market Fund
2013-04-23,1.0728,true,2013-04-22,0.4212,-0.0373,Money Market,PHP,N,1,A,SLPMM,Sun Life Phils - Money Market Fund
2013-04-22,1.0728,true,2013-04-21,0.4306,-0.0373,Money Market,PHP,N,1,A,SLPMM,Sun Life Phils - Money Market Fund
2013-04-19,1.0727,true,2013-04-18,0.4213,-0.0466,Money Market,PHP,N,1,A,SLPMM,Sun Life Phils - Money Market Fund
2013-04-18,1.0727,true,2013-04-17,0.4213,-0.0466,Money Market,PHP,N,1,A,SLPMM,Sun Life Phils - Money Market Fund
2013-04-17,1.0727,true,2013-04-16,0.4213,-0.0466,Money Market,PHP,N,1,A,SLPMM,Sun Life Phils - Money Market Fund
2013-04-16,1.0727,true,2013-04-15,0.4213,-0.0466,Money Market,PHP,N,1,A,SLPMM,Sun Life Phils - Money Market Fund
2013-04-15,1.0727,true,2013-04-14,0.4307,-0.0466,Money Market,PHP,N,1,A,SLPMM,Sun Life Phils - Money Market Fund
2013-04-12,1.0727,true,2013-04-11,0.4307,-0.0466,Money Market,PHP,N,1,A,SLPMM,Sun Life Phils - Money Market Fund
2013-04-11,1.0726,true,2013-04-10,0.4213,-0.0559,Money Market,PHP,N,1,A,SLPMM,Sun Life Phils - Money Market Fund
2013-04-10,1.0726,true,2013-04-09,0.4213,-0.0559,Money Market,PHP,N,1,A,SLPMM,Sun Life Phils - Money Market Fund
2013-04-08,1.0726,true,2013-04-07,0.4307,-0.0559,Money Market,PHP,N,1,A,SLPMM,Sun Life Phils - Money Market Fund
2013-04-05,1.0726,true,2013-04-04,0.4307,-0.0559,Money Market,PHP,N,1,A,SLPMM,Sun Life Phils - Money Market Fund
2013-04-04,1.0726,true,2013-04-03,0.4307,-0.0559,Money Market,PHP,N,1,A,SLPMM,Sun Life Phils - Money Market Fund
2013-04-03,1.0726,true,2013-04-02,0.4401,-0.0559,Money Market,PHP,N,1,A,SLPMM,Sun Life Phils - Money Market Fund
2013-04-02,1.0726,true,2013-04-01,0.4401,-0.0559,Money Market,PHP,N,1,A,SLPMM,Sun Life Phils - Money Market Fund
2013-04-01,1.0726,true,2013-03-31,0.4872,-0.0559,Money Market,PHP,N,1,A,SLPMM,Sun Life Phils - Money Market Fund
2013-03-27,1.0725,true,2013-03-26,0.4402,-0.0652,Money Market,PHP,N,1,A,SLPMM,Sun Life Phils - Money Market Fund
2013-03-26,1.0725,true,2013-03-25,0.4402,-0.0652,Money Market,PHP,N,1,A,SLPMM,Sun Life Phils - Money Market Fund
2013-03-25,1.0725,true,2013-03-24,0.4402,-0.0652,Money Market,PHP,N,1,A,SLPMM,Sun Life Phils - Money Market Fund
2013-03-22,1.0725,true,2013-03-21,0.4496,-0.0652,Money Market,PHP,N,1,A,SLPMM,Sun Life Phils - Money Market Fund
2013-03-21,1.0725,true,2013-03-20,0.4496,-0.0652,Money Market,PHP,N,1,A,SLPMM,Sun Life Phils - Money Market Fund
2013-03-20,1.0725,true,2013-03-19,0.4496,-0.0652,Money Market,PHP,N,1,A,SLPMM,Sun Life Phils - Money Market Fund
2013-03-19,1.0724,true,2013-03-18,0.4402,-0.0745,Money Market,PHP,N,1,A,SLPMM,Sun Life Phils - Money Market Fund
2013-03-18,1.0724,true,2013-03-17,0.4496,-0.0745,Money Market,PHP,N,1,A,SLPMM,Sun Life Phils - Money Market Fund
2013-03-15,1.0724,true,2013-03-14,0.4496,-0.0745,Money Market,PHP,N,1,A,SLPMM,Sun Life Phils - Money Market Fund
2013-03-14,1.0724,true,2013-03-13,0.4496,-0.0745,Money Market,PHP,N,1,A,SLPMM,Sun Life Phils - Money Market Fund
2013-03-13,1.0724,true,2013-03-12,0.4496,-0.0745,Money Market,PHP,N,1,A,SLPMM,Sun Life Phils - Money Market Fund
2013-03-12,1.0724,true,2013-03-11,0.4496,-0.0745,Money Market,PHP,N,1,A,SLPMM,Sun Life Phils - Money Market Fund
2013-03-11,1.0724,true,2013-03-10,0.459,-0.0745,Money Market,PHP,N,1,A,SLPMM,Sun Life Phils - Money Market Fund
2013-03-08,1.0723,true,2013-03-07,0.4496,-0.0839,Money Market,PHP,N,1,A,SLPMM,Sun Life Phils - Money Market Fund
2013-03-07,1.0723,true,2013-03-06,0.4496,-0.0839,Money Market,PHP,N,1,A,SLPMM,Sun Life Phils - Money Market Fund
2013-03-06,1.0723,true,2013-03-05,0.4496,-0.0839,Money Market,PHP,N,1,A,SLPMM,Sun Life Phils - Money Market Fund
2013-03-05,1.0723,true,2013-03-04,0.4591,-0.0839,Money Market,PHP,N,1,A,SLPMM,Sun Life Phils - Money Market Fund
2013-03-04,1.0723,true,2013-03-03,0.4591,-0.0839,Money Market,PHP,N,1,A,SLPMM,Sun Life Phils - Money Market Fund
2013-03-01,1.0724,true,2013-02-28,0.4684,-0.0745,Money Market,PHP,N,1,A,SLPMM,Sun Life Phils - Money Market Fund
2013-02-28,1.0723,true,2013-02-27,0.4685,-0.0839,Money Market,PHP,N,1,A,SLPMM,Sun Life Phils - Money Market Fund
2013-02-27,1.0722,true,2013-02-26,0.4591,-0.0932,Money Market,PHP,N,1,A,SLPMM,Sun Life Phils - Money Market Fund
2013-02-26,1.0722,true,2013-02-25,0.4591,-0.0932,Money Market,PHP,N,1,A,SLPMM,Sun Life Phils - Money Market Fund
2013-02-25,1.0722,true,2013-02-24,0.4591,-0.0932,Money Market,PHP,N,1,A,SLPMM,Sun Life Phils - Money Market Fund
2013-02-22,1.0721,true,2013-02-21,0.4591,-0.1025,Money Market,PHP,N,1,A,SLPMM,Sun Life Phils - Money Market Fund
2013-02-21,1.0722,true,2013-02-20,0.4685,-0.0932,Money Market,PHP,N,1,A,SLPMM,Sun Life Phils - Money Market Fund
2013-02-20,1.0722,true,2013-02-19,0.4685,-0.0932,Money Market,PHP,N,1,A,SLPMM,Sun Life Phils - Money Market Fund
2013-02-19,1.0722,true,2013-02-18,0.4779,-0.0932,Money Market,PHP,N,1,A,SLPMM,Sun Life Phils - Money Market Fund
2013-02-18,1.0722,true,2013-02-17,0.4779,-0.0932,Money Market,PHP,N,1,A,SLPMM,Sun Life Phils - Money Market Fund
2013-02-15,1.0721,true,2013-02-14,0.4686,-0.1025,Money Market,PHP,N,1,A,SLPMM,Sun Life Phils - Money Market Fund
2013-02-14,1.0724,true,2013-02-13,0.4967,-0.0745,Money Market,PHP,N,1,A,SLPMM,Sun Life Phils - Money Market Fund
2013-02-13,1.0724,true,2013-02-12,0.4967,-0.0745,Money Market,PHP,N,1,A,SLPMM,Sun Life Phils - Money Market Fund
2013-02-12,1.0724,true,2013-02-11,0.5061,-0.0745,Money Market,PHP,N,1,A,SLPMM,Sun Life Phils - Money Market Fund
2013-02-11,1.0724,true,2013-02-10,0.5061,-0.0745,Money Market,PHP,N,1,A,SLPMM,Sun Life Phils - Money Market Fund
2013-02-08,1.0723,true,2013-02-07,0.4967,-0.0839,Money Market,PHP,N,1,A,SLPMM,Sun Life Phils - Money Market Fund
2013-02-07,1.0726,true,2013-02-06,0.5248,-0.0559,Money Market,PHP,N,1,A,SLPMM,Sun Life Phils - Money Market Fund
2013-02-06,1.0726,true,2013-02-05,0.5343,-0.0559,Money Market,PHP,N,1,A,SLPMM,Sun Life Phils - Money Market Fund
2013-02-05,1.0726,true,2013-02-04,0.5343,-0.0559,Money Market,PHP,N,1,A,SLPMM,Sun Life Phils - Money Market Fund
2013-02-04,1.0727,true,2013-02-03,0.5436,-0.0466,Money Market,PHP,N,1,A,SLPMM,Sun Life Phils - Money Market Fund
2013-02-01,1.0726,true,2013-01-31,0.5437,-0.0559,Money Market,PHP,N,1,A,SLPMM,Sun Life Phils - Money Market Fund
2013-01-31,1.0729,true,2013-01-30,0.5718,-0.028,Money Market,PHP,N,1,A,SLPMM,Sun Life Phils - Money Market Fund
2013-01-30,1.073,true,2013-01-29,0.5812,-0.0186,Money Market,PHP,N,1,A,SLPMM,Sun Life Phils - Money Market Fund
2013-01-29,1.073,true,2013-01-28,0.5906,-0.0186,Money Market,PHP,N,1,A,SLPMM,Sun Life Phils - Money Market Fund
2013-01-28,1.073,true,2013-01-27,0.5906,-0.0186,Money Market,PHP,N,1,A,SLPMM,Sun Life Phils - Money Market Fund
2013-01-25,1.0729,true,2013-01-24,0.5812,-0.028,Money Market,PHP,N,1,A,SLPMM,Sun Life Phils - Money Market Fund
2013-01-24,1.0732,true,2013-01-23,0.6094,0.0,Money Market,PHP,N,1,A,SLPMM,Sun Life Phils - Money Market Fund
2013-01-23,1.0732,true,2013-01-22,0.6188,0.0,Money Market,PHP,N,1,A,SLPMM,Sun Life Phils - Money Market Fund
2013-01-22,1.0733,true,2013-01-21,0.6282,0.0093,Money Market,PHP,N,1,A,SLPMM,Sun Life Phils - Money Market Fund
2013-01-21,1.0733,true,2013-01-20,0.6282,0.0093,Money Market,PHP,N,1,A,SLPMM,Sun Life Phils - Money Market Fund
2013-01-18,1.0732,true,2013-01-17,0.6188,0.0,Money Market,PHP,N,1,A,SLPMM,Sun Life Phils - Money Market Fund
2013-01-17,1.0734,true,2013-01-16,0.6375,0.0186,Money Market,PHP,N,1,A,SLPMM,Sun Life Phils - Money Market Fund
2013-01-16,1.0734,true,2013-01-15,0.647,0.0186,Money Market,PHP,N,1,A,SLPMM,Sun Life Phils - Money Market Fund
2013-01-15,1.0734,true,2013-01-14,0.647,0.0186,Money Market,PHP,N,1,A,SLPMM,Sun Life Phils - Money Market Fund
2013-01-14,1.0734,true,2013-01-13,0.647,0.0186,Money Market,PHP,N,1,A,SLPMM,Sun Life Phils - Money Market Fund
2013-01-11,1.0733,true,2013-01-10,0.647,0.0093,Money Market,PHP,N,1,A,SLPMM,Sun Life Phils - Money Market Fund
2013-01-10,1.0735,true,2013-01-09,0.6658,0.028,Money Market,PHP,N,1,A,SLPMM,Sun Life Phils - Money Market Fund
2013-01-09,1.0735,true,2013-01-08,0.6658,0.028,Money Market,PHP,N,1,A,SLPMM,Sun Life Phils - Money Market Fund
2013-01-08,1.0734,true,2013-01-07,0.6564,0.0186,Money Market,PHP,N,1,A,SLPMM,Sun Life Phils - Money Market Fund
2013-01-07,1.0734,true,2013-01-06,0.6564,0.0186,Money Market,PHP,N,1,A,SLPMM,Sun Life Phils - Money Market Fund
2013-01-04,1.0733,true,2013-01-03,0.6565,0.0093,Money Market,PHP,N,1,A,SLPMM,Sun Life Phils - Money Market Fund
2013-01-03,1.0734,true,2013-01-02,0.6659,0.0186,Money Market,PHP,N,1,A,SLPMM,Sun Life Phils - Money Market Fund
2013-01-02,1.0734,true,2013-01-01,0.6659,0.0186,Money Market,PHP,N,1,A,SLPMM,Sun Life Phils - Money Market Fund
2012-12-28,1.0732,true,2012-12-27,0.6565,0.6565,Money Market,PHP,N,1,A,SLPMM,Sun Life Phils - Money Market Fund
2012-12-27,1.0735,true,2012-12-26,0.6847,0.6847,Money Market,PHP,N,1,A,SLPMM,Sun Life Phils - Money Market Fund
2012-12-26,1.0735,true,2012-12-25,0.6847,0.6847,Money Market,PHP,N,1,A,SLPMM,Sun Life Phils - Money Market Fund
2012-12-21,1.0732,true,2012-12-20,0.666,0.6565,Money Market,PHP,N,1,A,SLPMM,Sun Life Phils - Money Market Fund
2012-12-20,1.0736,true,2012-12-19,0.7129,0.6941,Money Market,PHP,N,1,A,SLPMM,Sun Life Phils - Money Market Fund
2012-12-19,1.0736,true,2012-12-18,0.7129,0.6941,Money Market,PHP,N,1,A,SLPMM,Sun Life Phils - Money Market Fund
2012-12-18,1.0737,true,2012-12-17,0.7223,0.7034,Money Market,PHP,N,1,A,SLPMM,Sun Life Phils - Money Market Fund
2012-12-17,1.0737,true,2012-12-16,0.7223,0.7034,Money Market,PHP,N,1,A,SLPMM,Sun Life Phils - Money Market Fund
2012-12-14,1.0735,true,2012-12-13,0.713,0.6847,Money Market,PHP,N,1,A,SLPMM,Sun Life Phils - Money Market Fund
2012-12-13,1.0737,true,2012-12-12,0.7318,0.7034,Money Market,PHP,N,1,A,SLPMM,Sun Life Phils - Money Market Fund
2012-12-12,1.0739,true,2012-12-11,0.7505,0.7222,Money Market,PHP,N,1,A,SLPMM,Sun Life Phils - Money Market Fund
2012-12-11,1.0738,true,2012-12-10,0.7506,0.7128,Money Market,PHP,N,1,A,SLPMM,Sun Life Phils - Money Market Fund
2012-12-10,1.0737,true,2012-12-09,0.7412,0.7034,Money Market,PHP,N,1,A,SLPMM,Sun Life Phils - Money Market Fund
2012-12-07,1.0736,true,2012-12-06,0.7318,0.6941,Money Market,PHP,N,1,A,SLPMM,Sun Life Phils - Money Market Fund
2012-12-06,1.0739,true,2012-12-05,0.76,0.7222,Money Market,PHP,N,1,A,SLPMM,Sun Life Phils - Money Market Fund
2012-12-05,1.0739,true,2012-12-04,0.76,0.7222,Money Market,PHP,N,1,A,SLPMM,Sun Life Phils - Money Market Fund
2012-12-04,1.0739,true,2012-12-03,0.7694,0.7222,Money Market,PHP,N,1,A,SLPMM,Sun Life Phils - Money Market Fund
2012-12-03,1.0739,true,2012-12-02,0.7694,0.7222,Money Market,PHP,N,1,A,SLPMM,Sun Life Phils - Money Market Fund
2012-11-29,1.0736,true,2012-11-28,0.7508,0.6941,Money Market,PHP,N,1,A,SLPMM,Sun Life Phils - Money Market Fund
2012-11-28,1.0741,true,2012-11-27,0.7977,0.7409,Money Market,PHP,N,1,A,SLPMM,Sun Life Phils - Money Market Fund
2012-11-27,1.0742,true,2012-11-26,0.8071,0.7503,Money Market,PHP,N,1,A,SLPMM,Sun Life Phils - Money Market Fund
2012-11-26,1.0741,true,2012-11-25,0.7977,0.7409,Money Market,PHP,N,1,A,SLPMM,Sun Life Phils - Money Market Fund
2012-11-23,1.0741,true,2012-11-22,0.8071,0.7409,Money Market,PHP,N,1,A,SLPMM,Sun Life Phils - Money Market Fund
2012-11-22,1.0742,true,2012-11-21,0.8165,0.7503,Money Market,PHP,N,1,A,SLPMM,Sun Life Phils - Money Market Fund
2012-11-21,1.0742,true,2012-11-20,0.8165,0.7503,Money Market,PHP,N,1,A,SLPMM,Sun Life Phils - Money Market Fund
2012-11-20,1.0742,true,2012-11-19,0.826,0.7503,Money Market,PHP,N,1,A,SLPMM,Sun Life Phils - Money Market Fund
2012-11-19,1.0743,true,2012-11-18,0.8354,0.7597,Money Market,PHP,N,1,A,SLPMM,Sun Life Phils - Money Market Fund
2012-11-16,1.0741,true,2012-11-15,0.8166,0.7409,Money Market,PHP,N,1,A,SLPMM,Sun Life Phils - Money Market Fund
2012-11-15,1.0743,true,2012-11-14,0.8354,0.7597,Money Market,PHP,N,1,A,SLPMM,Sun Life Phils - Money Market Fund
2012-11-14,1.0745,true,2012-11-13,0.8541,0.7785,Money Market,PHP,N,1,A,SLPMM,Sun Life Phils - Money Market Fund
2012-11-13,1.0745,true,2012-11-12,0.8636,0.7785,Money Market,PHP,N,1,A,SLPMM,Sun Life Phils - Money Market Fund
2012-11-12,1.0744,true,2012-11-11,0.8542,0.7691,Money Market,PHP,N,1,A,SLPMM,Sun Life Phils - Money Market Fund
2012-11-09,1.0741,true,2012-11-08,0.8261,0.7409,Money Market,PHP,N,1,A,SLPMM,Sun Life Phils - Money Market Fund
2012-11-08,1.0743,true,2012-11-07,0.8448,0.7597,Money Market,PHP,N,1,A,SLPMM,Sun Life Phils - Money Market Fund
2012-11-07,1.0742,true,2012-11-06,0.8449,0.7503,Money Market,PHP,N,1,A,SLPMM,Sun Life Phils - Money Market Fund
2012-11-06,1.0742,true,2012-11-05,0.8449,0.7503,Money Market,PHP,N,1,A,SLPMM,Sun Life Phils - Money Market Fund
2012-11-05,1.0744,true,2012-11-04,0.8637,0.7691,Money Market,PHP,N,1,A,SLPMM,Sun Life Phils - Money Market Fund
2012-10-31,1.0742,true,2012-10-30,0.8638,0.7503,Money Market,PHP,N,1,A,SLPMM,Sun Life Phils - Money Market Fund
2012-10-30,1.0744,true,2012-10-29,0.8826,0.7691,Money Market,PHP,N,1,A,SLPMM,Sun Life Phils - Money Market Fund
2012-10-29,1.0742,true,2012-10-28,0.8638,0.7503,Money Market,PHP,N,1,A,SLPMM,Sun Life Phils - Money Market Fund
2012-10-25,1.0738,true,2012-10-24,0.8263,0.7128,Money Market,PHP,N,1,A,SLPMM,Sun Life Phils - Money Market Fund
2012-10-24,1.074,true,2012-10-23,0.8451,0.7316,Money Market,PHP,N,1,A,SLPMM,Sun Life Phils - Money Market Fund
2012-10-23,1.074,true,2012-10-22,0.8545,0.7316,Money Market,PHP,N,1,A,SLPMM,Sun Life Phils - Money Market Fund
2012-10-22,1.074,true,2012-10-21,0.8545,0.7316,Money Market,PHP,N,1,A,SLPMM,Sun Life Phils - Money Market Fund
2012-10-19,1.0739,true,2012-10-18,0.8451,0.7222,Money Market,PHP,N,1,A,SLPMM,Sun Life Phils - Money Market Fund
2012-10-18,1.0741,true,2012-10-17,0.8639,0.7409,Money Market,PHP,N,1,A,SLPMM,Sun Life Phils - Money Market Fund
2012-10-18,1.0741,true,2012-10-17,0.8639,0.7409,Money Market,PHP,N,1,A,SLPMM,Sun Life Phils - Money Market Fund
2012-10-17,1.0741,true,2012-10-16,0.8734,0.7409,Money Market,PHP,N,1,A,SLPMM,Sun Life Phils - Money Market Fund
2012-10-16,1.0741,true,2012-10-15,0.8734,0.7409,Money Market,PHP,N,1,A,SLPMM,Sun Life Phils - Money Market Fund
2012-10-15,1.0741,true,2012-10-14,0.8734,0.7409,Money Market,PHP,N,1,A,SLPMM,Sun Life Phils - Money Market Fund
2012-10-12,1.0739,true,2012-10-11,0.8641,0.7222,Money Market,PHP,N,1,A,SLPMM,Sun Life Phils - Money Market Fund
2012-10-11,1.074,true,2012-10-10,0.8735,0.7316,Money Market,PHP,N,1,A,SLPMM,Sun Life Phils - Money Market Fund
2012-10-10,1.074,true,2012-10-09,0.8735,0.7316,Money Market,PHP,N,1,A,SLPMM,Sun Life Phils - Money Market Fund
2012-10-09,1.074,true,2012-10-08,0.883,0.7316,Money Market,PHP,N,1,A,SLPMM,Sun Life Phils - Money Market Fund
2012-10-08,1.074,true,2012-10-07,0.883,0.7316,Money Market,PHP,N,1,A,SLPMM,Sun Life Phils - Money Market Fund
2012-10-05,1.0738,true,2012-10-04,0.8642,0.7128,Money Market,PHP,N,1,A,SLPMM,Sun Life Phils - Money Market Fund
2012-10-04,1.074,true,2012-10-03,0.883,0.7316,Money Market,PHP,N,1,A,SLPMM,Sun Life Phils - Money Market Fund
2012-10-03,1.074,true,2012-10-02,0.883,0.7316,Money Market,PHP,N,1,A,SLPMM,Sun Life Phils - Money Market Fund
2012-10-02,1.0741,true,2012-10-01,0.9492,0.7409,Money Market,PHP,N,1,A,SLPMM,Sun Life Phils - Money Market Fund
2012-10-01,1.0742,true,2012-09-30,0.9586,0.7503,Money Market,PHP,N,1,A,SLPMM,Sun Life Phils - Money Market Fund
2012-09-28,1.0741,true,2012-09-27,0.9018,0.7409,Money Market,PHP,N,1,A,SLPMM,Sun Life Phils - Money Market Fund
2012-09-27,1.074,true,2012-09-26,0.9019,0.7316,Money Market,PHP,N,1,A,SLPMM,Sun Life Phils - Money Market Fund
2012-09-26,1.074,true,2012-09-25,0.9019,0.7316,Money Market,PHP,N,1,A,SLPMM,Sun Life Phils - Money Market Fund
2012-09-25,1.0739,true,2012-09-24,0.8925,0.7222,Money Market,PHP,N,1,A,SLPMM,Sun Life Phils - Money Market Fund
2012-09-24,1.074,true,2012-09-23,0.9019,0.7316,Money Market,PHP,N,1,A,SLPMM,Sun Life Phils - Money Market Fund
2012-09-21,1.0737,true,2012-09-20,0.8737,0.7034,Money Market,PHP,N,1,A,SLPMM,Sun Life Phils - Money Market Fund
2012-09-20,1.0739,true,2012-09-19,0.902,0.7222,Money Market,PHP,N,1,A,SLPMM,Sun Life Phils - Money Market Fund
2012-09-19,1.0738,true,2012-09-18,0.8926,0.7128,Money Market,PHP,N,1,A,SLPMM,Sun Life Phils - Money Market Fund
2012-09-18,1.0736,true,2012-09-17,0.8738,0.6941,Money Market,PHP,N,1,A,SLPMM,Sun Life Phils - Money Market Fund
2012-09-17,1.0736,true,2012-09-16,0.8738,0.6941,Money Market,PHP,N,1,A,SLPMM,Sun Life Phils - Money Market Fund
2012-09-14,1.0731,true,2012-09-13,0.8363,0.6472,Money Market,PHP,N,1,A,SLPMM,Sun Life Phils - Money Market Fund
2012-09-13,1.0732,true,2012-09-12,0.8457,0.6565,Money Market,PHP,N,1,A,SLPMM,Sun Life Phils - Money Market Fund
2012-09-12,1.0732,true,2012-09-11,0.8457,0.6565,Money Market,PHP,N,1,A,SLPMM,Sun Life Phils - Money Market Fund
2012-09-11,1.0731,true,2012-09-10,0.8458,0.6472,Money Market,PHP,N,1,A,SLPMM,Sun Life Phils - Money Market Fund
2012-09-10,1.0731,true,2012-09-09,0.8458,0.6472,Money Market,PHP,N,1,A,SLPMM,Sun Life Phils - Money Market Fund
2012-09-07,1.0728,true,2012-09-06,0.8176,0.619,Money Market,PHP,N,1,A,SLPMM,Sun Life Phils - Money Market Fund
2012-09-06,1.0728,true,2012-09-05,0.8176,0.619,Money Market,PHP,N,1,A,SLPMM,Sun Life Phils - Money Market Fund
2012-09-05,1.0729,true,2012-09-04,0.827,0.6284,Money Market,PHP,N,1,A,SLPMM,Sun Life Phils - Money Market Fund
2012-09-04,1.0731,true,2012-09-03,0.8553,0.6472,Money Market,PHP,N,1,A,SLPMM,Sun Life Phils - Money Market Fund
2012-09-03,1.073,true,2012-09-02,0.8459,0.6378,Money Market,PHP,N,1,A,SLPMM,Sun Life Phils - Money Market Fund
2012-08-31,1.0729,true,2012-08-30,0.8365,0.6284,Money Market,PHP,N,1,A,SLPMM,Sun Life Phils - Money Market Fund
2012-08-30,1.073,true,2012-08-29,0.8553,0.6378,Money Market,PHP,N,1,A,SLPMM,Sun Life Phils - Money Market Fund
2012-08-29,1.0729,true,2012-08-28,0.8459,0.6284,Money Market,PHP,N,1,A,SLPMM,Sun Life Phils - Money Market Fund
2012-08-28,1.0729,true,2012-08-27,0.8459,0.6284,Money Market,PHP,N,1,A,SLPMM,Sun Life Phils - Money Market Fund
2012-08-24,1.0731,true,2012-08-23,0.8742,0.6472,Money Market,PHP,N,1,A,SLPMM,Sun Life Phils - Money Market Fund
2012-08-23,1.073,true,2012-08-22,0.8648,0.6378,Money Market,PHP,N,1,A,SLPMM,Sun Life Phils - Money Market Fund
2012-08-22,1.0731,true,2012-08-21,0.8742,0.6472,Money Market,PHP,N,1,A,SLPMM,Sun Life Phils - Money Market Fund
2012-08-17,1.0728,true,2012-08-16,0.8555,0.619,Money Market,PHP,N,1,A,SLPMM,Sun Life Phils - Money Market Fund
2012-08-16,1.0732,true,2012-08-15,0.8931,0.6565,Money Market,PHP,N,1,A,SLPMM,Sun Life Phils - Money Market Fund
2012-08-15,1.0733,true,2012-08-14,0.9025,0.6659,Money Market,PHP,N,1,A,SLPMM,Sun Life Phils - Money Market Fund
2012-08-14,1.0732,true,2012-08-13,0.9026,0.6565,Money Market,PHP,N,1,A,SLPMM,Sun Life Phils - Money Market Fund
2012-08-13,1.0732,true,2012-08-12,0.9026,0.6565,Money Market,PHP,N,1,A,SLPMM,Sun Life Phils - Money Market Fund
2012-08-10,1.0729,true,2012-08-09,0.8744,0.6284,Money Market,PHP,N,1,A,SLPMM,Sun Life Phils - Money Market Fund
2012-08-09,1.073,true,2012-08-08,0.8838,0.6378,Money Market,PHP,N,1,A,SLPMM,Sun Life Phils - Money Market Fund
2012-08-08,1.0732,true,2012-08-07,0.9121,0.6565,Money Market,PHP,N,1,A,SLPMM,Sun Life Phils - Money Market Fund
2012-08-06,1.0727,true,2012-08-05,0.8651,0.6096,Money Market,PHP,N,1,A,SLPMM,Sun Life Phils - Money Market Fund
2012-08-03,1.0724,true,2012-08-02,0.8369,0.5815,Money Market,PHP,N,1,A,SLPMM,Sun Life Phils - Money Market Fund
2012-08-02,1.0726,true,2012-08-01,0.8651,0.6003,Money Market,PHP,N,1,A,SLPMM,Sun Life Phils - Money Market Fund
2012-08-01,1.0725,true,2012-07-31,0.8557,0.5909,Money Market,PHP,N,1,A,SLPMM,Sun Life Phils - Money Market Fund
2012-07-31,1.0727,true,2012-07-30,0.8746,0.6096,Money Market,PHP,N,1,A,SLPMM,Sun Life Phils - Money Market Fund
2012-07-30,1.0726,true,2012-07-29,0.8651,0.6003,Money Market,PHP,N,1,A,SLPMM,Sun Life Phils - Money Market Fund
2012-07-27,1.0724,true,2012-07-26,0.8558,0.5815,Money Market,PHP,N,1,A,SLPMM,Sun Life Phils - Money Market Fund
2012-07-27,1.0724,true,2012-07-26,0.8558,0.5815,Money Market,PHP,N,1,A,SLPMM,Sun Life Phils - Money Market Fund
2012-07-26,1.0725,true,2012-07-25,0.8652,0.5909,Money Market,PHP,N,1,A,SLPMM,Sun Life Phils - Money Market Fund
2012-07-25,1.0726,true,2012-07-24,0.8746,0.6003,Money Market,PHP,N,1,A,SLPMM,Sun Life Phils - Money Market Fund
2012-07-24,1.0726,true,2012-07-23,0.8746,0.6003,Money Market,PHP,N,1,A,SLPMM,Sun Life Phils - Money Market Fund
2012-07-23,1.0724,true,2012-07-22,0.8558,0.5815,Money Market,PHP,N,1,A,SLPMM,Sun Life Phils - Money Market Fund
2012-07-20,1.0721,true,2012-07-19,0.8371,0.5534,Money Market,PHP,N,1,A,SLPMM,Sun Life Phils - Money Market Fund
2012-07-19,1.0723,true,2012-07-18,0.8559,0.5721,Money Market,PHP,N,1,A,SLPMM,Sun Life Phils - Money Market Fund
2012-07-18,1.0725,true,2012-07-17,0.8747,0.5909,Money Market,PHP,N,1,A,SLPMM,Sun Life Phils - Money Market Fund
2012-07-17,1.0723,true,2012-07-16,0.8654,0.5721,Money Market,PHP,N,1,A,SLPMM,Sun Life Phils - Money Market Fund
2012-07-16,1.0722,true,2012-07-15,0.856,0.5627,Money Market,PHP,N,1,A,SLPMM,Sun Life Phils - Money Market Fund
2012-07-13,1.072,true,2012-07-12,0.8372,0.544,Money Market,PHP,N,1,A,SLPMM,Sun Life Phils - Money Market Fund
2012-07-12,1.0721,true,2012-07-11,0.8466,0.5534,Money Market,PHP,N,1,A,SLPMM,Sun Life Phils - Money Market Fund
2012-07-11,1.0723,true,2012-07-10,0.8654,0.5721,Money Market,PHP,N,1,A,SLPMM,Sun Life Phils - Money Market Fund
2012-07-10,1.0724,true,2012-07-09,0.8843,0.5815,Money Market,PHP,N,1,A,SLPMM,Sun Life Phils - Money Market Fund
2012-07-09,1.072,true,2012-07-08,0.8467,0.544,Money Market,PHP,N,1,A,SLPMM,Sun Life Phils - Money Market Fund
2012-07-06,1.0719,true,2012-07-05,0.8373,0.5346,Money Market,PHP,N,1,A,SLPMM,Sun Life Phils - Money Market Fund
2012-07-05,1.0721,true,2012-07-04,0.8561,0.5534,Money Market,PHP,N,1,A,SLPMM,Sun Life Phils - Money Market Fund
2012-07-04,1.072,true,2012-07-03,0.8561,0.544,Money Market,PHP,N,1,A,SLPMM,Sun Life Phils - Money Market Fund
2012-07-03,1.072,true,2012-07-02,0.8561,0.544,Money Market,PHP,N,1,A,SLPMM,Sun Life Phils - Money Market Fund
2012-07-02,1.072,true,2012-07-01,0.8561,0.544,Money Market,PHP,N,1,A,SLPMM,Sun Life Phils - Money Market Fund
2012-06-29,1.0718,true,2012-06-28,0.8468,0.5252,Money Market,PHP,N,1,A,SLPMM,Sun Life Phils - Money Market Fund
2012-06-28,1.0719,true,2012-06-27,0.8562,0.5346,Money Market,PHP,N,1,A,SLPMM,Sun Life Phils - Money Market Fund
2012-06-27,1.0719,true,2012-06-26,0.8562,0.5346,Money Market,PHP,N,1,A,SLPMM,Sun Life Phils - Money Market Fund
2012-06-26,1.0719,true,2012-06-25,0.8562,0.5346,Money Market,PHP,N,1,A,SLPMM,Sun Life Phils - Money Market Fund
2012-06-25,1.0719,true,2012-06-24,0.8562,0.5346,Money Market,PHP,N,1,A,SLPMM,Sun Life Phils - Money Market Fund
2012-06-22,1.0717,true,2012-06-21,0.8469,0.5159,Money Market,PHP,N,1,A,SLPMM,Sun Life Phils - Money Market Fund
2012-06-21,1.0719,true,2012-06-20,0.8657,0.5346,Money Market,PHP,N,1,A,SLPMM,Sun Life Phils - Money Market Fund
2012-06-20,1.0718,true,2012-06-19,0.8658,0.5252,Money Market,PHP,N,1,A,SLPMM,Sun Life Phils - Money Market Fund
2012-06-19,1.0718,true,2012-06-18,0.8658,0.5252,Money Market,PHP,N,1,A,SLPMM,Sun Life Phils - Money Market Fund
2012-06-18,1.0717,true,2012-06-17,0.8564,0.5159,Money Market,PHP,N,1,A,SLPMM,Sun Life Phils - Money Market Fund
2012-06-15,1.0717,true,2012-06-14,0.8564,0.5159,Money Market,PHP,N,1,A,SLPMM,Sun Life Phils - Money Market Fund
2012-06-14,1.0717,true,2012-06-13,0.8564,0.5159,Money Market,PHP,N,1,A,SLPMM,Sun Life Phils - Money Market Fund
2012-06-13,1.0717,true,2012-06-12,0.8564,0.5159,Money Market,PHP,N,1,A,SLPMM,Sun Life Phils - Money Market Fund
2012-06-11,1.0717,true,2012-06-10,0.8659,0.5159,Money Market,PHP,N,1,A,SLPMM,Sun Life Phils - Money Market Fund
2012-06-08,1.0711,true,2012-06-07,0.8094,0.4596,Money Market,PHP,N,1,A,SLPMM,Sun Life Phils - Money Market Fund
2012-06-07,1.0711,true,2012-06-06,0.8094,0.4596,Money Market,PHP,N,1,A,SLPMM,Sun Life Phils - Money Market Fund
2012-06-06,1.0711,true,2012-06-05,0.8189,0.4596,Money Market,PHP,N,1,A,SLPMM,Sun Life Phils - Money Market Fund
2012-06-05,1.0711,true,2012-06-04,0.8189,0.4596,Money Market,PHP,N,1,A,SLPMM,Sun Life Phils - Money Market Fund
2012-06-04,1.0689,true,2012-06-03,0.6118,0.2532,Money Market,PHP,N,1,A,SLPMM,Sun Life Phils - Money Market Fund
2012-06-01,1.0689,true,2012-05-31,0.6118,0.2532,Money Market,PHP,N,1,A,SLPMM,Sun Life Phils - Money Market Fund
2012-05-31,1.0689,true,2012-05-30,0.6213,0.2532,Money Market,PHP,N,1,A,SLPMM,Sun Life Phils - Money Market Fund
2012-05-30,1.0688,true,2012-05-29,0.6119,0.2439,Money Market,PHP,N,1,A,SLPMM,Sun Life Phils - Money Market Fund
2012-05-29,1.0688,true,2012-05-28,0.6119,0.2439,Money Market,PHP,N,1,A,SLPMM,Sun Life Phils - Money Market Fund
2012-05-28,1.0688,true,2012-05-27,0.6119,0.2439,Money Market,PHP,N,1,A,SLPMM,Sun Life Phils - Money Market Fund
2012-05-25,1.0688,true,2012-05-24,0.6119,0.2439,Money Market,PHP,N,1,A,SLPMM,Sun Life Phils - Money Market Fund
2012-05-24,1.0688,true,2012-05-23,0.6214,0.2439,Money Market,PHP,N,1,A,SLPMM,Sun Life Phils - Money Market Fund
2012-05-23,1.0688,true,2012-05-22,0.6214,0.2439,Money Market,PHP,N,1,A,SLPMM,Sun Life Phils - Money Market Fund
2012-05-22,1.0688,true,2012-05-21,0.6214,0.2439,Money Market,PHP,N,1,A,SLPMM,Sun Life Phils - Money Market Fund
2012-05-21,1.0687,true,2012-05-20,0.6119,0.2345,Money Market,PHP,N,1,A,SLPMM,Sun Life Phils - Money Market Fund
2012-05-18,1.0687,true,2012-05-17,0.6119,0.2345,Money Market,PHP,N,1,A,SLPMM,Sun Life Phils - Money Market Fund
2012-05-17,1.0687,true,2012-05-16,0.6214,0.2345,Money Market,PHP,N,1,A,SLPMM,Sun Life Phils - Money Market Fund
2012-05-16,1.0687,true,2012-05-15,0.6214,0.2345,Money Market,PHP,N,1,A,SLPMM,Sun Life Phils - Money Market Fund
2012-05-15,1.0686,true,2012-05-14,0.612,0.2251,Money Market,PHP,N,1,A,SLPMM,Sun Life Phils - Money Market Fund
2012-05-14,1.0686,true,2012-05-13,0.612,0.2251,Money Market,PHP,N,1,A,SLPMM,Sun Life Phils - Money Market Fund
2012-05-11,1.0686,true,2012-05-10,0.612,0.2251,Money Market,PHP,N,1,A,SLPMM,Sun Life Phils - Money Market Fund
2012-05-10,1.0686,true,2012-05-09,0.6215,0.2251,Money Market,PHP,N,1,A,SLPMM,Sun Life Phils - Money Market Fund
2012-05-09,1.0685,true,2012-05-08,0.6121,0.2157,Money Market,PHP,N,1,A,SLPMM,Sun Life Phils - Money Market Fund
2012-05-08,1.0685,true,2012-05-07,0.6121,0.2157,Money Market,PHP,N,1,A,SLPMM,Sun Life Phils - Money Market Fund
2012-05-07,1.0685,true,2012-05-06,0.6121,0.2157,Money Market,PHP,N,1,A,SLPMM,Sun Life Phils - Money Market Fund
2012-05-04,1.0685,true,2012-05-03,0.6121,0.2157,Money Market,PHP,N,1,A,SLPMM,Sun Life Phils - Money Market Fund
2012-05-03,1.0685,true,2012-05-02,0.6121,0.2157,Money Market,PHP,N,1,A,SLPMM,Sun Life Phils - Money Market Fund
2012-05-02,1.0684,true,2012-05-01,0.6026,0.2063,Money Market,PHP,N,1,A,SLPMM,Sun Life Phils - Money Market Fund
2012-04-30,1.0684,true,2012-04-29,0.6121,0.2063,Money Market,PHP,N,1,A,SLPMM,Sun Life Phils - Money Market Fund
2012-04-27,1.0684,true,2012-04-26,0.6121,0.2063,Money Market,PHP,N,1,A,SLPMM,Sun Life Phils - Money Market Fund
2012-04-26,1.0683,true,2012-04-25,0.6027,0.197,Money Market,PHP,N,1,A,SLPMM,Sun Life Phils - Money Market Fund
2012-04-25,1.0683,true,2012-04-24,0.6027,0.197,Money Market,PHP,N,1,A,SLPMM,Sun Life Phils - Money Market Fund
2012-04-24,1.0683,true,2012-04-23,0.6122,0.197,Money Market,PHP,N,1,A,SLPMM,Sun Life Phils - Money Market Fund
2012-04-23,1.0683,true,2012-04-22,0.6122,0.197,Money Market,PHP,N,1,A,SLPMM,Sun Life Phils - Money Market Fund
2012-04-20,1.0682,true,2012-04-19,0.6028,0.1876,Money Market,PHP,N,1,A,SLPMM,Sun Life Phils - Money Market Fund
2012-04-19,1.0682,true,2012-04-18,0.6028,0.1876,Money Market,PHP,N,1,A,SLPMM,Sun Life Phils - Money Market Fund
2012-04-18,1.0682,true,2012-04-17,0.6028,0.1876,Money Market,PHP,N,1,A,SLPMM,Sun Life Phils - Money Market Fund
2012-04-17,1.0682,true,2012-04-16,0.6028,0.1876,Money Market,PHP,N,1,A,SLPMM,Sun Life Phils - Money Market Fund
2012-04-16,1.0682,true,2012-04-15,0.6028,0.1876,Money Market,PHP,N,1,A,SLPMM,Sun Life Phils - Money Market Fund
2012-04-13,1.0681,true,2012-04-12,0.6028,0.1782,Money Market,PHP,N,1,A,SLPMM,Sun Life Phils - Money Market Fund
2012-04-12,1.0681,true,2012-04-11,0.6028,0.1782,Money Market,PHP,N,1,A,SLPMM,Sun Life Phils - Money Market Fund
2012-04-11,1.0681,true,2012-04-10,0.6028,0.1782,Money Market,PHP,N,1,A,SLPMM,Sun Life Phils - Money Market Fund
2012-04-10,1.0681,true,2012-04-09,0.6028,0.1782,Money Market,PHP,N,1,A,SLPMM,Sun Life Phils - Money Market Fund
2012-04-04,1.068,true,2012-04-03,0.5934,0.1688,Money Market,PHP,N,1,A,SLPMM,Sun Life Phils - Money Market Fund
2012-04-03,1.0679,true,2012-04-02,0.5934,0.1594,Money Market,PHP,N,1,A,SLPMM,Sun Life Phils - Money Market Fund
2012-04-02,1.0679,true,2012-04-01,0.5934,0.1594,Money Market,PHP,N,1,A,SLPMM,Sun Life Phils - Money Market Fund
2012-03-30,1.0679,true,2012-03-29,0.5934,0.1594,Money Market,PHP,N,1,A,SLPMM,Sun Life Phils - Money Market Fund
2012-03-29,1.0679,true,2012-03-28,0.5934,0.1594,Money Market,PHP,N,1,A,SLPMM,Sun Life Phils - Money Market Fund
2012-03-28,1.0678,true,2012-03-27,0.584,0.1501,Money Market,PHP,N,1,A,SLPMM,Sun Life Phils - Money Market Fund
2012-03-27,1.0678,true,2012-03-26,0.584,0.1501,Money Market,PHP,N,1,A,SLPMM,Sun Life Phils - Money Market Fund
2012-03-26,1.0678,true,2012-03-25,0.584,0.1501,Money Market,PHP,N,1,A,SLPMM,Sun Life Phils - Money Market Fund
2012-03-23,1.0678,true,2012-03-22,0.5935,0.1501,Money Market,PHP,N,1,A,SLPMM,Sun Life Phils - Money Market Fund
2012-03-22,1.0677,true,2012-03-21,0.5841,0.1407,Money Market,PHP,N,1,A,SLPMM,Sun Life Phils - Money Market Fund
2012-03-21,1.0677,true,2012-03-20,0.5841,0.1407,Money Market,PHP,N,1,A,SLPMM,Sun Life Phils - Money Market Fund
2012-03-20,1.0677,true,2012-03-19,0.5841,0.1407,Money Market,PHP,N,1,A,SLPMM,Sun Life Phils - Money Market Fund
2012-03-19,1.0677,true,2012-03-18,0.5841,0.1407,Money Market,PHP,N,1,A,SLPMM,Sun Life Phils - Money Market Fund
2012-03-16,1.0676,true,2012-03-15,0.5747,0.1313,Money Market,PHP,N,1,A,SLPMM,Sun Life Phils - Money Market Fund
2012-03-15,1.0676,true,2012-03-14,0.5747,0.1313,Money Market,PHP,N,1,A,SLPMM,Sun Life Phils - Money Market Fund
2012-03-14,1.0676,true,2012-03-13,0.5747,0.1313,Money Market,PHP,N,1,A,SLPMM,Sun Life Phils - Money Market Fund
2012-03-13,1.0676,true,2012-03-12,0.5841,0.1313,Money Market,PHP,N,1,A,SLPMM,Sun Life Phils - Money Market Fund
2012-03-12,1.0676,true,2012-03-11,0.5841,0.1313,Money Market,PHP,N,1,A,SLPMM,Sun Life Phils - Money Market Fund
2012-03-09,1.0675,true,2012-03-08,0.5747,0.1219,Money Market,PHP,N,1,A,SLPMM,Sun Life Phils - Money Market Fund
2012-03-08,1.0675,true,2012-03-07,0.5747,0.1219,Money Market,PHP,N,1,A,SLPMM,Sun Life Phils - Money Market Fund
2012-03-07,1.0675,true,2012-03-06,0.5747,0.1219,Money Market,PHP,N,1,A,SLPMM,Sun Life Phils - Money Market Fund
2012-03-06,1.0675,true,2012-03-05,0.5747,0.1219,Money Market,PHP,N,1,A,SLPMM,Sun Life Phils - Money Market Fund
2012-03-05,1.0674,true,2012-03-04,0.5653,0.1125,Money Market,PHP,N,1,A,SLPMM,Sun Life Phils - Money Market Fund
2012-03-02,1.0674,true,2012-03-01,0.5653,0.1125,Money Market,PHP,N,1,A,SLPMM,Sun Life Phils - Money Market Fund
2012-03-01,1.0674,true,2012-02-29,0.5653,0.1125,Money Market,PHP,N,1,A,SLPMM,Sun Life Phils - Money Market Fund
2012-02-29,1.0674,true,2012-02-28,0.5653,0.1125,Money Market,PHP,N,1,A,SLPMM,Sun Life Phils - Money Market Fund
2012-02-28,1.0673,true,2012-02-27,0.5559,0.1032,Money Market,PHP,N,1,A,SLPMM,Sun Life Phils - Money Market Fund
2012-02-27,1.0673,true,2012-02-26,0.5653,0.1032,Money Market,PHP,N,1,A,SLPMM,Sun Life Phils - Money Market Fund
2012-02-24,1.0673,true,2012-02-23,0.5653,0.1032,Money Market,PHP,N,1,A,SLPMM,Sun Life Phils - Money Market Fund
2012-02-23,1.0672,true,2012-02-22,0.5559,0.0938,Money Market,PHP,N,1,A,SLPMM,Sun Life Phils - Money Market Fund
2012-02-22,1.0672,true,2012-02-21,0.5559,0.0938,Money Market,PHP,N,1,A,SLPMM,Sun Life Phils - Money Market Fund
2012-02-21,1.0672,true,2012-02-20,0.5559,0.0938,Money Market,PHP,N,1,A,SLPMM,Sun Life Phils - Money Market Fund
2012-02-20,1.0672,true,2012-02-19,0.5559,0.0938,Money Market,PHP,N,1,A,SLPMM,Sun Life Phils - Money Market Fund
2012-02-17,1.0671,true,2012-02-16,0.5465,0.0844,Money Market,PHP,N,1,A,SLPMM,Sun Life Phils - Money Market Fund
2012-02-16,1.0671,true,2012-02-15,0.5465,0.0844,Money Market,PHP,N,1,A,SLPMM,Sun Life Phils - Money Market Fund
2012-02-15,1.0671,true,2012-02-14,0.5465,0.0844,Money Market,PHP,N,1,A,SLPMM,Sun Life Phils - Money Market Fund
2012-02-14,1.0671,true,2012-02-13,0.5465,0.0844,Money Market,PHP,N,1,A,SLPMM,Sun Life Phils - Money Market Fund
2012-02-13,1.0671,true,2012-02-12,0.556,0.0844,Money Market,PHP,N,1,A,SLPMM,Sun Life Phils - Money Market Fund
2012-02-10,1.067,true,2012-02-09,0.5466,0.075,Money Market,PHP,N,1,A,SLPMM,Sun Life Phils - Money Market Fund
2012-02-09,1.067,true,2012-02-08,0.5466,0.075,Money Market,PHP,N,1,A,SLPMM,Sun Life Phils - Money Market Fund
2012-02-08,1.067,true,2012-02-07,0.5466,0.075,Money Market,PHP,N,1,A,SLPMM,Sun Life Phils - Money Market Fund
2012-02-07,1.067,true,2012-02-06,0.5466,0.075,Money Market,PHP,N,1,A,SLPMM,Sun Life Phils - Money Market Fund
2012-02-06,1.0669,true,2012-02-05,0.5371,0.0657,Money Market,PHP,N,1,A,SLPMM,Sun Life Phils - Money Market Fund
2012-02-03,1.0669,true,2012-02-02,0.5371,0.0657,Money Market,PHP,N,1,A,SLPMM,Sun Life Phils - Money Market Fund
2012-02-02,1.0669,true,2012-02-01,0.5371,0.0657,Money Market,PHP,N,1,A,SLPMM,Sun Life Phils - Money Market Fund
2012-02-01,1.0668,true,2012-01-31,0.5277,0.0563,Money Market,PHP,N,1,A,SLPMM,Sun Life Phils - Money Market Fund
2012-01-31,1.0668,true,2012-01-30,0.5277,0.0563,Money Market,PHP,N,1,A,SLPMM,Sun Life Phils - Money Market Fund
2012-01-30,1.0668,true,2012-01-29,0.5372,0.0563,Money Market,PHP,N,1,A,SLPMM,Sun Life Phils - Money Market Fund
2012-01-27,1.0667,true,2012-01-26,0.5278,0.0469,Money Market,PHP,N,1,A,SLPMM,Sun Life Phils - Money Market Fund
2012-01-26,1.0667,true,2012-01-25,0.5278,0.0469,Money Market,PHP,N,1,A,SLPMM,Sun Life Phils - Money Market Fund
2012-01-25,1.0667,true,2012-01-24,0.5278,0.0469,Money Market,PHP,N,1,A,SLPMM,Sun Life Phils - Money Market Fund
2012-01-24,1.0667,true,2012-01-23,0.5278,0.0469,Money Market,PHP,N,1,A,SLPMM,Sun Life Phils - Money Market Fund
2012-01-20,1.0666,true,2012-01-19,0.5183,0.0375,Money Market,PHP,N,1,A,SLPMM,Sun Life Phils - Money Market Fund
2012-01-19,1.0666,true,2012-01-18,0.5183,0.0375,Money Market,PHP,N,1,A,SLPMM,Sun Life Phils - Money Market Fund
2012-01-18,1.0666,true,2012-01-17,0.5183,0.0375,Money Market,PHP,N,1,A,SLPMM,Sun Life Phils - Money Market Fund
2012-01-17,1.0666,true,2012-01-16,0.5278,0.0375,Money Market,PHP,N,1,A,SLPMM,Sun Life Phils - Money Market Fund
2012-01-16,1.0665,true,2012-01-15,0.5184,0.0281,Money Market,PHP,N,1,A,SLPMM,Sun Life Phils - Money Market Fund
2012-01-13,1.0665,true,2012-01-12,0.5184,0.0281,Money Market,PHP,N,1,A,SLPMM,Sun Life Phils - Money Market Fund
2012-01-12,1.0665,true,2012-01-11,0.5184,0.0281,Money Market,PHP,N,1,A,SLPMM,Sun Life Phils - Money Market Fund
2012-01-11,1.0664,true,2012-01-10,0.509,0.0188,Money Market,PHP,N,1,A,SLPMM,Sun Life Phils - Money Market Fund
2012-01-10,1.0664,true,2012-01-09,0.509,0.0188,Money Market,PHP,N,1,A,SLPMM,Sun Life Phils - Money Market Fund
2012-01-09,1.0664,true,2012-01-08,0.5184,0.0188,Money Market,PHP,N,1,A,SLPMM,Sun Life Phils - Money Market Fund
2012-01-06,1.0664,true,2012-01-05,0.5184,0.0188,Money Market,PHP,N,1,A,SLPMM,Sun Life Phils - Money Market Fund
2012-01-05,1.0663,true,2012-01-04,0.509,0.0094,Money Market,PHP,N,1,A,SLPMM,Sun Life Phils - Money Market Fund
2012-01-04,1.0663,true,2012-01-03,0.509,0.0094,Money Market,PHP,N,1,A,SLPMM,Sun Life Phils - Money Market Fund
2012-01-03,1.0663,true,2012-01-02,0.509,0.0094,Money Market,PHP,N,1,A,SLPMM,Sun Life Phils - Money Market Fund
2012-01-02,1.0663,true,2012-01-01,0.0,0.0094,Money Market,PHP,N,1,A,SLPMM,Sun Life Phils - Money Market Fund
2011-12-29,1.0662,true,2011-12-28,0.509,0.4996,Money Market,PHP,N,1,A,SLPMM,Sun Life Phils - Money Market Fund
2011-12-28,1.0662,true,2011-12-27,0.509,0.4996,Money Market,PHP,N,1,A,SLPMM,Sun Life Phils - Money Market Fund
2011-12-27,1.0662,true,2011-12-26,0.509,0.4996,Money Market,PHP,N,1,A,SLPMM,Sun Life Phils - Money Market Fund
2011-12-26,1.0662,true,2011-12-25,0.509,0.4996,Money Market,PHP,N,1,A,SLPMM,Sun Life Phils - Money Market Fund
2011-12-23,1.0661,true,2011-12-22,0.4996,0.4901,Money Market,PHP,N,1,A,SLPMM,Sun Life Phils - Money Market Fund
2011-12-22,1.0661,true,2011-12-21,0.4996,0.4901,Money Market,PHP,N,1,A,SLPMM,Sun Life Phils - Money Market Fund
2011-12-21,1.0661,true,2011-12-20,0.4996,0.4901,Money Market,PHP,N,1,A,SLPMM,Sun Life Phils - Money Market Fund
2011-12-20,1.066,true,2011-12-19,0.4997,0.4807,Money Market,PHP,N,1,A,SLPMM,Sun Life Phils - Money Market Fund
2011-12-19,1.066,true,2011-12-18,0.4997,0.4807,Money Market,PHP,N,1,A,SLPMM,Sun Life Phils - Money Market Fund
2011-12-16,1.066,true,2011-12-15,0.4997,0.4807,Money Market,PHP,N,1,A,SLPMM,Sun Life Phils - Money Market Fund
2011-12-15,1.0659,true,2011-12-14,0.4902,0.4713,Money Market,PHP,N,1,A,SLPMM,Sun Life Phils - Money Market Fund
2011-12-14,1.0659,true,2011-12-13,0.4902,0.4713,Money Market,PHP,N,1,A,SLPMM,Sun Life Phils - Money Market Fund
2011-12-13,1.0659,true,2011-12-12,0.4902,0.4713,Money Market,PHP,N,1,A,SLPMM,Sun Life Phils - Money Market Fund
2011-12-12,1.0659,true,2011-12-11,0.4997,0.4713,Money Market,PHP,N,1,A,SLPMM,Sun Life Phils - Money Market Fund
2011-12-09,1.0658,true,2011-12-08,0.4903,0.4619,Money Market,PHP,N,1,A,SLPMM,Sun Life Phils - Money Market Fund
2011-12-08,1.0658,true,2011-12-07,0.4903,0.4619,Money Market,PHP,N,1,A,SLPMM,Sun Life Phils - Money Market Fund
2011-12-07,1.0658,true,2011-12-06,0.4903,0.4619,Money Market,PHP,N,1,A,SLPMM,Sun Life Phils - Money Market Fund
2011-12-06,1.0658,true,2011-12-05,0.4903,0.4619,Money Market,PHP,N,1,A,SLPMM,Sun Life Phils - Money Market Fund
2011-12-05,1.0658,true,2011-12-04,0.4998,0.4619,Money Market,PHP,N,1,A,SLPMM,Sun Life Phils - Money Market Fund
2011-12-02,1.0657,true,2011-12-01,0.4903,0.4524,Money Market,PHP,N,1,A,SLPMM,Sun Life Phils - Money Market Fund
2011-12-01,1.0657,true,2011-11-30,0.4903,0.4524,Money Market,PHP,N,1,A,SLPMM,Sun Life Phils - Money Market Fund
2011-11-29,1.0656,true,2011-11-28,0.4904,0.443,Money Market,PHP,N,1,A,SLPMM,Sun Life Phils - Money Market Fund
2011-11-28,1.0656,true,2011-11-27,0.4904,0.443,Money Market,PHP,N,1,A,SLPMM,Sun Life Phils - Money Market Fund
2011-11-25,1.0656,true,2011-11-24,0.4904,0.443,Money Market,PHP,N,1,A,SLPMM,Sun Life Phils - Money Market Fund
2011-11-24,1.0656,true,2011-11-23,0.4904,0.443,Money Market,PHP,N,1,A,SLPMM,Sun Life Phils - Money Market Fund
2011-11-23,1.0655,true,2011-11-22,0.481,0.4336,Money Market,PHP,N,1,A,SLPMM,Sun Life Phils - Money Market Fund
2011-11-22,1.0655,true,2011-11-21,0.481,0.4336,Money Market,PHP,N,1,A,SLPMM,Sun Life Phils - Money Market Fund
2011-11-21,1.0655,true,2011-11-20,0.4904,0.4336,Money Market,PHP,N,1,A,SLPMM,Sun Life Phils - Money Market Fund
2011-11-18,1.0654,true,2011-11-17,0.481,0.4242,Money Market,PHP,N,1,A,SLPMM,Sun Life Phils - Money Market Fund
2011-11-17,1.0654,true,2011-11-16,0.4905,0.4242,Money Market,PHP,N,1,A,SLPMM,Sun Life Phils - Money Market Fund
2011-11-16,1.0654,true,2011-11-15,0.4905,0.4242,Money Market,PHP,N,1,A,SLPMM,Sun Life Phils - Money Market Fund
2011-11-15,1.0654,true,2011-11-14,0.4905,0.4242,Money Market,PHP,N,1,A,SLPMM,Sun Life Phils - Money Market Fund
2011-11-14,1.0654,true,2011-11-13,0.4905,0.4242,Money Market,PHP,N,1,A,SLPMM,Sun Life Phils - Money Market Fund
2011-11-11,1.0653,true,2011-11-10,0.4905,0.4147,Money Market,PHP,N,1,A,SLPMM,Sun Life Phils - Money Market Fund
2011-11-10,1.0653,true,2011-11-09,0.4905,0.4147,Money Market,PHP,N,1,A,SLPMM,Sun Life Phils - Money Market Fund
2011-11-09,1.0653,true,2011-11-08,0.4905,0.4147,Money Market,PHP,N,1,A,SLPMM,Sun Life Phils - Money Market Fund
2011-11-08,1.0653,true,2011-11-07,0.4905,0.4147,Money Market,PHP,N,1,A,SLPMM,Sun Life Phils - Money Market Fund
2011-11-04,1.0652,true,2011-11-03,0.5,0.4053,Money Market,PHP,N,1,A,SLPMM,Sun Life Phils - Money Market Fund
2011-11-03,1.0652,true,2011-11-02,0.5,0.4053,Money Market,PHP,N,1,A,SLPMM,Sun Life Phils - Money Market Fund
2011-11-02,1.0651,true,2011-11-01,0.4906,0.3959,Money Market,PHP,N,1,A,SLPMM,Sun Life Phils - Money Market Fund
2011-10-28,1.065,true,2011-10-27,0.5001,0.3865,Money Market,PHP,N,1,A,SLPMM,Sun Life Phils - Money Market Fund
2011-10-27,1.065,true,2011-10-26,0.5001,0.3865,Money Market,PHP,N,1,A,SLPMM,Sun Life Phils - Money Market Fund
2011-10-26,1.065,true,2011-10-25,0.5001,0.3865,Money Market,PHP,N,1,A,SLPMM,Sun Life Phils - Money Market Fund
2011-10-25,1.065,true,2011-10-24,0.5191,0.3865,Money Market,PHP,N,1,A,SLPMM,Sun Life Phils - Money Market Fund
2011-10-24,1.065,true,2011-10-23,0.5191,0.3865,Money Market,PHP,N,1,A,SLPMM,Sun Life Phils - Money Market Fund
2011-10-21,1.0649,true,2011-10-20,0.5097,0.377,Money Market,PHP,N,1,A,SLPMM,Sun Life Phils - Money Market Fund
2011-10-20,1.0649,true,2011-10-19,0.5097,0.377,Money Market,PHP,N,1,A,SLPMM,Sun Life Phils - Money Market Fund
2011-10-19,1.0649,true,2011-10-18,0.5097,0.377,Money Market,PHP,N,1,A,SLPMM,Sun Life Phils - Money Market Fund
2011-10-18,1.0649,true,2011-10-17,0.5192,0.377,Money Market,PHP,N,1,A,SLPMM,Sun Life Phils - Money Market Fund
2011-10-17,1.0648,true,2011-10-16,0.5192,0.3676,Money Market,PHP,N,1,A,SLPMM,Sun Life Phils - Money Market Fund
2011-10-14,1.0648,true,2011-10-13,0.5192,0.3676,Money Market,PHP,N,1,A,SLPMM,Sun Life Phils - Money Market Fund
2011-10-13,1.0648,true,2011-10-12,0.5192,0.3676,Money Market,PHP,N,1,A,SLPMM,Sun Life Phils - Money Market Fund
2011-10-12,1.0647,true,2011-10-11,0.5193,0.3582,Money Market,PHP,N,1,A,SLPMM,Sun Life Phils - Money Market Fund
2011-10-11,1.0647,true,2011-10-10,0.5193,0.3582,Money Market,PHP,N,1,A,SLPMM,Sun Life Phils - Money Market Fund
2011-10-10,1.0647,true,2011-10-09,0.5288,0.3582,Money Market,PHP,N,1,A,SLPMM,Sun Life Phils - Money Market Fund
2011-10-07,1.0646,true,2011-10-06,0.5193,0.3488,Money Market,PHP,N,1,A,SLPMM,Sun Life Phils - Money Market Fund
2011-10-06,1.0646,true,2011-10-05,0.5288,0.3488,Money Market,PHP,N,1,A,SLPMM,Sun Life Phils - Money Market Fund
2011-10-05,1.0646,true,2011-10-04,0.5288,0.3488,Money Market,PHP,N,1,A,SLPMM,Sun Life Phils - Money Market Fund
2011-10-04,1.0646,true,2011-10-03,0.5288,0.3488,Money Market,PHP,N,1,A,SLPMM,Sun Life Phils - Money Market Fund
2011-10-03,1.0646,true,2011-10-02,0.5383,0.3488,Money Market,PHP,N,1,A,SLPMM,Sun Life Phils - Money Market Fund
2011-09-30,1.0645,true,2011-09-29,0.5383,0.3393,Money Market,PHP,N,1,A,SLPMM,Sun Life Phils - Money Market Fund
2011-09-29,1.0645,true,2011-09-28,0.5383,0.3393,Money Market,PHP,N,1,A,SLPMM,Sun Life Phils - Money Market Fund
2011-09-28,1.0645,true,2011-09-27,0.5383,0.3393,Money Market,PHP,N,1,A,SLPMM,Sun Life Phils - Money Market Fund
2011-09-26,1.0644,true,2011-09-25,0.5384,0.3299,Money Market,PHP,N,1,A,SLPMM,Sun Life Phils - Money Market Fund
2011-09-23,1.0644,true,2011-09-22,0.5479,0.3299,Money Market,PHP,N,1,A,SLPMM,Sun Life Phils - Money Market Fund
2011-09-22,1.0644,true,2011-09-21,0.5479,0.3299,Money Market,PHP,N,1,A,SLPMM,Sun Life Phils - Money Market Fund
2011-09-21,1.0644,true,2011-09-20,0.5479,0.3299,Money Market,PHP,N,1,A,SLPMM,Sun Life Phils - Money Market Fund
2011-09-20,1.0643,true,2011-09-19,0.5479,0.3205,Money Market,PHP,N,1,A,SLPMM,Sun Life Phils - Money Market Fund
2011-09-19,1.0643,true,2011-09-18,0.5574,0.3205,Money Market,PHP,N,1,A,SLPMM,Sun Life Phils - Money Market Fund
2011-09-16,1.0643,true,2011-09-15,0.5574,0.3205,Money Market,PHP,N,1,A,SLPMM,Sun Life Phils - Money Market Fund
2011-09-15,1.0642,true,2011-09-14,0.548,0.3111,Money Market,PHP,N,1,A,SLPMM,Sun Life Phils - Money Market Fund
2011-09-14,1.0642,true,2011-09-13,0.5575,0.3111,Money Market,PHP,N,1,A,SLPMM,Sun Life Phils - Money Market Fund
2011-09-13,1.0642,true,2011-09-12,0.5575,0.3111,Money Market,PHP,N,1,A,SLPMM,Sun Life Phils - Money Market Fund
2011-09-12,1.0642,true,2011-09-11,0.567,0.3111,Money Market,PHP,N,1,A,SLPMM,Sun Life Phils - Money Market Fund
2011-09-09,1.0641,true,2011-09-08,0.5576,0.3016,Money Market,PHP,N,1,A,SLPMM,Sun Life Phils - Money Market Fund
2011-09-08,1.0641,true,2011-09-07,0.5576,0.3016,Money Market,PHP,N,1,A,SLPMM,Sun Life Phils - Money Market Fund
2011-09-07,1.0641,true,2011-09-06,0.5671,0.3016,Money Market,PHP,N,1,A,SLPMM,Sun Life Phils - Money Market Fund
2011-09-06,1.0641,true,2011-09-05,0.5671,0.3016,Money Market,PHP,N,1,A,SLPMM,Sun Life Phils - Money Market Fund
2011-09-05,1.0641,true,2011-09-04,0.5766,0.3016,Money Market,PHP,N,1,A,SLPMM,Sun Life Phils - Money Market Fund
2011-09-02,1.064,true,2011-09-01,0.5671,0.2922,Money Market,PHP,N,1,A,SLPMM,Sun Life Phils - Money Market Fund
2011-09-01,1.064,true,2011-08-31,0.5766,0.2922,Money Market,PHP,N,1,A,SLPMM,Sun Life Phils - Money Market Fund
2011-08-31,1.064,true,2011-08-30,0.5766,0.2922,Money Market,PHP,N,1,A,SLPMM,Sun Life Phils - Money Market Fund
2011-08-26,1.0639,true,2011-08-25,0.5862,0.2828,Money Market,PHP,N,1,A,SLPMM,Sun Life Phils - Money Market Fund
2011-08-25,1.0639,true,2011-08-24,0.5862,0.2828,Money Market,PHP,N,1,A,SLPMM,Sun Life Phils - Money Market Fund
2011-08-24,1.0638,true,2011-08-23,0.5767,0.2734,Money Market,PHP,N,1,A,SLPMM,Sun Life Phils - Money Market Fund
2011-08-23,1.0638,true,2011-08-22,0.5862,0.2734,Money Market,PHP,N,1,A,SLPMM,Sun Life Phils - Money Market Fund
2011-08-22,1.0638,true,2011-08-21,0.5957,0.2734,Money Market,PHP,N,1,A,SLPMM,Sun Life Phils - Money Market Fund
2011-08-19,1.0637,true,2011-08-18,0.5863,0.2639,Money Market,PHP,N,1,A,SLPMM,Sun Life Phils - Money Market Fund
2011-08-18,1.0637,true,2011-08-17,0.5863,0.2639,Money Market,PHP,N,1,A,SLPMM,Sun Life Phils - Money Market Fund
2011-08-17,1.0637,true,2011-08-16,0.5958,0.2639,Money Market,PHP,N,1,A,SLPMM,Sun Life Phils - Money Market Fund
2011-08-16,1.0637,true,2011-08-15,0.5958,0.2639,Money Market,PHP,N,1,A,SLPMM,Sun Life Phils - Money Market Fund
2011-08-15,1.0637,true,2011-08-14,0.6053,0.2639,Money Market,PHP,N,1,A,SLPMM,Sun Life Phils - Money Market Fund
2011-08-12,1.0636,true,2011-08-11,0.5959,0.2545,Money Market,PHP,N,1,A,SLPMM,Sun Life Phils - Money Market Fund
2011-08-11,1.0636,true,2011-08-10,0.6054,0.2545,Money Market,PHP,N,1,A,SLPMM,Sun Life Phils - Money Market Fund
2011-08-10,1.0636,true,2011-08-09,0.6054,0.2545,Money Market,PHP,N,1,A,SLPMM,Sun Life Phils - Money Market Fund
2011-08-09,1.0636,true,2011-08-08,0.6054,0.2545,Money Market,PHP,N,1,A,SLPMM,Sun Life Phils - Money Market Fund
2011-08-08,1.0635,true,2011-08-07,0.6054,0.2451,Money Market,PHP,N,1,A,SLPMM,Sun Life Phils - Money Market Fund
2011-08-05,1.0635,true,2011-08-04,0.6149,0.2451,Money Market,PHP,N,1,A,SLPMM,Sun Life Phils - Money Market Fund
2011-08-04,1.0635,true,2011-08-03,0.6149,0.2451,Money Market,PHP,N,1,A,SLPMM,Sun Life Phils - Money Market Fund
2011-08-03,1.0635,true,2011-08-02,0.6149,0.2451,Money Market,PHP,N,1,A,SLPMM,Sun Life Phils - Money Market Fund
2011-08-02,1.0634,true,2011-08-01,0.6055,0.2356,Money Market,PHP,N,1,A,SLPMM,Sun Life Phils - Money Market Fund
2011-08-01,1.0634,true,2011-07-31,0.7103,0.2356,Money Market,PHP,N,1,A,SLPMM,Sun Life Phils - Money Market Fund
2011-07-29,1.0634,true,2011-07-28,0.6245,0.2356,Money Market,PHP,N,1,A,SLPMM,Sun Life Phils - Money Market Fund
2011-07-28,1.0634,true,2011-07-27,0.6245,0.2356,Money Market,PHP,N,1,A,SLPMM,Sun Life Phils - Money Market Fund
2011-07-27,1.0633,true,2011-07-26,0.6151,0.2262,Money Market,PHP,N,1,A,SLPMM,Sun Life Phils - Money Market Fund
2011-07-26,1.0633,true,2011-07-25,0.6246,0.2262,Money Market,PHP,N,1,A,SLPMM,Sun Life Phils - Money Market Fund
2011-07-25,1.0633,true,2011-07-24,0.6341,0.2262,Money Market,PHP,N,1,A,SLPMM,Sun Life Phils - Money Market Fund
2011-07-22,1.0633,true,2011-07-21,0.6341,0.2262,Money Market,PHP,N,1,A,SLPMM,Sun Life Phils - Money Market Fund
2011-07-21,1.0632,true,2011-07-20,0.6246,0.2168,Money Market,PHP,N,1,A,SLPMM,Sun Life Phils - Money Market Fund
2011-07-20,1.0632,true,2011-07-19,0.6342,0.2168,Money Market,PHP,N,1,A,SLPMM,Sun Life Phils - Money Market Fund
2011-07-19,1.0632,true,2011-07-18,0.6342,0.2168,Money Market,PHP,N,1,A,SLPMM,Sun Life Phils - Money Market Fund
2011-07-18,1.0632,true,2011-07-17,0.6437,0.2168,Money Market,PHP,N,1,A,SLPMM,Sun Life Phils - Money Market Fund
2011-07-15,1.0631,true,2011-07-14,0.6342,0.2074,Money Market,PHP,N,1,A,SLPMM,Sun Life Phils - Money Market Fund
2011-07-14,1.0631,true,2011-07-13,0.6438,0.2074,Money Market,PHP,N,1,A,SLPMM,Sun Life Phils - Money Market Fund
2011-07-13,1.0631,true,2011-07-12,0.6438,0.2074,Money Market,PHP,N,1,A,SLPMM,Sun Life Phils - Money Market Fund
2011-07-12,1.0631,true,2011-07-11,0.6438,0.2074,Money Market,PHP,N,1,A,SLPMM,Sun Life Phils - Money Market Fund
2011-07-11,1.0631,true,2011-07-10,0.6533,0.2074,Money Market,PHP,N,1,A,SLPMM,Sun Life Phils - Money Market Fund
2011-07-08,1.063,true,2011-07-07,0.6438,0.1979,Money Market,PHP,N,1,A,SLPMM,Sun Life Phils - Money Market Fund
2011-07-07,1.063,true,2011-07-06,0.6533,0.1979,Money Market,PHP,N,1,A,SLPMM,Sun Life Phils - Money Market Fund
2011-07-06,1.063,true,2011-07-05,0.6533,0.1979,Money Market,PHP,N,1,A,SLPMM,Sun Life Phils - Money Market Fund
2011-07-05,1.063,true,2011-07-04,0.6533,0.1979,Money Market,PHP,N,1,A,SLPMM,Sun Life Phils - Money Market Fund
2011-07-04,1.0629,true,2011-07-03,0.6534,0.1885,Money Market,PHP,N,1,A,SLPMM,Sun Life Phils - Money Market Fund
2011-07-01,1.0629,true,2011-06-30,0.6629,0.1885,Money Market,PHP,N,1,A,SLPMM,Sun Life Phils - Money Market Fund
2011-06-30,1.0629,true,2011-06-29,0.6629,0.1885,Money Market,PHP,N,1,A,SLPMM,Sun Life Phils - Money Market Fund
2011-06-29,1.0628,true,2011-06-28,0.6535,0.1791,Money Market,PHP,N,1,A,SLPMM,Sun Life Phils - Money Market Fund
2011-06-28,1.0628,true,2011-06-27,0.663,0.1791,Money Market,PHP,N,1,A,SLPMM,Sun Life Phils - Money Market Fund
2011-06-27,1.0628,true,2011-06-26,0.6725,0.1791,Money Market,PHP,N,1,A,SLPMM,Sun Life Phils - Money Market Fund
2011-06-24,1.0628,true,2011-06-23,0.6725,0.1791,Money Market,PHP,N,1,A,SLPMM,Sun Life Phils - Money Market Fund
2011-06-23,1.0627,true,2011-06-22,0.6631,0.1697,Money Market,PHP,N,1,A,SLPMM,Sun Life Phils - Money Market Fund
2011-06-22,1.0627,true,2011-06-21,0.6726,0.1697,Money Market,PHP,N,1,A,SLPMM,Sun Life Phils - Money Market Fund
2011-06-21,1.0627,true,2011-06-20,0.6726,0.1697,Money Market,PHP,N,1,A,SLPMM,Sun Life Phils - Money Market Fund
2011-06-17,1.0626,true,2011-06-16,0.6727,0.1602,Money Market,PHP,N,1,A,SLPMM,Sun Life Phils - Money Market Fund
2011-06-16,1.0626,true,2011-06-15,0.6822,0.1602,Money Market,PHP,N,1,A,SLPMM,Sun Life Phils - Money Market Fund
2011-06-15,1.0626,true,2011-06-14,0.6822,0.1602,Money Market,PHP,N,1,A,SLPMM,Sun Life Phils - Money Market Fund
2011-06-14,1.0626,true,2011-06-13,0.6917,0.1602,Money Market,PHP,N,1,A,SLPMM,Sun Life Phils - Money Market Fund
2011-06-13,1.0626,true,2011-06-12,0.6917,0.1602,Money Market,PHP,N,1,A,SLPMM,Sun Life Phils - Money Market Fund
2011-06-10,1.0625,true,2011-06-09,0.6918,0.1508,Money Market,PHP,N,1,A,SLPMM,Sun Life Phils - Money Market Fund
2011-06-09,1.0625,true,2011-06-08,0.6918,0.1508,Money Market,PHP,N,1,A,SLPMM,Sun Life Phils - Money Market Fund
2011-06-08,1.0625,true,2011-06-07,0.6918,0.1508,Money Market,PHP,N,1,A,SLPMM,Sun Life Phils - Money Market Fund
2011-06-07,1.0625,true,2011-06-06,0.7014,0.1508,Money Market,PHP,N,1,A,SLPMM,Sun Life Phils - Money Market Fund
2011-06-06,1.0624,true,2011-06-05,0.6919,0.1414,Money Market,PHP,N,1,A,SLPMM,Sun Life Phils - Money Market Fund
2011-06-03,1.0624,true,2011-06-02,0.7014,0.1414,Money Market,PHP,N,1,A,SLPMM,Sun Life Phils - Money Market Fund
2011-06-02,1.0624,true,2011-06-01,0.7014,0.1414,Money Market,PHP,N,1,A,SLPMM,Sun Life Phils - Money Market Fund
2011-06-01,1.0624,true,2011-05-31,0.7014,0.1414,Money Market,PHP,N,1,A,SLPMM,Sun Life Phils - Money Market Fund
2011-05-31,1.0623,true,2011-05-30,0.7015,0.132,Money Market,PHP,N,1,A,SLPMM,Sun Life Phils - Money Market Fund
2011-05-30,1.0623,true,2011-05-29,0.711,0.132,Money Market,PHP,N,1,A,SLPMM,Sun Life Phils - Money Market Fund
2011-05-27,1.0623,true,2011-05-26,0.711,0.132,Money Market,PHP,N,1,A,SLPMM,Sun Life Phils - Money Market Fund
2011-05-26,1.0623,true,2011-05-25,0.711,0.132,Money Market,PHP,N,1,A,SLPMM,Sun Life Phils - Money Market Fund
2011-05-25,1.0623,true,2011-05-24,0.7206,0.132,Money Market,PHP,N,1,A,SLPMM,Sun Life Phils - Money Market Fund
2011-05-24,1.0622,true,2011-05-23,0.7111,0.1225,Money Market,PHP,N,1,A,SLPMM,Sun Life Phils - Money Market Fund
2011-05-23,1.0622,true,2011-05-22,0.7207,0.1225,Money Market,PHP,N,1,A,SLPMM,Sun Life Phils - Money Market Fund
2011-05-20,1.0622,true,2011-05-19,0.7207,0.1225,Money Market,PHP,N,1,A,SLPMM,Sun Life Phils - Money Market Fund
2011-05-19,1.0622,true,2011-05-18,0.7302,0.1225,Money Market,PHP,N,1,A,SLPMM,Sun Life Phils - Money Market Fund
2011-05-18,1.0622,true,2011-05-17,0.7302,0.1225,Money Market,PHP,N,1,A,SLPMM,Sun Life Phils - Money Market Fund
2011-05-17,1.0621,true,2011-05-16,0.7207,0.1131,Money Market,PHP,N,1,A,SLPMM,Sun Life Phils - Money Market Fund
2011-05-16,1.0621,true,2011-05-15,0.7303,0.1131,Money Market,PHP,N,1,A,SLPMM,Sun Life Phils - Money Market Fund
2011-05-13,1.0621,true,2011-05-12,0.7398,0.1131,Money Market,PHP,N,1,A,SLPMM,Sun Life Phils - Money Market Fund
2011-05-12,1.0621,true,2011-05-11,0.7398,0.1131,Money Market,PHP,N,1,A,SLPMM,Sun Life Phils - Money Market Fund
2011-05-11,1.0621,true,2011-05-10,0.7398,0.1131,Money Market,PHP,N,1,A,SLPMM,Sun Life Phils - Money Market Fund
2011-05-10,1.062,true,2011-05-09,0.7399,0.1037,Money Market,PHP,N,1,A,SLPMM,Sun Life Phils - Money Market Fund
2011-05-09,1.062,true,2011-05-08,0.7399,0.1037,Money Market,PHP,N,1,A,SLPMM,Sun Life Phils - Money Market Fund
2011-05-06,1.062,true,2011-05-05,0.7495,0.1037,Money Market,PHP,N,1,A,SLPMM,Sun Life Phils - Money Market Fund
2011-05-05,1.062,true,2011-05-04,0.7495,0.1037,Money Market,PHP,N,1,A,SLPMM,Sun Life Phils - Money Market Fund
2011-05-04,1.062,true,2011-05-03,0.7495,0.1037,Money Market,PHP,N,1,A,SLPMM,Sun Life Phils - Money Market Fund
2011-05-03,1.062,true,2011-05-02,0.941,0.1037,Money Market,PHP,N,1,A,SLPMM,Sun Life Phils - Money Market Fund
2011-05-02,1.062,true,2011-05-01,0.941,0.1037,Money Market,PHP,N,1,A,SLPMM,Sun Life Phils - Money Market Fund
2011-04-29,1.0619,true,2011-04-28,0.7591,0.0943,Money Market,PHP,N,1,A,SLPMM,Sun Life Phils - Money Market Fund
2011-04-28,1.0619,true,2011-04-27,0.7591,0.0943,Money Market,PHP,N,1,A,SLPMM,Sun Life Phils - Money Market Fund
2011-04-27,1.0619,true,2011-04-26,0.7686,0.0943,Money Market,PHP,N,1,A,SLPMM,Sun Life Phils - Money Market Fund
2011-04-26,1.0619,true,2011-04-25,0.7686,0.0943,Money Market,PHP,N,1,A,SLPMM,Sun Life Phils - Money Market Fund
2011-04-25,1.0619,true,2011-04-24,0.7782,0.0943,Money Market,PHP,N,1,A,SLPMM,Sun Life Phils - Money Market Fund
2011-04-20,1.0618,true,2011-04-19,0.7783,0.0848,Money Market,PHP,N,1,A,SLPMM,Sun Life Phils - Money Market Fund
2011-04-19,1.0618,true,2011-04-18,0.7783,0.0848,Money Market,PHP,N,1,A,SLPMM,Sun Life Phils - Money Market Fund
2011-04-18,1.0618,true,2011-04-17,0.7879,0.0848,Money Market,PHP,N,1,A,SLPMM,Sun Life Phils - Money Market Fund
2011-04-15,1.0618,true,2011-04-14,0.7879,0.0848,Money Market,PHP,N,1,A,SLPMM,Sun Life Phils - Money Market Fund
2011-04-14,1.0618,true,2011-04-13,0.7974,0.0848,Money Market,PHP,N,1,A,SLPMM,Sun Life Phils - Money Market Fund
2011-04-13,1.0617,true,2011-04-12,0.7879,0.0754,Money Market,PHP,N,1,A,SLPMM,Sun Life Phils - Money Market Fund
2011-04-12,1.0617,true,2011-04-11,0.7879,0.0754,Money Market,PHP,N,1,A,SLPMM,Sun Life Phils - Money Market Fund
2011-04-11,1.0617,true,2011-04-10,0.7975,0.0754,Money Market,PHP,N,1,A,SLPMM,Sun Life Phils - Money Market Fund
2011-04-08,1.0617,true,2011-04-07,0.7975,0.0754,Money Market,PHP,N,1,A,SLPMM,Sun Life Phils - Money Market Fund
2011-04-07,1.0617,true,2011-04-06,0.8071,0.0754,Money Market,PHP,N,1,A,SLPMM,Sun Life Phils - Money Market Fund
2011-04-06,1.0617,true,2011-04-05,0.8071,0.0754,Money Market,PHP,N,1,A,SLPMM,Sun Life Phils - Money Market Fund
2011-04-05,1.0617,true,2011-04-04,0.8071,0.0754,Money Market,PHP,N,1,A,SLPMM,Sun Life Phils - Money Market Fund
2011-04-04,1.0617,true,2011-04-03,0.9125,0.0754,Money Market,PHP,N,1,A,SLPMM,Sun Life Phils - Money Market Fund
2011-04-01,1.0616,true,2011-03-31,0.9125,0.066,Money Market,PHP,N,1,A,SLPMM,Sun Life Phils - Money Market Fund
2011-03-31,1.0616,true,2011-03-30,0.8167,0.066,Money Market,PHP,N,1,A,SLPMM,Sun Life Phils - Money Market Fund
2011-03-30,1.0616,true,2011-03-29,0.8167,0.066,Money Market,PHP,N,1,A,SLPMM,Sun Life Phils - Money Market Fund
2011-03-29,1.0616,true,2011-03-28,0.8263,0.066,Money Market,PHP,N,1,A,SLPMM,Sun Life Phils - Money Market Fund
2011-03-28,1.0616,true,2011-03-27,0.8359,0.066,Money Market,PHP,N,1,A,SLPMM,Sun Life Phils - Money Market Fund
2011-03-25,1.0616,true,2011-03-24,0.8359,0.066,Money Market,PHP,N,1,A,SLPMM,Sun Life Phils - Money Market Fund
2011-03-24,1.0615,true,2011-03-23,0.8264,0.0566,Money Market,PHP,N,1,A,SLPMM,Sun Life Phils - Money Market Fund
2011-03-23,1.0615,true,2011-03-22,0.8359,0.0566,Money Market,PHP,N,1,A,SLPMM,Sun Life Phils - Money Market Fund
2011-03-22,1.0615,true,2011-03-21,0.8359,0.0566,Money Market,PHP,N,1,A,SLPMM,Sun Life Phils - Money Market Fund
2011-03-21,1.0615,true,2011-03-20,0.8455,0.0566,Money Market,PHP,N,1,A,SLPMM,Sun Life Phils - Money Market Fund
2011-03-18,1.0615,true,2011-03-17,0.8455,0.0566,Money Market,PHP,N,1,A,SLPMM,Sun Life Phils - Money Market Fund
2011-03-17,1.0615,true,2011-03-16,0.8455,0.0566,Money Market,PHP,N,1,A,SLPMM,Sun Life Phils - Money Market Fund
2011-03-16,1.0615,true,2011-03-15,0.8551,0.0566,Money Market,PHP,N,1,A,SLPMM,Sun Life Phils - Money Market Fund
2011-03-15,1.0615,true,2011-03-14,0.8551,0.0566,Money Market,PHP,N,1,A,SLPMM,Sun Life Phils - Money Market Fund
2011-03-14,1.0615,true,2011-03-13,0.8647,0.0566,Money Market,PHP,N,1,A,SLPMM,Sun Life Phils - Money Market Fund
2011-03-11,1.0614,true,2011-03-10,0.8552,0.0471,Money Market,PHP,N,1,A,SLPMM,Sun Life Phils - Money Market Fund
2011-03-10,1.0614,true,2011-03-09,0.8648,0.0471,Money Market,PHP,N,1,A,SLPMM,Sun Life Phils - Money Market Fund
2011-03-09,1.0614,true,2011-03-08,0.8648,0.0471,Money Market,PHP,N,1,A,SLPMM,Sun Life Phils - Money Market Fund
2011-03-08,1.0614,true,2011-03-07,0.8648,0.0471,Money Market,PHP,N,1,A,SLPMM,Sun Life Phils - Money Market Fund
2011-03-07,1.0614,true,2011-03-06,0.8744,0.0471,Money Market,PHP,N,1,A,SLPMM,Sun Life Phils - Money Market Fund
2011-03-04,1.0614,true,2011-03-03,0.8839,0.0471,Money Market,PHP,N,1,A,SLPMM,Sun Life Phils - Money Market Fund
2011-03-03,1.0614,true,2011-03-02,0.8839,0.0471,Money Market,PHP,N,1,A,SLPMM,Sun Life Phils - Money Market Fund
2011-03-02,1.0614,true,2011-03-01,0.8839,0.0471,Money Market,PHP,N,1,A,SLPMM,Sun Life Phils - Money Market Fund
2011-03-01,1.0614,true,2011-02-28,0.8935,0.0471,Money Market,PHP,N,1,A,SLPMM,Sun Life Phils - Money Market Fund
2011-02-28,1.0614,true,2011-02-27,0.9031,0.0471,Money Market,PHP,N,1,A,SLPMM,Sun Life Phils - Money Market Fund
2011-02-25,1.0613,true,2011-02-24,0.8936,0.0377,Money Market,PHP,N,1,A,SLPMM,Sun Life Phils - Money Market Fund
2011-02-24,1.0613,true,2011-02-23,0.8936,0.0377,Money Market,PHP,N,1,A,SLPMM,Sun Life Phils - Money Market Fund
2011-02-23,1.0613,true,2011-02-22,0.9032,0.0377,Money Market,PHP,N,1,A,SLPMM,Sun Life Phils - Money Market Fund
2011-02-22,1.0613,true,2011-02-21,0.9032,0.0377,Money Market,PHP,N,1,A,SLPMM,Sun Life Phils - Money Market Fund
2011-02-21,1.0613,true,2011-02-20,0.9128,0.0377,Money Market,PHP,N,1,A,SLPMM,Sun Life Phils - Money Market Fund
2011-02-18,1.0613,true,2011-02-17,0.9128,0.0377,Money Market,PHP,N,1,A,SLPMM,Sun Life Phils - Money Market Fund
2011-02-17,1.0613,true,2011-02-16,0.9128,0.0377,Money Market,PHP,N,1,A,SLPMM,Sun Life Phils - Money Market Fund
2011-02-16,1.0613,true,2011-02-15,0.9224,0.0377,Money Market,PHP,N,1,A,SLPMM,Sun Life Phils - Money Market Fund
2011-02-15,1.0613,true,2011-02-14,0.9224,0.0377,Money Market,PHP,N,1,A,SLPMM,Sun Life Phils - Money Market Fund
2011-02-14,1.0613,true,2011-02-13,0.932,0.0377,Money Market,PHP,N,1,A,SLPMM,Sun Life Phils - Money Market Fund
2011-02-11,1.0612,true,2011-02-10,0.9225,0.0283,Money Market,PHP,N,1,A,SLPMM,Sun Life Phils - Money Market Fund
2011-02-10,1.0612,true,2011-02-09,0.9321,0.0283,Money Market,PHP,N,1,A,SLPMM,Sun Life Phils - Money Market Fund
2011-02-09,1.0612,true,2011-02-08,0.9321,0.0283,Money Market,PHP,N,1,A,SLPMM,Sun Life Phils - Money Market Fund
2011-02-08,1.0612,true,2011-02-07,0.9321,0.0283,Money Market,PHP,N,1,A,SLPMM,Sun Life Phils - Money Market Fund
2011-02-07,1.0612,true,2011-02-06,0.9417,0.0283,Money Market,PHP,N,1,A,SLPMM,Sun Life Phils - Money Market Fund
2011-02-04,1.0612,true,2011-02-03,0.9513,0.0283,Money Market,PHP,N,1,A,SLPMM,Sun Life Phils - Money Market Fund
2011-02-03,1.0612,true,2011-02-02,0.9513,0.0283,Money Market,PHP,N,1,A,SLPMM,Sun Life Phils - Money Market Fund
2011-02-02,1.0612,true,2011-02-01,0.9513,0.0283,Money Market,PHP,N,1,A,SLPMM,Sun Life Phils - Money Market Fund
2011-02-01,1.0612,true,2011-01-31,0.9513,0.0283,Money Market,PHP,N,1,A,SLPMM,Sun Life Phils - Money Market Fund
2011-01-31,1.0612,true,2011-01-30,0.9609,0.0283,Money Market,PHP,N,1,A,SLPMM,Sun Life Phils - Money Market Fund
2011-01-28,1.0611,true,2011-01-27,0.961,0.0189,Money Market,PHP,N,1,A,SLPMM,Sun Life Phils - Money Market Fund
2011-01-27,1.0611,true,2011-01-26,0.961,0.0189,Money Market,PHP,N,1,A,SLPMM,Sun Life Phils - Money Market Fund
2011-01-26,1.0611,true,2011-01-25,0.961,0.0189,Money Market,PHP,N,1,A,SLPMM,Sun Life Phils - Money Market Fund
2011-01-25,1.0611,true,2011-01-24,0.9706,0.0189,Money Market,PHP,N,1,A,SLPMM,Sun Life Phils - Money Market Fund
2011-01-24,1.0611,true,2011-01-23,0.9802,0.0189,Money Market,PHP,N,1,A,SLPMM,Sun Life Phils - Money Market Fund
2011-01-21,1.0611,true,2011-01-20,0.9802,0.0189,Money Market,PHP,N,1,A,SLPMM,Sun Life Phils - Money Market Fund
2011-01-20,1.0611,true,2011-01-19,0.9802,0.0189,Money Market,PHP,N,1,A,SLPMM,Sun Life Phils - Money Market Fund
2011-01-19,1.0611,true,2011-01-18,0.9898,0.0189,Money Market,PHP,N,1,A,SLPMM,Sun Life Phils - Money Market Fund
2011-01-18,1.0611,true,2011-01-17,0.9898,0.0189,Money Market,PHP,N,1,A,SLPMM,Sun Life Phils - Money Market Fund
2011-01-17,1.061,true,2011-01-16,0.9899,0.0094,Money Market,PHP,N,1,A,SLPMM,Sun Life Phils - Money Market Fund
2011-01-14,1.061,true,2011-01-13,0.9899,0.0094,Money Market,PHP,N,1,A,SLPMM,Sun Life Phils - Money Market Fund
2011-01-13,1.061,true,2011-01-12,0.9899,0.0094,Money Market,PHP,N,1,A,SLPMM,Sun Life Phils - Money Market Fund
2011-01-12,1.061,true,2011-01-11,0.9995,0.0094,Money Market,PHP,N,1,A,SLPMM,Sun Life Phils - Money Market Fund
2011-01-11,1.061,true,2011-01-10,0.9995,0.0094,Money Market,PHP,N,1,A,SLPMM,Sun Life Phils - Money Market Fund
2011-01-10,1.061,true,2011-01-09,1.0091,0.0094,Money Market,PHP,N,1,A,SLPMM,Sun Life Phils - Money Market Fund
2011-01-07,1.0609,true,2011-01-06,0.9996,0.0,Money Market,PHP,N,1,A,SLPMM,Sun Life Phils - Money Market Fund
2011-01-06,1.0609,true,2011-01-05,1.0092,0.0,Money Market,PHP,N,1,A,SLPMM,Sun Life Phils - Money Market Fund
2011-01-05,1.0609,true,2011-01-04,1.0092,0.0,Money Market,PHP,N,1,A,SLPMM,Sun Life Phils - Money Market Fund
2011-01-04,1.0609,true,2011-01-03,1.0092,0.0,Money Market,PHP,N,1,A,SLPMM,Sun Life Phils - Money Market Fund
2011-01-03,1.0609,true,2011-01-02,0.0,0.0,Money Market,PHP,N,1,A,SLPMM,Sun Life Phils - Money Market Fund
2010-12-30,1.0609,true,2010-12-29,1.0285,1.0285,Money Market,PHP,N,1,A,SLPMM,Sun Life Phils - Money Market Fund
2010-12-29,1.0608,true,2010-12-28,1.019,1.019,Money Market,PHP,N,1,A,SLPMM,Sun Life Phils - Money Market Fund
2010-12-28,1.0608,true,2010-12-27,1.0286,1.019,Money Market,PHP,N,1,A,SLPMM,Sun Life Phils - Money Market Fund
2010-12-23,1.0608,true,2010-12-22,1.0382,1.019,Money Market,PHP,N,1,A,SLPMM,Sun Life Phils - Money Market Fund
2010-12-22,1.0608,true,2010-12-21,1.0478,1.019,Money Market,PHP,N,1,A,SLPMM,Sun Life Phils - Money Market Fund
2010-12-21,1.0608,true,2010-12-20,1.0478,1.019,Money Market,PHP,N,1,A,SLPMM,Sun Life Phils - Money Market Fund
2010-12-20,1.0607,true,2010-12-19,1.0479,1.0094,Money Market,PHP,N,1,A,SLPMM,Sun Life Phils - Money Market Fund
2010-12-17,1.0607,true,2010-12-16,1.0479,1.0094,Money Market,PHP,N,1,A,SLPMM,Sun Life Phils - Money Market Fund
2010-12-16,1.0607,true,2010-12-15,1.0479,1.0094,Money Market,PHP,N,1,A,SLPMM,Sun Life Phils - Money Market Fund
2010-12-15,1.0607,true,2010-12-14,1.0575,1.0094,Money Market,PHP,N,1,A,SLPMM,Sun Life Phils - Money Market Fund
2010-12-14,1.0607,true,2010-12-13,1.0575,1.0094,Money Market,PHP,N,1,A,SLPMM,Sun Life Phils - Money Market Fund
2010-12-13,1.0607,true,2010-12-12,1.0672,1.0094,Money Market,PHP,N,1,A,SLPMM,Sun Life Phils - Money Market Fund
2010-12-10,1.0606,true,2010-12-09,1.0576,0.9999,Money Market,PHP,N,1,A,SLPMM,Sun Life Phils - Money Market Fund
2010-12-09,1.0606,true,2010-12-08,1.0673,0.9999,Money Market,PHP,N,1,A,SLPMM,Sun Life Phils - Money Market Fund
2010-12-08,1.0606,true,2010-12-07,1.0673,0.9999,Money Market,PHP,N,1,A,SLPMM,Sun Life Phils - Money Market Fund
2010-12-07,1.0606,true,2010-12-06,1.0673,0.9999,Money Market,PHP,N,1,A,SLPMM,Sun Life Phils - Money Market Fund
2010-12-06,1.0606,true,2010-12-05,1.0769,0.9999,Money Market,PHP,N,1,A,SLPMM,Sun Life Phils - Money Market Fund
2010-12-03,1.0605,true,2010-12-02,1.077,0.9904,Money Market,PHP,N,1,A,SLPMM,Sun Life Phils - Money Market Fund
2010-12-02,1.0605,true,2010-12-01,1.077,0.9904,Money Market,PHP,N,1,A,SLPMM,Sun Life Phils - Money Market Fund
2010-12-01,1.0605,true,2010-11-30,1.077,0.9904,Money Market,PHP,N,1,A,SLPMM,Sun Life Phils - Money Market Fund
2010-11-30,1.0605,true,2010-11-29,1.0866,0.9904,Money Market,PHP,N,1,A,SLPMM,Sun Life Phils - Money Market Fund
2010-11-26,1.0604,true,2010-11-25,1.0867,0.9809,Money Market,PHP,N,1,A,SLPMM,Sun Life Phils - Money Market Fund
2010-11-25,1.0604,true,2010-11-24,1.0867,0.9809,Money Market,PHP,N,1,A,SLPMM,Sun Life Phils - Money Market Fund
2010-11-24,1.0604,true,2010-11-23,1.0867,0.9809,Money Market,PHP,N,1,A,SLPMM,Sun Life Phils - Money Market Fund
2010-11-23,1.0604,true,2010-11-22,1.0867,0.9809,Money Market,PHP,N,1,A,SLPMM,Sun Life Phils - Money Market Fund
2010-11-22,1.0604,true,2010-11-21,1.0964,0.9809,Money Market,PHP,N,1,A,SLPMM,Sun Life Phils - Money Market Fund
2010-11-19,1.0603,true,2010-11-18,1.0965,0.9713,Money Market,PHP,N,1,A,SLPMM,Sun Life Phils - Money Market Fund
2010-11-18,1.0603,true,2010-11-17,1.0965,0.9713,Money Market,PHP,N,1,A,SLPMM,Sun Life Phils - Money Market Fund
2010-11-17,1.0602,true,2010-11-16,1.087,0.9618,Money Market,PHP,N,1,A,SLPMM,Sun Life Phils - Money Market Fund
2010-11-15,1.0602,true,2010-11-14,1.1062,0.9618,Money Market,PHP,N,1,A,SLPMM,Sun Life Phils - Money Market Fund
2010-11-12,1.0602,true,2010-11-11,1.1062,0.9618,Money Market,PHP,N,1,A,SLPMM,Sun Life Phils - Money Market Fund
2010-11-11,1.0601,true,2010-11-10,1.0967,0.9523,Money Market,PHP,N,1,A,SLPMM,Sun Life Phils - Money Market Fund
2010-11-10,1.0601,true,2010-11-09,1.1063,0.9523,Money Market,PHP,N,1,A,SLPMM,Sun Life Phils - Money Market Fund
2010-11-09,1.0601,true,2010-11-08,1.1063,0.9523,Money Market,PHP,N,1,A,SLPMM,Sun Life Phils - Money Market Fund
2010-11-08,1.0601,true,2010-11-07,1.116,0.9523,Money Market,PHP,N,1,A,SLPMM,Sun Life Phils - Money Market Fund
2010-11-05,1.06,true,2010-11-04,1.1064,0.9428,Money Market,PHP,N,1,A,SLPMM,Sun Life Phils - Money Market Fund
2010-11-04,1.0599,true,2010-11-03,1.1066,0.9332,Money Market,PHP,N,1,A,SLPMM,Sun Life Phils - Money Market Fund
2010-11-03,1.0599,true,2010-11-02,1.1066,0.9332,Money Market,PHP,N,1,A,SLPMM,Sun Life Phils - Money Market Fund
2010-11-02,1.0599,true,2010-11-01,1.2418,0.9332,Money Market,PHP,N,1,A,SLPMM,Sun Life Phils - Money Market Fund
2010-10-29,1.0598,true,2010-10-28,1.1067,0.9237,Money Market,PHP,N,1,A,SLPMM,Sun Life Phils - Money Market Fund
2010-10-28,1.0597,true,2010-10-27,1.1068,0.9142,Money Market,PHP,N,1,A,SLPMM,Sun Life Phils - Money Market Fund
2010-10-27,1.0597,true,2010-10-26,1.1454,0.9142,Money Market,PHP,N,1,A,SLPMM,Sun Life Phils - Money Market Fund
2010-10-26,1.0597,true,2010-10-25,1.1454,0.9142,Money Market,PHP,N,1,A,SLPMM,Sun Life Phils - Money Market Fund
2010-10-22,1.0595,true,2010-10-21,1.1359,0.8952,Money Market,PHP,N,1,A,SLPMM,Sun Life Phils - Money Market Fund
2010-10-21,1.0595,true,2010-10-20,1.1456,0.8952,Money Market,PHP,N,1,A,SLPMM,Sun Life Phils - Money Market Fund
2010-10-20,1.0595,true,2010-10-19,1.1456,0.8952,Money Market,PHP,N,1,A,SLPMM,Sun Life Phils - Money Market Fund
2010-10-19,1.0595,true,2010-10-18,1.1456,0.8952,Money Market,PHP,N,1,A,SLPMM,Sun Life Phils - Money Market Fund
2010-10-18,1.0594,true,2010-10-17,1.1457,0.8856,Money Market,PHP,N,1,A,SLPMM,Sun Life Phils - Money Market Fund
2010-10-15,1.0593,true,2010-10-14,1.1458,0.8761,Money Market,PHP,N,1,A,SLPMM,Sun Life Phils - Money Market Fund
2010-10-14,1.0593,true,2010-10-13,1.1458,0.8761,Money Market,PHP,N,1,A,SLPMM,Sun Life Phils - Money Market Fund
2010-10-13,1.0593,true,2010-10-12,1.1458,0.8761,Money Market,PHP,N,1,A,SLPMM,Sun Life Phils - Money Market Fund
2010-10-12,1.0592,true,2010-10-11,1.1459,0.8666,Money Market,PHP,N,1,A,SLPMM,Sun Life Phils - Money Market Fund
2010-10-11,1.0592,true,2010-10-10,1.1556,0.8666,Money Market,PHP,N,1,A,SLPMM,Sun Life Phils - Money Market Fund
2010-10-08,1.0591,true,2010-10-07,1.146,0.8571,Money Market,PHP,N,1,A,SLPMM,Sun Life Phils - Money Market Fund
2010-10-07,1.0591,true,2010-10-06,1.146,0.8571,Money Market,PHP,N,1,A,SLPMM,Sun Life Phils - Money Market Fund
2010-10-06,1.059,true,2010-10-05,1.1461,0.8475,Money Market,PHP,N,1,A,SLPMM,Sun Life Phils - Money Market Fund
2010-10-05,1.059,true,2010-10-04,1.1461,0.8475,Money Market,PHP,N,1,A,SLPMM,Sun Life Phils - Money Market Fund
2010-10-04,1.059,true,2010-10-03,1.1558,0.8475,Money Market,PHP,N,1,A,SLPMM,Sun Life Phils - Money Market Fund
2010-10-01,1.0589,true,2010-09-30,1.1462,0.838,Money Market,PHP,N,1,A,SLPMM,Sun Life Phils - Money Market Fund
2010-09-30,1.0588,true,2010-09-29,1.1367,0.8285,Money Market,PHP,N,1,A,SLPMM,Sun Life Phils - Money Market Fund
2010-09-29,1.0588,true,2010-09-28,1.1464,0.8285,Money Market,PHP,N,1,A,SLPMM,Sun Life Phils - Money Market Fund
2010-09-28,1.0588,true,2010-09-27,1.1464,0.8285,Money Market,PHP,N,1,A,SLPMM,Sun Life Phils - Money Market Fund
2010-09-27,1.0587,true,2010-09-26,1.1465,0.819,Money Market,PHP,N,1,A,SLPMM,Sun Life Phils - Money Market Fund
2010-09-24,1.0587,true,2010-09-23,1.1465,0.819,Money Market,PHP,N,1,A,SLPMM,Sun Life Phils - Money Market Fund
2010-09-23,1.0586,true,2010-09-22,1.1466,0.8094,Money Market,PHP,N,1,A,SLPMM,Sun Life Phils - Money Market Fund
2010-09-22,1.0586,true,2010-09-21,1.1466,0.8094,Money Market,PHP,N,1,A,SLPMM,Sun Life Phils - Money Market Fund
2010-09-21,1.0586,true,2010-09-20,1.1562,0.8094,Money Market,PHP,N,1,A,SLPMM,Sun Life Phils - Money Market Fund
2010-09-20,1.0585,true,2010-09-19,1.1467,0.7999,Money Market,PHP,N,1,A,SLPMM,Sun Life Phils - Money Market Fund
2010-09-17,1.0584,true,2010-09-16,1.1468,0.7904,Money Market,PHP,N,1,A,SLPMM,Sun Life Phils - Money Market Fund
2010-09-16,1.0584,true,2010-09-15,1.1468,0.7904,Money Market,PHP,N,1,A,SLPMM,Sun Life Phils - Money Market Fund
2010-09-15,1.0584,true,2010-09-14,1.1468,0.7904,Money Market,PHP,N,1,A,SLPMM,Sun Life Phils - Money Market Fund
2010-09-14,1.0583,true,2010-09-13,1.1469,0.7809,Money Market,PHP,N,1,A,SLPMM,Sun Life Phils - Money Market Fund
2010-09-13,1.0583,true,2010-09-12,1.1566,0.7809,Money Market,PHP,N,1,A,SLPMM,Sun Life Phils - Money Market Fund
2010-09-09,1.0582,true,2010-09-08,1.147,0.7714,Money Market,PHP,N,1,A,SLPMM,Sun Life Phils - Money Market Fund
2010-09-08,1.0582,true,2010-09-07,1.1567,0.7714,Money Market,PHP,N,1,A,SLPMM,Sun Life Phils - Money Market Fund
2010-09-07,1.0581,true,2010-09-06,1.1568,0.7618,Money Market,PHP,N,1,A,SLPMM,Sun Life Phils - Money Market Fund
2010-09-06,1.0581,true,2010-09-05,1.1568,0.7618,Money Market,PHP,N,1,A,SLPMM,Sun Life Phils - Money Market Fund
2010-09-03,1.058,true,2010-09-02,1.1472,0.7523,Money Market,PHP,N,1,A,SLPMM,Sun Life Phils - Money Market Fund
2010-09-02,1.058,true,2010-09-01,1.1569,0.7523,Money Market,PHP,N,1,A,SLPMM,Sun Life Phils - Money Market Fund
2010-09-01,1.0579,true,2010-08-31,1.1473,0.7428,Money Market,PHP,N,1,A,SLPMM,Sun Life Phils - Money Market Fund
2010-08-31,1.0579,true,2010-08-30,1.157,0.7428,Money Market,PHP,N,1,A,SLPMM,Sun Life Phils - Money Market Fund
2010-08-27,1.0578,true,2010-08-26,1.1474,0.7333,Money Market,PHP,N,1,A,SLPMM,Sun Life Phils - Money Market Fund
2010-08-26,1.0577,true,2010-08-25,1.1476,0.7237,Money Market,PHP,N,1,A,SLPMM,Sun Life Phils - Money Market Fund
2010-08-25,1.0577,true,2010-08-24,1.1476,0.7237,Money Market,PHP,N,1,A,SLPMM,Sun Life Phils - Money Market Fund
2010-08-24,1.0577,true,2010-08-23,1.1476,0.7237,Money Market,PHP,N,1,A,SLPMM,Sun Life Phils - Money Market Fund
2010-08-23,1.0576,true,2010-08-22,1.1573,0.7142,Money Market,PHP,N,1,A,SLPMM,Sun Life Phils - Money Market Fund
2010-08-20,1.0575,true,2010-08-19,1.1478,0.7047,Money Market,PHP,N,1,A,SLPMM,Sun Life Phils - Money Market Fund
2010-08-19,1.0575,true,2010-08-18,1.1478,0.7047,Money Market,PHP,N,1,A,SLPMM,Sun Life Phils - Money Market Fund
2010-08-18,1.0575,true,2010-08-17,1.1478,0.7047,Money Market,PHP,N,1,A,SLPMM,Sun Life Phils - Money Market Fund
2010-08-17,1.0574,true,2010-08-16,1.1479,0.6952,Money Market,PHP,N,1,A,SLPMM,Sun Life Phils - Money Market Fund
2010-08-16,1.0574,true,2010-08-15,1.1576,0.6952,Money Market,PHP,N,1,A,SLPMM,Sun Life Phils - Money Market Fund
2010-08-13,1.0573,true,2010-08-12,1.148,0.6856,Money Market,PHP,N,1,A,SLPMM,Sun Life Phils - Money Market Fund
2010-08-12,1.0573,true,2010-08-11,1.1577,0.6856,Money Market,PHP,N,1,A,SLPMM,Sun Life Phils - Money Market Fund
2010-08-11,1.0572,true,2010-08-10,1.1481,0.6761,Money Market,PHP,N,1,A,SLPMM,Sun Life Phils - Money Market Fund
2010-08-10,1.0572,true,2010-08-09,1.1481,0.6761,Money Market,PHP,N,1,A,SLPMM,Sun Life Phils - Money Market Fund
2010-08-09,1.0572,true,2010-08-08,1.1578,0.6761,Money Market,PHP,N,1,A,SLPMM,Sun Life Phils - Money Market Fund
2010-08-06,1.0571,true,2010-08-05,1.1579,0.6666,Money Market,PHP,N,1,A,SLPMM,Sun Life Phils - Money Market Fund
2010-08-05,1.057,true,2010-08-04,1.1483,0.6571,Money Market,PHP,N,1,A,SLPMM,Sun Life Phils - Money Market Fund
2010-08-04,1.057,true,2010-08-03,1.1483,0.6571,Money Market,PHP,N,1,A,SLPMM,Sun Life Phils - Money Market Fund
2010-08-03,1.057,true,2010-08-02,1.158,0.6571,Money Market,PHP,N,1,A,SLPMM,Sun Life Phils - Money Market Fund
2010-08-02,1.057,true,2010-08-01,1.2743,0.6571,Money Market,PHP,N,1,A,SLPMM,Sun Life Phils - Money Market Fund
2010-07-30,1.0569,true,2010-07-29,1.1581,0.6476,Money Market,PHP,N,1,A,SLPMM,Sun Life Phils - Money Market Fund
2010-07-29,1.0568,true,2010-07-28,1.1582,0.638,Money Market,PHP,N,1,A,SLPMM,Sun Life Phils - Money Market Fund
2010-07-28,1.0568,true,2010-07-27,1.1582,0.638,Money Market,PHP,N,1,A,SLPMM,Sun Life Phils - Money Market Fund
2010-07-27,1.0568,true,2010-07-26,1.1582,0.638,Money Market,PHP,N,1,A,SLPMM,Sun Life Phils - Money Market Fund
2010-07-26,1.0567,true,2010-07-25,1.1583,0.6285,Money Market,PHP,N,1,A,SLPMM,Sun Life Phils - Money Market Fund
2010-07-23,1.0566,true,2010-07-22,1.1584,0.619,Money Market,PHP,N,1,A,SLPMM,Sun Life Phils - Money Market Fund
2010-07-22,1.0566,true,2010-07-21,1.1584,0.619,Money Market,PHP,N,1,A,SLPMM,Sun Life Phils - Money Market Fund
2010-07-21,1.0566,true,2010-07-20,1.1681,0.619,Money Market,PHP,N,1,A,SLPMM,Sun Life Phils - Money Market Fund
2010-07-20,1.0565,true,2010-07-19,1.1586,0.6095,Money Market,PHP,N,1,A,SLPMM,Sun Life Phils - Money Market Fund
2010-07-19,1.0565,true,2010-07-18,1.1682,0.6095,Money Market,PHP,N,1,A,SLPMM,Sun Life Phils - Money Market Fund
2010-07-16,1.0564,true,2010-07-15,1.1587,0.5999,Money Market,PHP,N,1,A,SLPMM,Sun Life Phils - Money Market Fund
2010-07-15,1.0564,true,2010-07-14,1.1684,0.5999,Money Market,PHP,N,1,A,SLPMM,Sun Life Phils - Money Market Fund
2010-07-14,1.0563,true,2010-07-13,1.1588,0.5904,Money Market,PHP,N,1,A,SLPMM,Sun Life Phils - Money Market Fund
2010-07-13,1.0563,true,2010-07-12,1.1685,0.5904,Money Market,PHP,N,1,A,SLPMM,Sun Life Phils - Money Market Fund
2010-07-12,1.0563,true,2010-07-11,1.1782,0.5904,Money Market,PHP,N,1,A,SLPMM,Sun Life Phils - Money Market Fund
2010-07-09,1.0562,true,2010-07-08,1.1686,0.5809,Money Market,PHP,N,1,A,SLPMM,Sun Life Phils - Money Market Fund
2010-07-08,1.0562,true,2010-07-07,1.1686,0.5809,Money Market,PHP,N,1,A,SLPMM,Sun Life Phils - Money Market Fund
2010-07-07,1.0561,true,2010-07-06,1.1687,0.5714,Money Market,PHP,N,1,A,SLPMM,Sun Life Phils - Money Market Fund
2010-07-06,1.0561,true,2010-07-05,1.1687,0.5714,Money Market,PHP,N,1,A,SLPMM,Sun Life Phils - Money Market Fund
2010-07-05,1.0561,true,2010-07-04,1.1784,0.5714,Money Market,PHP,N,1,A,SLPMM,Sun Life Phils - Money Market Fund
2010-07-02,1.056,true,2010-07-01,1.1785,0.5619,Money Market,PHP,N,1,A,SLPMM,Sun Life Phils - Money Market Fund
2010-07-01,1.0559,true,2010-06-30,1.1689,0.5523,Money Market,PHP,N,1,A,SLPMM,Sun Life Phils - Money Market Fund
2010-06-29,1.0559,true,2010-06-28,1.1786,0.5523,Money Market,PHP,N,1,A,SLPMM,Sun Life Phils - Money Market Fund
2010-06-28,1.0558,true,2010-06-27,1.1787,0.5428,Money Market,PHP,N,1,A,SLPMM,Sun Life Phils - Money Market Fund
2010-06-25,1.0557,true,2010-06-24,1.1691,0.5333,Money Market,PHP,N,1,A,SLPMM,Sun Life Phils - Money Market Fund
2010-06-24,1.0557,true,2010-06-23,1.1691,0.5333,Money Market,PHP,N,1,A,SLPMM,Sun Life Phils - Money Market Fund
2010-06-23,1.0557,true,2010-06-22,1.1788,0.5333,Money Market,PHP,N,1,A,SLPMM,Sun Life Phils - Money Market Fund
2010-06-22,1.0556,true,2010-06-21,1.1693,0.5238,Money Market,PHP,N,1,A,SLPMM,Sun Life Phils - Money Market Fund
2010-06-21,1.0556,true,2010-06-20,1.179,0.5238,Money Market,PHP,N,1,A,SLPMM,Sun Life Phils - Money Market Fund
2010-06-18,1.0555,true,2010-06-17,1.1694,0.5142,Money Market,PHP,N,1,A,SLPMM,Sun Life Phils - Money Market Fund
2010-06-17,1.0555,true,2010-06-16,1.1694,0.5142,Money Market,PHP,N,1,A,SLPMM,Sun Life Phils - Money Market Fund
2010-06-16,1.0554,true,2010-06-15,1.1695,0.5047,Money Market,PHP,N,1,A,SLPMM,Sun Life Phils - Money Market Fund
2010-06-15,1.0554,true,2010-06-14,1.1695,0.5047,Money Market,PHP,N,1,A,SLPMM,Sun Life Phils - Money Market Fund
2010-06-11,1.0553,true,2010-06-10,1.1696,0.4952,Money Market,PHP,N,1,A,SLPMM,Sun Life Phils - Money Market Fund
2010-06-10,1.0552,true,2010-06-09,1.1697,0.4857,Money Market,PHP,N,1,A,SLPMM,Sun Life Phils - Money Market Fund
2010-06-09,1.0552,true,2010-06-08,1.1697,0.4857,Money Market,PHP,N,1,A,SLPMM,Sun Life Phils - Money Market Fund
2010-06-08,1.0552,true,2010-06-07,1.1697,0.4857,Money Market,PHP,N,1,A,SLPMM,Sun Life Phils - Money Market Fund
2010-06-07,1.0551,true,2010-06-06,1.1698,0.4761,Money Market,PHP,N,1,A,SLPMM,Sun Life Phils - Money Market Fund
2010-06-04,1.0551,true,2010-06-03,1.1795,0.4761,Money Market,PHP,N,1,A,SLPMM,Sun Life Phils - Money Market Fund
2010-06-03,1.055,true,2010-06-02,1.1699,0.4666,Money Market,PHP,N,1,A,SLPMM,Sun Life Phils - Money Market Fund
2010-06-02,1.055,true,2010-06-01,1.1699,0.4666,Money Market,PHP,N,1,A,SLPMM,Sun Life Phils - Money Market Fund
2010-06-01,1.055,true,2010-05-31,1.1796,0.4666,Money Market,PHP,N,1,A,SLPMM,Sun Life Phils - Money Market Fund
2010-05-31,1.0549,true,2010-05-30,1.17,0.4571,Money Market,PHP,N,1,A,SLPMM,Sun Life Phils - Money Market Fund
2010-05-28,1.0548,true,2010-05-27,1.1702,0.4476,Money Market,PHP,N,1,A,SLPMM,Sun Life Phils - Money Market Fund
2010-05-27,1.0548,true,2010-05-26,1.1702,0.4476,Money Market,PHP,N,1,A,SLPMM,Sun Life Phils - Money Market Fund
2010-05-26,1.0548,true,2010-05-25,1.1702,0.4476,Money Market,PHP,N,1,A,SLPMM,Sun Life Phils - Money Market Fund
2010-05-25,1.0547,true,2010-05-24,1.1703,0.4381,Money Market,PHP,N,1,A,SLPMM,Sun Life Phils - Money Market Fund
2010-05-24,1.0547,true,2010-05-23,1.18,0.4381,Money Market,PHP,N,1,A,SLPMM,Sun Life Phils - Money Market Fund
2010-05-21,1.0546,true,2010-05-20,1.1704,0.4285,Money Market,PHP,N,1,A,SLPMM,Sun Life Phils - Money Market Fund
2010-05-20,1.0546,true,2010-05-19,1.1704,0.4285,Money Market,PHP,N,1,A,SLPMM,Sun Life Phils - Money Market Fund
2010-05-19,1.0545,true,2010-05-18,1.1608,0.419,Money Market,PHP,N,1,A,SLPMM,Sun Life Phils - Money Market Fund
2010-05-18,1.0545,true,2010-05-17,1.1705,0.419,Money Market,PHP,N,1,A,SLPMM,Sun Life Phils - Money Market Fund
2010-05-17,1.0545,true,2010-05-16,1.1802,0.419,Money Market,PHP,N,1,A,SLPMM,Sun Life Phils - Money Market Fund
2010-05-14,1.0544,true,2010-05-13,1.1706,0.4095,Money Market,PHP,N,1,A,SLPMM,Sun Life Phils - Money Market Fund
2010-05-13,1.0543,true,2010-05-12,1.161,0.4,Money Market,PHP,N,1,A,SLPMM,Sun Life Phils - Money Market Fund
2010-05-12,1.0543,true,2010-05-11,1.1707,0.4,Money Market,PHP,N,1,A,SLPMM,Sun Life Phils - Money Market Fund
2010-05-11,1.0543,true,2010-05-10,1.1707,0.4,Money Market,PHP,N,1,A,SLPMM,Sun Life Phils - Money Market Fund
2010-05-07,1.0542,true,2010-05-06,1.1708,0.3904,Money Market,PHP,N,1,A,SLPMM,Sun Life Phils - Money Market Fund
2010-05-06,1.0541,true,2010-05-05,1.1612,0.3809,Money Market,PHP,N,1,A,SLPMM,Sun Life Phils - Money Market Fund
2010-05-05,1.0541,true,2010-05-04,1.1709,0.3809,Money Market,PHP,N,1,A,SLPMM,Sun Life Phils - Money Market Fund
2010-05-04,1.0541,true,2010-05-03,1.1709,0.3809,Money Market,PHP,N,1,A,SLPMM,Sun Life Phils - Money Market Fund
2010-04-30,1.0539,true,2010-04-29,1.1615,0.3619,Money Market,PHP,N,1,A,SLPMM,Sun Life Phils - Money Market Fund
2010-04-29,1.0539,true,2010-04-28,1.1615,0.3619,Money Market,PHP,N,1,A,SLPMM,Sun Life Phils - Money Market Fund
2010-04-28,1.0539,true,2010-04-27,1.1615,0.3619,Money Market,PHP,N,1,A,SLPMM,Sun Life Phils - Money Market Fund
2010-04-27,1.0538,true,2010-04-26,1.1616,0.3523,Money Market,PHP,N,1,A,SLPMM,Sun Life Phils - Money Market Fund
2010-04-26,1.0538,true,2010-04-25,1.1713,0.3523,Money Market,PHP,N,1,A,SLPMM,Sun Life Phils - Money Market Fund
2010-04-23,1.0537,true,2010-04-22,1.1617,0.3428,Money Market,PHP,N,1,A,SLPMM,Sun Life Phils - Money Market Fund
2010-04-22,1.0537,true,2010-04-21,1.1617,0.3428,Money Market,PHP,N,1,A,SLPMM,Sun Life Phils - Money Market Fund
2010-04-21,1.0537,true,2010-04-20,1.1617,0.3428,Money Market,PHP,N,1,A,SLPMM,Sun Life Phils - Money Market Fund
2010-04-20,1.0536,true,2010-04-19,1.1618,0.3333,Money Market,PHP,N,1,A,SLPMM,Sun Life Phils - Money Market Fund
2010-04-19,1.0536,true,2010-04-18,1.1715,0.3333,Money Market,PHP,N,1,A,SLPMM,Sun Life Phils - Money Market Fund
2010-04-16,1.0535,true,2010-04-15,1.1619,0.3238,Money Market,PHP,N,1,A,SLPMM,Sun Life Phils - Money Market Fund
2010-04-15,1.0535,true,2010-04-14,1.1619,0.3238,Money Market,PHP,N,1,A,SLPMM,Sun Life Phils - Money Market Fund
2010-04-14,1.0534,true,2010-04-13,1.1523,0.3143,Money Market,PHP,N,1,A,SLPMM,Sun Life Phils - Money Market Fund
2010-04-13,1.0534,true,2010-04-12,1.162,0.3143,Money Market,PHP,N,1,A,SLPMM,Sun Life Phils - Money Market Fund
2010-04-12,1.0534,true,2010-04-11,1.1717,0.3143,Money Market,PHP,N,1,A,SLPMM,Sun Life Phils - Money Market Fund
2010-04-08,1.0533,true,2010-04-07,1.1621,0.3047,Money Market,PHP,N,1,A,SLPMM,Sun Life Phils - Money Market Fund
2010-04-07,1.0532,true,2010-04-06,1.1622,0.2952,Money Market,PHP,N,1,A,SLPMM,Sun Life Phils - Money Market Fund
2010-04-06,1.0532,true,2010-04-05,1.172,0.2952,Money Market,PHP,N,1,A,SLPMM,Sun Life Phils - Money Market Fund
2010-04-05,1.0532,true,2010-04-04,1.172,0.2952,Money Market,PHP,N,1,A,SLPMM,Sun Life Phils - Money Market Fund
2010-03-31,1.053,true,2010-03-30,1.1625,0.2762,Money Market,PHP,N,1,A,SLPMM,Sun Life Phils - Money Market Fund
2010-03-30,1.053,true,2010-03-29,1.1625,0.2762,Money Market,PHP,N,1,A,SLPMM,Sun Life Phils - Money Market Fund
2010-03-29,1.0529,true,2010-03-28,1.1626,0.2666,Money Market,PHP,N,1,A,SLPMM,Sun Life Phils - Money Market Fund
2010-03-26,1.0528,true,2010-03-25,1.153,0.2571,Money Market,PHP,N,1,A,SLPMM,Sun Life Phils - Money Market Fund
2010-03-25,1.0528,true,2010-03-24,1.1627,0.2571,Money Market,PHP,N,1,A,SLPMM,Sun Life Phils - Money Market Fund
2010-03-24,1.0528,true,2010-03-23,1.1627,0.2571,Money Market,PHP,N,1,A,SLPMM,Sun Life Phils - Money Market Fund
2010-03-23,1.0527,true,2010-03-22,1.1531,0.2476,Money Market,PHP,N,1,A,SLPMM,Sun Life Phils - Money Market Fund
2010-03-22,1.0527,true,2010-03-21,1.1628,0.2476,Money Market,PHP,N,1,A,SLPMM,Sun Life Phils - Money Market Fund
2010-03-19,1.0526,true,2010-03-18,1.1629,0.2381,Money Market,PHP,N,1,A,SLPMM,Sun Life Phils - Money Market Fund
2010-03-18,1.0526,true,2010-03-17,1.1629,0.2381,Money Market,PHP,N,1,A,SLPMM,Sun Life Phils - Money Market Fund
2010-03-17,1.0526,true,2010-03-16,1.1629,0.2381,Money Market,PHP,N,1,A,SLPMM,Sun Life Phils - Money Market Fund
2010-03-16,1.0525,true,2010-03-15,1.163,0.2285,Money Market,PHP,N,1,A,SLPMM,Sun Life Phils - Money Market Fund
2010-03-15,1.0525,true,2010-03-14,1.1727,0.2285,Money Market,PHP,N,1,A,SLPMM,Sun Life Phils - Money Market Fund
2010-03-12,1.0524,true,2010-03-11,1.1631,0.219,Money Market,PHP,N,1,A,SLPMM,Sun Life Phils - Money Market Fund
2010-03-11,1.0524,true,2010-03-10,1.1729,0.219,Money Market,PHP,N,1,A,SLPMM,Sun Life Phils - Money Market Fund
2010-03-10,1.0523,true,2010-03-09,1.1632,0.2095,Money Market,PHP,N,1,A,SLPMM,Sun Life Phils - Money Market Fund
2010-03-09,1.0523,true,2010-03-08,1.1632,0.2095,Money Market,PHP,N,1,A,SLPMM,Sun Life Phils - Money Market Fund
2010-03-08,1.0523,true,2010-03-07,1.1827,0.2095,Money Market,PHP,N,1,A,SLPMM,Sun Life Phils - Money Market Fund
2010-03-05,1.0522,true,2010-03-04,1.1828,0.2,Money Market,PHP,N,1,A,SLPMM,Sun Life Phils - Money Market Fund
2010-03-04,1.0521,true,2010-03-03,1.1829,0.1905,Money Market,PHP,N,1,A,SLPMM,Sun Life Phils - Money Market Fund
2010-03-03,1.0521,true,2010-03-02,1.1927,0.1905,Money Market,PHP,N,1,A,SLPMM,Sun Life Phils - Money Market Fund
2010-03-02,1.0521,true,2010-03-01,1.1927,0.1905,Money Market,PHP,N,1,A,SLPMM,Sun Life Phils - Money Market Fund
2010-03-01,1.052,true,2010-02-28,1.2122,0.1809,Money Market,PHP,N,1,A,SLPMM,Sun Life Phils - Money Market Fund
2010-02-26,1.0519,true,2010-02-25,1.2026,0.1714,Money Market,PHP,N,1,A,SLPMM,Sun Life Phils - Money Market Fund
2010-02-25,1.0519,true,2010-02-24,1.2124,0.1714,Money Market,PHP,N,1,A,SLPMM,Sun Life Phils - Money Market Fund
2010-02-24,1.0519,true,2010-02-23,1.2221,0.1714,Money Market,PHP,N,1,A,SLPMM,Sun Life Phils - Money Market Fund
2010-02-23,1.0518,true,2010-02-22,1.2125,0.1619,Money Market,PHP,N,1,A,SLPMM,Sun Life Phils - Money Market Fund
2010-02-22,1.0518,true,2010-02-21,1.2417,0.1619,Money Market,PHP,N,1,A,SLPMM,Sun Life Phils - Money Market Fund
2010-02-19,1.0517,true,2010-02-18,1.2321,0.1524,Money Market,PHP,N,1,A,SLPMM,Sun Life Phils - Money Market Fund
2010-02-18,1.0517,true,2010-02-17,1.2418,0.1524,Money Market,PHP,N,1,A,SLPMM,Sun Life Phils - Money Market Fund
2010-02-17,1.0517,true,2010-02-16,1.2516,0.1524,Money Market,PHP,N,1,A,SLPMM,Sun Life Phils - Money Market Fund
2010-02-16,1.0516,true,2010-02-15,1.2419,0.1428,Money Market,PHP,N,1,A,SLPMM,Sun Life Phils - Money Market Fund
2010-02-15,1.0516,true,2010-02-14,1.2712,0.1428,Money Market,PHP,N,1,A,SLPMM,Sun Life Phils - Money Market Fund
2010-02-12,1.0515,true,2010-02-11,1.2616,0.1333,Money Market,PHP,N,1,A,SLPMM,Sun Life Phils - Money Market Fund
2010-02-11,1.0515,true,2010-02-10,1.2713,0.1333,Money Market,PHP,N,1,A,SLPMM,Sun Life Phils - Money Market Fund
2010-02-10,1.0514,true,2010-02-09,1.2714,0.1238,Money Market,PHP,N,1,A,SLPMM,Sun Life Phils - Money Market Fund
2010-02-09,1.0514,true,2010-02-08,1.2714,0.1238,Money Market,PHP,N,1,A,SLPMM,Sun Life Phils - Money Market Fund
2010-02-08,1.0514,true,2010-02-07,1.3007,0.1238,Money Market,PHP,N,1,A,SLPMM,Sun Life Phils - Money Market Fund
2010-02-05,1.0513,true,2010-02-04,1.2911,0.1143,Money Market,PHP,N,1,A,SLPMM,Sun Life Phils - Money Market Fund
2010-02-04,1.0512,true,2010-02-03,1.2912,0.1048,Money Market,PHP,N,1,A,SLPMM,Sun Life Phils - Money Market Fund
2010-02-03,1.0512,true,2010-02-02,1.301,0.1048,Money Market,PHP,N,1,A,SLPMM,Sun Life Phils - Money Market Fund
2010-02-02,1.0512,true,2010-02-01,1.3107,0.1048,Money Market,PHP,N,1,A,SLPMM,Sun Life Phils - Money Market Fund
2010-02-01,1.0512,true,2010-01-31,1.3302,0.1048,Money Market,PHP,N,1,A,SLPMM,Sun Life Phils - Money Market Fund
2010-01-29,1.0511,true,2010-01-28,1.3304,0.0952,Money Market,PHP,N,1,A,SLPMM,Sun Life Phils - Money Market Fund
2010-01-28,1.051,true,2010-01-27,1.3305,0.0857,Money Market,PHP,N,1,A,SLPMM,Sun Life Phils - Money Market Fund
2010-01-27,1.051,true,2010-01-26,1.3305,0.0857,Money Market,PHP,N,1,A,SLPMM,Sun Life Phils - Money Market Fund
2010-01-26,1.051,true,2010-01-25,1.3403,0.0857,Money Market,PHP,N,1,A,SLPMM,Sun Life Phils - Money Market Fund
2010-01-25,1.0509,true,2010-01-24,1.3502,0.0762,Money Market,PHP,N,1,A,SLPMM,Sun Life Phils - Money Market Fund
2010-01-22,1.0508,true,2010-01-21,1.3503,0.0667,Money Market,PHP,N,1,A,SLPMM,Sun Life Phils - Money Market Fund
2010-01-21,1.0508,true,2010-01-20,1.3601,0.0667,Money Market,PHP,N,1,A,SLPMM,Sun Life Phils - Money Market Fund
2010-01-20,1.0508,true,2010-01-19,1.3699,0.0667,Money Market,PHP,N,1,A,SLPMM,Sun Life Phils - Money Market Fund
2010-01-19,1.0507,true,2010-01-18,1.3602,0.0571,Money Market,PHP,N,1,A,SLPMM,Sun Life Phils - Money Market Fund
2010-01-18,1.0507,true,2010-01-17,1.3896,0.0571,Money Market,PHP,N,1,A,SLPMM,Sun Life Phils - Money Market Fund
2010-01-15,1.0506,true,2010-01-14,1.3897,0.0476,Money Market,PHP,N,1,A,SLPMM,Sun Life Phils - Money Market Fund
2010-01-14,1.0506,true,2010-01-13,1.3897,0.0476,Money Market,PHP,N,1,A,SLPMM,Sun Life Phils - Money Market Fund
2010-01-13,1.0506,true,2010-01-12,1.3897,0.0476,Money Market,PHP,N,1,A,SLPMM,Sun Life Phils - Money Market Fund
2010-01-12,1.0505,true,2010-01-11,1.3898,0.0381,Money Market,PHP,N,1,A,SLPMM,Sun Life Phils - Money Market Fund
2010-01-11,1.0505,true,2010-01-10,1.4192,0.0381,Money Market,PHP,N,1,A,SLPMM,Sun Life Phils - Money Market Fund
2010-01-08,1.0504,true,2010-01-07,1.4193,0.0286,Money Market,PHP,N,1,A,SLPMM,Sun Life Phils - Money Market Fund
2010-01-07,1.0504,true,2010-01-06,1.4291,0.0286,Money Market,PHP,N,1,A,SLPMM,Sun Life Phils - Money Market Fund
2010-01-06,1.0503,true,2010-01-05,1.4293,0.019,Money Market,PHP,N,1,A,SLPMM,Sun Life Phils - Money Market Fund
2010-01-05,1.0503,true,2010-01-04,1.4391,0.019,Money Market,PHP,N,1,A,SLPMM,Sun Life Phils - Money Market Fund
2010-01-04,1.0503,true,2010-01-03,0.0,0.0286,Money Market,PHP,N,1,A,SLPMM,Sun Life Phils - Money Market Fund
2009-12-29,1.0501,true,2009-12-28,1.4884,1.4884,Money Market,PHP,N,1,A,SLPMM,Sun Life Phils - Money Market Fund
2009-12-28,1.05,true,2009-12-27,1.5278,1.4787,Money Market,PHP,N,1,A,SLPMM,Sun Life Phils - Money Market Fund
2009-12-23,1.0499,true,2009-12-22,1.5279,1.469,Money Market,PHP,N,1,A,SLPMM,Sun Life Phils - Money Market Fund
2009-12-22,1.0498,true,2009-12-21,1.528,1.4594,Money Market,PHP,N,1,A,SLPMM,Sun Life Phils - Money Market Fund
2009-12-21,1.0498,true,2009-12-20,1.5575,1.4594,Money Market,PHP,N,1,A,SLPMM,Sun Life Phils - Money Market Fund
2009-12-18,1.0497,true,2009-12-17,1.5577,1.4497,Money Market,PHP,N,1,A,SLPMM,Sun Life Phils - Money Market Fund
2009-12-17,1.0497,true,2009-12-16,1.5675,1.4497,Money Market,PHP,N,1,A,SLPMM,Sun Life Phils - Money Market Fund
2009-12-16,1.0497,true,2009-12-15,1.5773,1.4497,Money Market,PHP,N,1,A,SLPMM,Sun Life Phils - Money Market Fund
2009-12-15,1.0496,true,2009-12-14,1.5775,1.44,Money Market,PHP,N,1,A,SLPMM,Sun Life Phils - Money Market Fund
2009-12-14,1.0496,true,2009-12-13,1.607,1.44,Money Market,PHP,N,1,A,SLPMM,Sun Life Phils - Money Market Fund
2009-12-11,1.0495,true,2009-12-10,1.6071,1.4304,Money Market,PHP,N,1,A,SLPMM,Sun Life Phils - Money Market Fund
2009-12-10,1.0495,true,2009-12-09,1.617,1.4304,Money Market,PHP,N,1,A,SLPMM,Sun Life Phils - Money Market Fund
2009-12-09,1.0494,true,2009-12-08,1.6073,1.4207,Money Market,PHP,N,1,A,SLPMM,Sun Life Phils - Money Market Fund
2009-12-08,1.0494,true,2009-12-07,1.6171,1.4207,Money Market,PHP,N,1,A,SLPMM,Sun Life Phils - Money Market Fund
2009-12-07,1.0494,true,2009-12-06,1.6466,1.4207,Money Market,PHP,N,1,A,SLPMM,Sun Life Phils - Money Market Fund
2009-12-04,1.0493,true,2009-12-03,1.6468,1.411,Money Market,PHP,N,1,A,SLPMM,Sun Life Phils - Money Market Fund
2009-12-03,1.0492,true,2009-12-02,1.647,1.4014,Money Market,PHP,N,1,A,SLPMM,Sun Life Phils - Money Market Fund
2009-12-02,1.0492,true,2009-12-01,1.6568,1.4014,Money Market,PHP,N,1,A,SLPMM,Sun Life Phils - Money Market Fund
2009-12-01,1.0492,true,2009-11-30,2.2014,1.4014,Money Market,PHP,N,1,A,SLPMM,Sun Life Phils - Money Market Fund
2009-11-27,1.0491,true,2009-11-26,1.6964,1.3917,Money Market,PHP,N,1,A,SLPMM,Sun Life Phils - Money Market Fund
2009-11-26,1.049,true,2009-11-25,1.6966,1.382,Money Market,PHP,N,1,A,SLPMM,Sun Life Phils - Money Market Fund
2009-11-25,1.049,true,2009-11-24,1.6966,1.382,Money Market,PHP,N,1,A,SLPMM,Sun Life Phils - Money Market Fund
2009-11-24,1.049,true,2009-11-23,1.7064,1.382,Money Market,PHP,N,1,A,SLPMM,Sun Life Phils - Money Market Fund
2009-11-23,1.049,true,2009-11-22,1.7261,1.382,Money Market,PHP,N,1,A,SLPMM,Sun Life Phils - Money Market Fund
2009-11-20,1.0489,true,2009-11-19,1.7263,1.3724,Money Market,PHP,N,1,A,SLPMM,Sun Life Phils - Money Market Fund
2009-11-19,1.0488,true,2009-11-18,1.7265,1.3627,Money Market,PHP,N,1,A,SLPMM,Sun Life Phils - Money Market Fund
2009-11-18,1.0488,true,2009-11-17,1.7363,1.3627,Money Market,PHP,N,1,A,SLPMM,Sun Life Phils - Money Market Fund
2009-11-17,1.0488,true,2009-11-16,1.7363,1.3627,Money Market,PHP,N,1,A,SLPMM,Sun Life Phils - Money Market Fund
2009-11-16,1.0487,true,2009-11-15,1.7563,1.353,Money Market,PHP,N,1,A,SLPMM,Sun Life Phils - Money Market Fund
2009-11-13,1.0486,true,2009-11-12,1.7466,1.3434,Money Market,PHP,N,1,A,SLPMM,Sun Life Phils - Money Market Fund
2009-11-12,1.0486,true,2009-11-11,1.7564,1.3434,Money Market,PHP,N,1,A,SLPMM,Sun Life Phils - Money Market Fund
2009-11-11,1.0486,true,2009-11-10,1.7663,1.3434,Money Market,PHP,N,1,A,SLPMM,Sun Life Phils - Money Market Fund
2009-11-10,1.0485,true,2009-11-09,1.7566,1.3337,Money Market,PHP,N,1,A,SLPMM,Sun Life Phils - Money Market Fund
2009-11-09,1.0485,true,2009-11-08,1.7764,1.3337,Money Market,PHP,N,1,A,SLPMM,Sun Life Phils - Money Market Fund
2009-11-06,1.0484,true,2009-11-05,1.7765,1.3241,Money Market,PHP,N,1,A,SLPMM,Sun Life Phils - Money Market Fund
2009-11-05,1.0484,true,2009-11-04,1.7864,1.3241,Money Market,PHP,N,1,A,SLPMM,Sun Life Phils - Money Market Fund
2009-11-04,1.0483,true,2009-11-03,1.7866,1.3144,Money Market,PHP,N,1,A,SLPMM,Sun Life Phils - Money Market Fund
2009-11-03,1.0483,true,2009-11-02,1.7866,1.3144,Money Market,PHP,N,1,A,SLPMM,Sun Life Phils - Money Market Fund
2009-10-30,1.0482,true,2009-10-29,1.8065,1.3047,Money Market,PHP,N,1,A,SLPMM,Sun Life Phils - Money Market Fund
2009-10-29,1.0482,true,2009-10-28,1.8065,1.3047,Money Market,PHP,N,1,A,SLPMM,Sun Life Phils - Money Market Fund
2009-10-28,1.0481,true,2009-10-27,1.8067,1.2951,Money Market,PHP,N,1,A,SLPMM,Sun Life Phils - Money Market Fund
2009-10-27,1.0477,true,2009-10-26,1.7777,1.2564,Money Market,PHP,N,1,A,SLPMM,Sun Life Phils - Money Market Fund
2009-10-26,1.0477,true,2009-10-25,1.7876,1.2564,Money Market,PHP,N,1,A,SLPMM,Sun Life Phils - Money Market Fund
2009-10-23,1.0476,true,2009-10-22,1.7878,1.2467,Money Market,PHP,N,1,A,SLPMM,Sun Life Phils - Money Market Fund
2009-10-22,1.0476,true,2009-10-21,1.7977,1.2467,Money Market,PHP,N,1,A,SLPMM,Sun Life Phils - Money Market Fund
2009-10-21,1.0475,true,2009-10-20,1.788,1.2371,Money Market,PHP,N,1,A,SLPMM,Sun Life Phils - Money Market Fund
2009-10-20,1.0475,true,2009-10-19,1.7979,1.2371,Money Market,PHP,N,1,A,SLPMM,Sun Life Phils - Money Market Fund
2009-10-19,1.0475,true,2009-10-18,1.8078,1.2371,Money Market,PHP,N,1,A,SLPMM,Sun Life Phils - Money Market Fund
2009-10-16,1.0474,true,2009-10-15,1.8079,1.2274,Money Market,PHP,N,1,A,SLPMM,Sun Life Phils - Money Market Fund
2009-10-15,1.0473,true,2009-10-14,1.7982,1.2177,Money Market,PHP,N,1,A,SLPMM,Sun Life Phils - Money Market Fund
2009-10-14,1.0473,true,2009-10-13,1.8081,1.2177,Money Market,PHP,N,1,A,SLPMM,Sun Life Phils - Money Market Fund
2009-10-13,1.0473,true,2009-10-12,1.8081,1.2177,Money Market,PHP,N,1,A,SLPMM,Sun Life Phils - Money Market Fund
2009-10-12,1.0472,true,2009-10-11,1.8182,1.2081,Money Market,PHP,N,1,A,SLPMM,Sun Life Phils - Money Market Fund
2009-10-09,1.0471,true,2009-10-08,1.8085,1.1984,Money Market,PHP,N,1,A,SLPMM,Sun Life Phils - Money Market Fund
2009-10-08,1.0471,true,2009-10-07,1.8184,1.1984,Money Market,PHP,N,1,A,SLPMM,Sun Life Phils - Money Market Fund
2009-10-07,1.0471,true,2009-10-06,1.8184,1.1984,Money Market,PHP,N,1,A,SLPMM,Sun Life Phils - Money Market Fund
2009-10-06,1.047,true,2009-10-05,1.8185,1.1888,Money Market,PHP,N,1,A,SLPMM,Sun Life Phils - Money Market Fund
2009-10-05,1.047,true,2009-10-04,1.8284,1.1888,Money Market,PHP,N,1,A,SLPMM,Sun Life Phils - Money Market Fund
2009-10-02,1.0469,true,2009-10-01,1.8286,1.1791,Money Market,PHP,N,1,A,SLPMM,Sun Life Phils - Money Market Fund
2009-10-01,1.0469,true,2009-09-30,1.9774,1.1791,Money Market,PHP,N,1,A,SLPMM,Sun Life Phils - Money Market Fund
2009-09-30,1.0469,true,2009-09-29,1.8385,1.1791,Money Market,PHP,N,1,A,SLPMM,Sun Life Phils - Money Market Fund
2009-09-29,1.0468,true,2009-09-28,1.8288,1.1694,Money Market,PHP,N,1,A,SLPMM,Sun Life Phils - Money Market Fund
2009-09-28,1.0468,true,2009-09-27,1.8486,1.1694,Money Market,PHP,N,1,A,SLPMM,Sun Life Phils - Money Market Fund
2009-09-25,1.0467,true,2009-09-24,1.8389,1.1598,Money Market,PHP,N,1,A,SLPMM,Sun Life Phils - Money Market Fund
2009-09-24,1.0467,true,2009-09-23,1.8488,1.1598,Money Market,PHP,N,1,A,SLPMM,Sun Life Phils - Money Market Fund
2009-09-23,1.0466,true,2009-09-22,1.8391,1.1501,Money Market,PHP,N,1,A,SLPMM,Sun Life Phils - Money Market Fund
2009-09-22,1.0466,true,2009-09-21,1.849,1.1501,Money Market,PHP,N,1,A,SLPMM,Sun Life Phils - Money Market Fund
2009-09-18,1.0465,true,2009-09-17,1.8591,1.1404,Money Market,PHP,N,1,A,SLPMM,Sun Life Phils - Money Market Fund
2009-09-17,1.0464,true,2009-09-16,1.8493,1.1308,Money Market,PHP,N,1,A,SLPMM,Sun Life Phils - Money Market Fund
2009-09-16,1.0464,true,2009-09-15,1.8592,1.1308,Money Market,PHP,N,1,A,SLPMM,Sun Life Phils - Money Market Fund
2009-09-15,1.0464,true,2009-09-14,1.8592,1.1308,Money Market,PHP,N,1,A,SLPMM,Sun Life Phils - Money Market Fund
2009-09-14,1.0463,true,2009-09-13,1.8693,1.1211,Money Market,PHP,N,1,A,SLPMM,Sun Life Phils - Money Market Fund
2009-09-11,1.0462,true,2009-09-10,1.8596,1.1114,Money Market,PHP,N,1,A,SLPMM,Sun Life Phils - Money Market Fund
2009-09-10,1.0462,true,2009-09-09,1.8695,1.1114,Money Market,PHP,N,1,A,SLPMM,Sun Life Phils - Money Market Fund
2009-09-09,1.0462,true,2009-09-08,1.8695,1.1114,Money Market,PHP,N,1,A,SLPMM,Sun Life Phils - Money Market Fund
2009-09-08,1.0461,true,2009-09-07,1.8697,1.1018,Money Market,PHP,N,1,A,SLPMM,Sun Life Phils - Money Market Fund
2009-09-04,1.046,true,2009-09-03,1.8798,1.0921,Money Market,PHP,N,1,A,SLPMM,Sun Life Phils - Money Market Fund
2009-09-03,1.046,true,2009-09-02,1.8798,1.0921,Money Market,PHP,N,1,A,SLPMM,Sun Life Phils - Money Market Fund
2009-09-02,1.0459,true,2009-09-01,1.88,1.0824,Money Market,PHP,N,1,A,SLPMM,Sun Life Phils - Money Market Fund
2009-09-01,1.0459,true,2009-08-31,1.88,1.0824,Money Market,PHP,N,1,A,SLPMM,Sun Life Phils - Money Market Fund
2009-08-28,1.0458,true,2009-08-27,1.8901,1.0728,Money Market,PHP,N,1,A,SLPMM,Sun Life Phils - Money Market Fund
2009-08-27,1.0458,true,2009-08-26,1.8901,1.0728,Money Market,PHP,N,1,A,SLPMM,Sun Life Phils - Money Market Fund
2009-08-26,1.0457,true,2009-08-25,1.8903,1.0631,Money Market,PHP,N,1,A,SLPMM,Sun Life Phils - Money Market Fund
2009-08-25,1.0457,true,2009-08-24,1.9101,1.0631,Money Market,PHP,N,1,A,SLPMM,Sun Life Phils - Money Market Fund
2009-08-24,1.0457,true,2009-08-23,1.9101,1.0631,Money Market,PHP,N,1,A,SLPMM,Sun Life Phils - Money Market Fund
2009-08-20,1.0455,true,2009-08-19,1.9006,1.0438,Money Market,PHP,N,1,A,SLPMM,Sun Life Phils - Money Market Fund
2009-08-19,1.0455,true,2009-08-18,1.9006,1.0438,Money Market,PHP,N,1,A,SLPMM,Sun Life Phils - Money Market Fund
2009-08-18,1.0455,true,2009-08-17,1.9205,1.0438,Money Market,PHP,N,1,A,SLPMM,Sun Life Phils - Money Market Fund
2009-08-17,1.0454,true,2009-08-16,1.9107,1.0341,Money Market,PHP,N,1,A,SLPMM,Sun Life Phils - Money Market Fund
2009-08-14,1.0453,true,2009-08-13,1.9109,1.0245,Money Market,PHP,N,1,A,SLPMM,Sun Life Phils - Money Market Fund
2009-08-13,1.0453,true,2009-08-12,1.9109,1.0245,Money Market,PHP,N,1,A,SLPMM,Sun Life Phils - Money Market Fund
2009-08-12,1.0452,true,2009-08-11,1.9111,1.0148,Money Market,PHP,N,1,A,SLPMM,Sun Life Phils - Money Market Fund
2009-08-11,1.0452,true,2009-08-10,1.9111,1.0148,Money Market,PHP,N,1,A,SLPMM,Sun Life Phils - Money Market Fund
2009-08-10,1.0452,true,2009-08-09,1.931,1.0148,Money Market,PHP,N,1,A,SLPMM,Sun Life Phils - Money Market Fund
2009-08-07,1.0451,true,2009-08-06,1.9212,1.0051,Money Market,PHP,N,1,A,SLPMM,Sun Life Phils - Money Market Fund
2009-08-06,1.045,true,2009-08-05,1.9214,0.9955,Money Market,PHP,N,1,A,SLPMM,Sun Life Phils - Money Market Fund
2009-08-04,1.045,true,2009-08-03,1.9313,0.9955,Money Market,PHP,N,1,A,SLPMM,Sun Life Phils - Money Market Fund
2009-08-03,1.0449,true,2009-08-02,1.9315,0.9858,Money Market,PHP,N,1,A,SLPMM,Sun Life Phils - Money Market Fund
2009-07-31,1.0448,true,2009-07-30,1.9317,0.9761,Money Market,PHP,N,1,A,SLPMM,Sun Life Phils - Money Market Fund
2009-07-30,1.0448,true,2009-07-29,1.9317,0.9761,Money Market,PHP,N,1,A,SLPMM,Sun Life Phils - Money Market Fund
2009-07-29,1.0447,true,2009-07-28,1.9319,0.9665,Money Market,PHP,N,1,A,SLPMM,Sun Life Phils - Money Market Fund
2009-07-28,1.0447,true,2009-07-27,1.9418,0.9665,Money Market,PHP,N,1,A,SLPMM,Sun Life Phils - Money Market Fund
2009-07-27,1.0447,true,2009-07-26,1.9518,0.9665,Money Market,PHP,N,1,A,SLPMM,Sun Life Phils - Money Market Fund
2009-07-24,1.0446,true,2009-07-23,1.952,0.9568,Money Market,PHP,N,1,A,SLPMM,Sun Life Phils - Money Market Fund
2009-07-23,1.0445,true,2009-07-22,1.9422,0.9471,Money Market,PHP,N,1,A,SLPMM,Sun Life Phils - Money Market Fund
2009-07-22,1.0445,true,2009-07-21,1.9522,0.9471,Money Market,PHP,N,1,A,SLPMM,Sun Life Phils - Money Market Fund
2009-07-21,1.0444,true,2009-07-20,1.9424,0.9375,Money Market,PHP,N,1,A,SLPMM,Sun Life Phils - Money Market Fund
2009-07-20,1.0444,true,2009-07-19,1.9623,0.9375,Money Market,PHP,N,1,A,SLPMM,Sun Life Phils - Money Market Fund
2009-07-17,1.0443,true,2009-07-16,1.9625,0.9278,Money Market,PHP,N,1,A,SLPMM,Sun Life Phils - Money Market Fund
2009-07-16,1.0443,true,2009-07-15,1.9625,0.9278,Money Market,PHP,N,1,A,SLPMM,Sun Life Phils - Money Market Fund
2009-07-15,1.0442,true,2009-07-14,1.9627,0.9181,Money Market,PHP,N,1,A,SLPMM,Sun Life Phils - Money Market Fund
2009-07-14,1.0442,true,2009-07-13,1.9627,0.9181,Money Market,PHP,N,1,A,SLPMM,Sun Life Phils - Money Market Fund
2009-07-13,1.0441,true,2009-07-12,1.9728,0.9085,Money Market,PHP,N,1,A,SLPMM,Sun Life Phils - Money Market Fund
2009-07-10,1.044,true,2009-07-09,1.9631,0.8988,Money Market,PHP,N,1,A,SLPMM,Sun Life Phils - Money Market Fund
2009-07-09,1.044,true,2009-07-08,1.973,0.8988,Money Market,PHP,N,1,A,SLPMM,Sun Life Phils - Money Market Fund
2009-07-08,1.044,true,2009-07-07,1.973,0.8988,Money Market,PHP,N,1,A,SLPMM,Sun Life Phils - Money Market Fund
2009-07-07,1.0439,true,2009-07-06,1.9732,0.8891,Money Market,PHP,N,1,A,SLPMM,Sun Life Phils - Money Market Fund
2009-07-06,1.0439,true,2009-07-05,1.9932,0.8891,Money Market,PHP,N,1,A,SLPMM,Sun Life Phils - Money Market Fund
2009-07-03,1.0438,true,2009-07-02,1.9834,0.8795,Money Market,PHP,N,1,A,SLPMM,Sun Life Phils - Money Market Fund
2009-07-02,1.0437,true,2009-07-01,1.9836,0.8698,Money Market,PHP,N,1,A,SLPMM,Sun Life Phils - Money Market Fund
2009-07-01,1.0437,true,2009-06-30,1.9836,0.8698,Money Market,PHP,N,1,A,SLPMM,Sun Life Phils - Money Market Fund
2009-06-30,1.0436,true,2009-06-29,1.9838,0.8602,Money Market,PHP,N,1,A,SLPMM,Sun Life Phils - Money Market Fund
2009-06-29,1.0436,true,2009-06-28,2.0037,0.8602,Money Market,PHP,N,1,A,SLPMM,Sun Life Phils - Money Market Fund
2009-06-26,1.0435,true,2009-06-25,1.9939,0.8505,Money Market,PHP,N,1,A,SLPMM,Sun Life Phils - Money Market Fund
2009-06-25,1.0435,true,2009-06-24,2.0039,0.8505,Money Market,PHP,N,1,A,SLPMM,Sun Life Phils - Money Market Fund
2009-06-24,1.0435,true,2009-06-23,2.0139,0.8505,Money Market,PHP,N,1,A,SLPMM,Sun Life Phils - Money Market Fund
2009-06-23,1.0434,true,2009-06-22,2.0041,0.8408,Money Market,PHP,N,1,A,SLPMM,Sun Life Phils - Money Market Fund
2009-06-22,1.0434,true,2009-06-21,2.0241,0.8408,Money Market,PHP,N,1,A,SLPMM,Sun Life Phils - Money Market Fund
2009-06-19,1.0433,true,2009-06-18,2.0243,0.8312,Money Market,PHP,N,1,A,SLPMM,Sun Life Phils - Money Market Fund
2009-06-18,1.0433,true,2009-06-17,2.0243,0.8312,Money Market,PHP,N,1,A,SLPMM,Sun Life Phils - Money Market Fund
2009-06-17,1.0433,true,2009-06-16,2.0342,0.8312,Money Market,PHP,N,1,A,SLPMM,Sun Life Phils - Money Market Fund
2009-06-16,1.0432,true,2009-06-15,2.0244,0.8215,Money Market,PHP,N,1,A,SLPMM,Sun Life Phils - Money Market Fund
2009-06-15,1.0432,true,2009-06-14,2.0444,0.8215,Money Market,PHP,N,1,A,SLPMM,Sun Life Phils - Money Market Fund
2009-06-11,1.0431,true,2009-06-10,2.0446,0.8118,Money Market,PHP,N,1,A,SLPMM,Sun Life Phils - Money Market Fund
2009-06-10,1.043,true,2009-06-09,2.0448,0.8022,Money Market,PHP,N,1,A,SLPMM,Sun Life Phils - Money Market Fund
2009-06-09,1.043,true,2009-06-08,2.0648,0.8022,Money Market,PHP,N,1,A,SLPMM,Sun Life Phils - Money Market Fund
2009-06-08,1.043,true,2009-06-07,2.0648,0.8022,Money Market,PHP,N,1,A,SLPMM,Sun Life Phils - Money Market Fund
2009-06-05,1.0429,true,2009-06-04,2.065,0.7925,Money Market,PHP,N,1,A,SLPMM,Sun Life Phils - Money Market Fund
2009-06-04,1.0428,true,2009-06-03,2.0552,0.7828,Money Market,PHP,N,1,A,SLPMM,Sun Life Phils - Money Market Fund
2009-06-03,1.0428,true,2009-06-02,2.0652,0.7828,Money Market,PHP,N,1,A,SLPMM,Sun Life Phils - Money Market Fund
2009-06-02,1.0428,true,2009-06-01,2.0652,0.7828,Money Market,PHP,N,1,A,SLPMM,Sun Life Phils - Money Market Fund
2009-06-01,1.0427,true,2009-05-31,2.3861,0.7732,Money Market,PHP,N,1,A,SLPMM,Sun Life Phils - Money Market Fund
2009-05-29,1.0427,true,2009-05-28,2.0754,0.7732,Money Market,PHP,N,1,A,SLPMM,Sun Life Phils - Money Market Fund
2009-05-28,1.0426,true,2009-05-27,2.0756,0.7635,Money Market,PHP,N,1,A,SLPMM,Sun Life Phils - Money Market Fund
2009-05-27,1.0426,true,2009-05-26,2.0756,0.7635,Money Market,PHP,N,1,A,SLPMM,Sun Life Phils - Money Market Fund
2009-05-26,1.0426,true,2009-05-25,2.0856,0.7635,Money Market,PHP,N,1,A,SLPMM,Sun Life Phils - Money Market Fund
2009-05-25,1.0425,true,2009-05-24,2.0858,0.7538,Money Market,PHP,N,1,A,SLPMM,Sun Life Phils - Money Market Fund
2009-05-22,1.0424,true,2009-05-21,2.086,0.7442,Money Market,PHP,N,1,A,SLPMM,Sun Life Phils - Money Market Fund
2009-05-21,1.0424,true,2009-05-20,2.086,0.7442,Money Market,PHP,N,1,A,SLPMM,Sun Life Phils - Money Market Fund
2009-05-20,1.0424,true,2009-05-19,2.096,0.7442,Money Market,PHP,N,1,A,SLPMM,Sun Life Phils - Money Market Fund
2009-05-19,1.0424,true,2009-05-18,2.096,0.7442,Money Market,PHP,N,1,A,SLPMM,Sun Life Phils - Money Market Fund
2009-05-18,1.0423,true,2009-05-17,2.1062,0.7345,Money Market,PHP,N,1,A,SLPMM,Sun Life Phils - Money Market Fund
2009-05-15,1.0422,true,2009-05-14,2.0964,0.7248,Money Market,PHP,N,1,A,SLPMM,Sun Life Phils - Money Market Fund
2009-05-14,1.0422,true,2009-05-13,2.1064,0.7248,Money Market,PHP,N,1,A,SLPMM,Sun Life Phils - Money Market Fund
2009-05-13,1.0422,true,2009-05-12,2.1164,0.7248,Money Market,PHP,N,1,A,SLPMM,Sun Life Phils - Money Market Fund
2009-05-12,1.0421,true,2009-05-11,2.1066,0.7152,Money Market,PHP,N,1,A,SLPMM,Sun Life Phils - Money Market Fund
2009-05-11,1.0421,true,2009-05-10,2.1266,0.7152,Money Market,PHP,N,1,A,SLPMM,Sun Life Phils - Money Market Fund
2009-05-08,1.042,true,2009-05-07,2.1168,0.7055,Money Market,PHP,N,1,A,SLPMM,Sun Life Phils - Money Market Fund
2009-05-07,1.042,true,2009-05-06,2.1268,0.7055,Money Market,PHP,N,1,A,SLPMM,Sun Life Phils - Money Market Fund
2009-05-06,1.042,true,2009-05-05,2.1268,0.7055,Money Market,PHP,N,1,A,SLPMM,Sun Life Phils - Money Market Fund
2009-05-05,1.0419,true,2009-05-04,2.127,0.6959,Money Market,PHP,N,1,A,SLPMM,Sun Life Phils - Money Market Fund
2009-05-04,1.0419,true,2009-05-03,2.137,0.6959,Money Market,PHP,N,1,A,SLPMM,Sun Life Phils - Money Market Fund
2009-04-30,1.0418,true,2009-04-29,2.1373,0.6862,Money Market,PHP,N,1,A,SLPMM,Sun Life Phils - Money Market Fund
2009-04-29,1.0418,true,2009-04-28,2.1473,0.6862,Money Market,PHP,N,1,A,SLPMM,Sun Life Phils - Money Market Fund
2009-04-28,1.0418,true,2009-04-27,2.1473,0.6862,Money Market,PHP,N,1,A,SLPMM,Sun Life Phils - Money Market Fund
2009-04-27,1.0417,true,2009-04-26,2.1575,0.6765,Money Market,PHP,N,1,A,SLPMM,Sun Life Phils - Money Market Fund
2009-04-24,1.0416,true,2009-04-23,2.1577,0.6669,Money Market,PHP,N,1,A,SLPMM,Sun Life Phils - Money Market Fund
2009-04-23,1.0416,true,2009-04-22,2.1577,0.6669,Money Market,PHP,N,1,A,SLPMM,Sun Life Phils - Money Market Fund
2009-04-22,1.0416,true,2009-04-21,2.1677,0.6669,Money Market,PHP,N,1,A,SLPMM,Sun Life Phils - Money Market Fund
2009-04-21,1.0416,true,2009-04-20,2.1677,0.6669,Money Market,PHP,N,1,A,SLPMM,Sun Life Phils - Money Market Fund
2009-04-20,1.0415,true,2009-04-19,2.178,0.6572,Money Market,PHP,N,1,A,SLPMM,Sun Life Phils - Money Market Fund
2009-04-17,1.0414,true,2009-04-16,2.1682,0.6475,Money Market,PHP,N,1,A,SLPMM,Sun Life Phils - Money Market Fund
2009-04-16,1.0414,true,2009-04-15,2.1782,0.6475,Money Market,PHP,N,1,A,SLPMM,Sun Life Phils - Money Market Fund
2009-04-15,1.0414,true,2009-04-14,2.1782,0.6475,Money Market,PHP,N,1,A,SLPMM,Sun Life Phils - Money Market Fund
2009-04-14,1.0414,true,2009-04-13,2.1882,0.6475,Money Market,PHP,N,1,A,SLPMM,Sun Life Phils - Money Market Fund
2009-04-13,1.0413,true,2009-04-12,2.1884,0.6379,Money Market,PHP,N,1,A,SLPMM,Sun Life Phils - Money Market Fund
2009-04-08,1.0412,true,2009-04-07,2.1987,0.6282,Money Market,PHP,N,1,A,SLPMM,Sun Life Phils - Money Market Fund
2009-04-07,1.0411,true,2009-04-06,2.2189,0.6185,Money Market,PHP,N,1,A,SLPMM,Sun Life Phils - Money Market Fund
2009-04-03,1.041,true,2009-04-02,2.2091,0.6089,Money Market,PHP,N,1,A,SLPMM,Sun Life Phils - Money Market Fund
2009-04-02,1.041,true,2009-04-01,2.2192,0.6089,Money Market,PHP,N,1,A,SLPMM,Sun Life Phils - Money Market Fund
2009-04-01,1.0409,true,2009-03-31,2.2093,0.5992,Money Market,PHP,N,1,A,SLPMM,Sun Life Phils - Money Market Fund
2009-03-31,1.0409,true,2009-03-30,2.2194,0.5992,Money Market,PHP,N,1,A,SLPMM,Sun Life Phils - Money Market Fund
2009-03-30,1.0409,true,2009-03-29,2.2395,0.5992,Money Market,PHP,N,1,A,SLPMM,Sun Life Phils - Money Market Fund
2009-03-27,1.0408,true,2009-03-26,2.2296,0.5895,Money Market,PHP,N,1,A,SLPMM,Sun Life Phils - Money Market Fund
2009-03-26,1.0408,true,2009-03-25,2.2397,0.5895,Money Market,PHP,N,1,A,SLPMM,Sun Life Phils - Money Market Fund
2009-03-25,1.0407,true,2009-03-24,2.2299,0.5799,Money Market,PHP,N,1,A,SLPMM,Sun Life Phils - Money Market Fund
2009-03-24,1.0407,true,2009-03-23,2.2399,0.5799,Money Market,PHP,N,1,A,SLPMM,Sun Life Phils - Money Market Fund
2009-03-23,1.0407,true,2009-03-22,2.27,0.5799,Money Market,PHP,N,1,A,SLPMM,Sun Life Phils - Money Market Fund
2009-03-20,1.0406,true,2009-03-19,2.2602,0.5702,Money Market,PHP,N,1,A,SLPMM,Sun Life Phils - Money Market Fund
2009-03-19,1.0405,true,2009-03-18,2.2504,0.5605,Money Market,PHP,N,1,A,SLPMM,Sun Life Phils - Money Market Fund
2009-03-18,1.0405,true,2009-03-17,2.2604,0.5605,Money Market,PHP,N,1,A,SLPMM,Sun Life Phils - Money Market Fund
2009-03-17,1.0405,true,2009-03-16,2.2604,0.5605,Money Market,PHP,N,1,A,SLPMM,Sun Life Phils - Money Market Fund
2009-03-16,1.0404,true,2009-03-15,2.2707,0.5509,Money Market,PHP,N,1,A,SLPMM,Sun Life Phils - Money Market Fund
2009-03-13,1.0403,true,2009-03-12,2.2709,0.5412,Money Market,PHP,N,1,A,SLPMM,Sun Life Phils - Money Market Fund
2009-03-12,1.0403,true,2009-03-11,2.2709,0.5412,Money Market,PHP,N,1,A,SLPMM,Sun Life Phils - Money Market Fund
2009-03-11,1.0402,true,2009-03-10,2.2712,0.5316,Money Market,PHP,N,1,A,SLPMM,Sun Life Phils - Money Market Fund
2009-03-10,1.0402,true,2009-03-09,2.2712,0.5316,Money Market,PHP,N,1,A,SLPMM,Sun Life Phils - Money Market Fund
2009-03-09,1.0402,true,2009-03-08,2.2913,0.5316,Money Market,PHP,N,1,A,SLPMM,Sun Life Phils - Money Market Fund
2009-03-06,1.04,true,2009-03-05,2.2817,0.5122,Money Market,PHP,N,1,A,SLPMM,Sun Life Phils - Money Market Fund
2009-03-05,1.0399,true,2009-03-04,2.2718,0.5026,Money Market,PHP,N,1,A,SLPMM,Sun Life Phils - Money Market Fund
2009-03-04,1.0398,true,2009-03-03,2.2721,0.4929,Money Market,PHP,N,1,A,SLPMM,Sun Life Phils - Money Market Fund
2009-03-03,1.0397,true,2009-03-02,2.2723,0.4832,Money Market,PHP,N,1,A,SLPMM,Sun Life Phils - Money Market Fund
2009-03-02,1.0397,true,2009-03-01,2.484,0.4832,Money Market,PHP,N,1,A,SLPMM,Sun Life Phils - Money Market Fund
2009-02-27,1.0394,true,2009-02-26,2.273,0.4542,Money Market,PHP,N,1,A,SLPMM,Sun Life Phils - Money Market Fund
2009-02-26,1.0394,true,2009-02-25,2.273,0.4542,Money Market,PHP,N,1,A,SLPMM,Sun Life Phils - Money Market Fund
2009-02-25,1.0393,true,2009-02-24,2.2832,0.4446,Money Market,PHP,N,1,A,SLPMM,Sun Life Phils - Money Market Fund
2009-02-24,1.0392,true,2009-02-23,2.2734,0.4349,Money Market,PHP,N,1,A,SLPMM,Sun Life Phils - Money Market Fund
2009-02-23,1.0392,true,2009-02-22,2.2734,0.4349,Money Market,PHP,N,1,A,SLPMM,Sun Life Phils - Money Market Fund
2009-02-20,1.0389,true,2009-02-19,2.264,0.4059,Money Market,PHP,N,1,A,SLPMM,Sun Life Phils - Money Market Fund
2009-02-19,1.0389,true,2009-02-18,2.264,0.4059,Money Market,PHP,N,1,A,SLPMM,Sun Life Phils - Money Market Fund
2009-02-18,1.0388,true,2009-02-17,2.2642,0.3963,Money Market,PHP,N,1,A,SLPMM,Sun Life Phils - Money Market Fund
2009-02-17,1.0387,true,2009-02-16,2.2745,0.3866,Money Market,PHP,N,1,A,SLPMM,Sun Life Phils - Money Market Fund
2009-02-16,1.0387,true,2009-02-15,2.2745,0.3866,Money Market,PHP,N,1,A,SLPMM,Sun Life Phils - Money Market Fund
2009-02-13,1.0384,true,2009-02-12,2.255,0.3576,Money Market,PHP,N,1,A,SLPMM,Sun Life Phils - Money Market Fund
2009-02-12,1.0384,true,2009-02-11,2.2651,0.3576,Money Market,PHP,N,1,A,SLPMM,Sun Life Phils - Money Market Fund
2009-02-11,1.0383,true,2009-02-10,2.2553,0.3479,Money Market,PHP,N,1,A,SLPMM,Sun Life Phils - Money Market Fund
2009-02-10,1.0382,true,2009-02-09,2.2756,0.3383,Money Market,PHP,N,1,A,SLPMM,Sun Life Phils - Money Market Fund
2009-02-09,1.0382,true,2009-02-08,2.2756,0.3383,Money Market,PHP,N,1,A,SLPMM,Sun Life Phils - Money Market Fund
2009-02-06,1.0379,true,2009-02-05,2.2562,0.3093,Money Market,PHP,N,1,A,SLPMM,Sun Life Phils - Money Market Fund
2009-02-05,1.0379,true,2009-02-04,2.2662,0.3093,Money Market,PHP,N,1,A,SLPMM,Sun Life Phils - Money Market Fund
2009-02-04,1.0378,true,2009-02-03,2.2665,0.2996,Money Market,PHP,N,1,A,SLPMM,Sun Life Phils - Money Market Fund
2009-02-03,1.0377,true,2009-02-02,2.2868,0.2899,Money Market,PHP,N,1,A,SLPMM,Sun Life Phils - Money Market Fund
2009-02-02,1.0376,true,2009-02-01,2.277,0.2803,Money Market,PHP,N,1,A,SLPMM,Sun Life Phils - Money Market Fund
2009-01-30,1.0374,true,2009-01-29,2.2774,0.2609,Money Market,PHP,N,1,A,SLPMM,Sun Life Phils - Money Market Fund
2009-01-29,1.0373,true,2009-01-28,2.2676,0.2513,Money Market,PHP,N,1,A,SLPMM,Sun Life Phils - Money Market Fund
2009-01-28,1.0372,true,2009-01-27,2.2678,0.2416,Money Market,PHP,N,1,A,SLPMM,Sun Life Phils - Money Market Fund
2009-01-27,1.0372,true,2009-01-26,2.288,0.2416,Money Market,PHP,N,1,A,SLPMM,Sun Life Phils - Money Market Fund
2009-01-26,1.0371,true,2009-01-25,2.2781,0.232,Money Market,PHP,N,1,A,SLPMM,Sun Life Phils - Money Market Fund
2009-01-23,1.0369,true,2009-01-22,2.2786,0.2126,Money Market,PHP,N,1,A,SLPMM,Sun Life Phils - Money Market Fund
2009-01-22,1.0368,true,2009-01-21,2.2687,0.203,Money Market,PHP,N,1,A,SLPMM,Sun Life Phils - Money Market Fund
2009-01-21,1.0367,true,2009-01-20,2.2689,0.1933,Money Market,PHP,N,1,A,SLPMM,Sun Life Phils - Money Market Fund
2009-01-20,1.0366,true,2009-01-19,2.2792,0.1836,Money Market,PHP,N,1,A,SLPMM,Sun Life Phils - Money Market Fund
2009-01-19,1.0366,true,2009-01-18,2.2792,0.1836,Money Market,PHP,N,1,A,SLPMM,Sun Life Phils - Money Market Fund
2009-01-16,1.0363,true,2009-01-15,2.2597,0.1546,Money Market,PHP,N,1,A,SLPMM,Sun Life Phils - Money Market Fund
2009-01-15,1.0362,true,2009-01-14,2.2599,0.145,Money Market,PHP,N,1,A,SLPMM,Sun Life Phils - Money Market Fund
2009-01-14,1.0362,true,2009-01-13,2.2599,0.145,Money Market,PHP,N,1,A,SLPMM,Sun Life Phils - Money Market Fund
2009-01-13,1.0362,true,2009-01-12,2.2902,0.145,Money Market,PHP,N,1,A,SLPMM,Sun Life Phils - Money Market Fund
2009-01-12,1.0361,true,2009-01-11,2.2804,0.1353,Money Market,PHP,N,1,A,SLPMM,Sun Life Phils - Money Market Fund
2009-01-09,1.0358,true,2009-01-08,2.2608,0.1063,Money Market,PHP,N,1,A,SLPMM,Sun Life Phils - Money Market Fund
2009-01-08,1.0357,true,2009-01-07,2.2611,0.0966,Money Market,PHP,N,1,A,SLPMM,Sun Life Phils - Money Market Fund
2009-01-07,1.0356,true,2009-01-06,2.2512,0.087,Money Market,PHP,N,1,A,SLPMM,Sun Life Phils - Money Market Fund
2009-01-06,1.0355,true,2009-01-05,2.2615,0.0773,Money Market,PHP,N,1,A,SLPMM,Sun Life Phils - Money Market Fund
2009-01-05,1.0354,true,2009-01-04,2.2516,0.0677,Money Market,PHP,N,1,A,SLPMM,Sun Life Phils - Money Market Fund
2008-12-29,1.0347,true,2008-12-28,2.2229,2.1926,Money Market,PHP,N,1,A,SLPMM,Sun Life Phils - Money Market Fund
2008-12-24,1.0342,true,2008-12-23,2.224,2.1432,Money Market,PHP,N,1,A,SLPMM,Sun Life Phils - Money Market Fund
2008-12-23,1.0341,true,2008-12-22,2.2141,2.1333,Money Market,PHP,N,1,A,SLPMM,Sun Life Phils - Money Market Fund
2008-12-22,1.034,true,2008-12-21,2.2042,2.1235,Money Market,PHP,N,1,A,SLPMM,Sun Life Phils - Money Market Fund
2008-12-19,1.0337,true,2008-12-18,2.1847,2.0938,Money Market,PHP,N,1,A,SLPMM,Sun Life Phils - Money Market Fund
2008-12-18,1.0336,true,2008-12-17,2.1849,2.084,Money Market,PHP,N,1,A,SLPMM,Sun Life Phils - Money Market Fund
2008-12-17,1.0335,true,2008-12-16,2.175,2.0741,Money Market,PHP,N,1,A,SLPMM,Sun Life Phils - Money Market Fund
2008-12-16,1.0334,true,2008-12-15,2.1853,2.0642,Money Market,PHP,N,1,A,SLPMM,Sun Life Phils - Money Market Fund
2008-12-15,1.0333,true,2008-12-14,2.1754,2.0543,Money Market,PHP,N,1,A,SLPMM,Sun Life Phils - Money Market Fund
2008-12-12,1.033,true,2008-12-11,2.1559,2.0247,Money Market,PHP,N,1,A,SLPMM,Sun Life Phils - Money Market Fund
2008-12-11,1.0329,true,2008-12-10,2.1561,2.0148,Money Market,PHP,N,1,A,SLPMM,Sun Life Phils - Money Market Fund
2008-12-10,1.0328,true,2008-12-09,2.1563,2.0049,Money Market,PHP,N,1,A,SLPMM,Sun Life Phils - Money Market Fund
2008-12-09,1.0328,true,2008-12-08,2.1664,2.0049,Money Market,PHP,N,1,A,SLPMM,Sun Life Phils - Money Market Fund
2008-12-08,1.0327,true,2008-12-07,2.1565,1.9951,Money Market,PHP,N,1,A,SLPMM,Sun Life Phils - Money Market Fund
2008-12-05,1.0324,true,2008-12-04,2.147,1.9654,Money Market,PHP,N,1,A,SLPMM,Sun Life Phils - Money Market Fund
2008-12-04,1.0323,true,2008-12-03,2.1371,1.9556,Money Market,PHP,N,1,A,SLPMM,Sun Life Phils - Money Market Fund
2008-12-03,1.0322,true,2008-12-02,2.1373,1.9457,Money Market,PHP,N,1,A,SLPMM,Sun Life Phils - Money Market Fund
2008-12-02,1.0321,true,2008-12-01,2.5333,1.9358,Money Market,PHP,N,1,A,SLPMM,Sun Life Phils - Money Market Fund
2008-11-28,1.0317,true,2008-11-27,2.1182,1.8963,Money Market,PHP,N,1,A,SLPMM,Sun Life Phils - Money Market Fund
2008-11-27,1.0316,true,2008-11-26,2.1184,1.8864,Money Market,PHP,N,1,A,SLPMM,Sun Life Phils - Money Market Fund
2008-11-26,1.0315,true,2008-11-25,2.1186,1.8765,Money Market,PHP,N,1,A,SLPMM,Sun Life Phils - Money Market Fund
2008-11-25,1.0315,true,2008-11-24,2.1287,1.8765,Money Market,PHP,N,1,A,SLPMM,Sun Life Phils - Money Market Fund
2008-11-24,1.0314,true,2008-11-23,2.1188,1.8667,Money Market,PHP,N,1,A,SLPMM,Sun Life Phils - Money Market Fund
2008-11-21,1.0312,true,2008-11-20,2.1192,1.8469,Money Market,PHP,N,1,A,SLPMM,Sun Life Phils - Money Market Fund
2008-11-20,1.0311,true,2008-11-19,2.1093,1.837,Money Market,PHP,N,1,A,SLPMM,Sun Life Phils - Money Market Fund
2008-11-19,1.031,true,2008-11-18,2.1095,1.8272,Money Market,PHP,N,1,A,SLPMM,Sun Life Phils - Money Market Fund
2008-11-18,1.0309,true,2008-11-17,2.1199,1.8173,Money Market,PHP,N,1,A,SLPMM,Sun Life Phils - Money Market Fund
2008-11-17,1.0309,true,2008-11-16,2.1199,1.8173,Money Market,PHP,N,1,A,SLPMM,Sun Life Phils - Money Market Fund
2008-11-14,1.0306,true,2008-11-13,2.1003,1.7877,Money Market,PHP,N,1,A,SLPMM,Sun Life Phils - Money Market Fund
2008-11-13,1.0306,true,2008-11-12,2.1104,1.7877,Money Market,PHP,N,1,A,SLPMM,Sun Life Phils - Money Market Fund
2008-11-12,1.0305,true,2008-11-11,2.1005,1.7778,Money Market,PHP,N,1,A,SLPMM,Sun Life Phils - Money Market Fund
2008-11-11,1.0304,true,2008-11-10,2.1209,1.7679,Money Market,PHP,N,1,A,SLPMM,Sun Life Phils - Money Market Fund
2008-11-10,1.0304,true,2008-11-09,2.1209,1.7679,Money Market,PHP,N,1,A,SLPMM,Sun Life Phils - Money Market Fund
2008-11-07,1.0302,true,2008-11-06,2.1112,1.7481,Money Market,PHP,N,1,A,SLPMM,Sun Life Phils - Money Market Fund
2008-11-06,1.0301,true,2008-11-05,2.1013,1.7383,Money Market,PHP,N,1,A,SLPMM,Sun Life Phils - Money Market Fund
2008-11-05,1.03,true,2008-11-04,2.1015,1.7284,Money Market,PHP,N,1,A,SLPMM,Sun Life Phils - Money Market Fund
2008-11-04,1.0299,true,2008-11-03,2.2944,1.7185,Money Market,PHP,N,1,A,SLPMM,Sun Life Phils - Money Market Fund
2008-11-03,1.0299,true,2008-11-02,2.3046,1.7185,Money Market,PHP,N,1,A,SLPMM,Sun Life Phils - Money Market Fund
2008-10-31,1.0297,true,2008-10-30,2.1021,1.6988,Money Market,PHP,N,1,A,SLPMM,Sun Life Phils - Money Market Fund
2008-10-30,1.0296,true,2008-10-29,2.1023,1.6889,Money Market,PHP,N,1,A,SLPMM,Sun Life Phils - Money Market Fund
2008-10-29,1.0296,true,2008-10-28,2.1327,1.6889,Money Market,PHP,N,1,A,SLPMM,Sun Life Phils - Money Market Fund
2008-10-28,1.0295,true,2008-10-27,2.1228,1.679,Money Market,PHP,N,1,A,SLPMM,Sun Life Phils - Money Market Fund
2008-10-27,1.0294,true,2008-10-26,2.1129,1.6691,Money Market,PHP,N,1,A,SLPMM,Sun Life Phils - Money Market Fund
2008-10-24,1.0293,true,2008-10-23,2.1131,1.6593,Money Market,PHP,N,1,A,SLPMM,Sun Life Phils - Money Market Fund
2008-10-23,1.0292,true,2008-10-22,2.1133,1.6494,Money Market,PHP,N,1,A,SLPMM,Sun Life Phils - Money Market Fund
2008-10-22,1.0291,true,2008-10-21,2.1034,1.6395,Money Market,PHP,N,1,A,SLPMM,Sun Life Phils - Money Market Fund
2008-10-21,1.0291,true,2008-10-20,2.1236,1.6395,Money Market,PHP,N,1,A,SLPMM,Sun Life Phils - Money Market Fund
2008-10-20,1.029,true,2008-10-19,2.1137,1.6296,Money Market,PHP,N,1,A,SLPMM,Sun Life Phils - Money Market Fund
2008-10-17,1.0289,true,2008-10-16,2.1139,1.6198,Money Market,PHP,N,1,A,SLPMM,Sun Life Phils - Money Market Fund
2008-10-16,1.0288,true,2008-10-15,2.1141,1.6099,Money Market,PHP,N,1,A,SLPMM,Sun Life Phils - Money Market Fund
2008-10-15,1.0288,true,2008-10-14,2.1141,1.6099,Money Market,PHP,N,1,A,SLPMM,Sun Life Phils - Money Market Fund
2008-10-14,1.0287,true,2008-10-13,2.1346,1.6,Money Market,PHP,N,1,A,SLPMM,Sun Life Phils - Money Market Fund
2008-10-13,1.0287,true,2008-10-12,2.1346,1.6,Money Market,PHP,N,1,A,SLPMM,Sun Life Phils - Money Market Fund
2008-10-10,1.0285,true,2008-10-09,2.1148,1.5802,Money Market,PHP,N,1,A,SLPMM,Sun Life Phils - Money Market Fund
2008-10-09,1.0285,true,2008-10-08,2.1249,1.5802,Money Market,PHP,N,1,A,SLPMM,Sun Life Phils - Money Market Fund
2008-10-09,1.0285,true,2008-10-08,2.1249,1.5802,Money Market,PHP,N,1,A,SLPMM,Sun Life Phils - Money Market Fund
2008-10-08,1.0284,true,2008-10-07,2.1251,1.5704,Money Market,PHP,N,1,A,SLPMM,Sun Life Phils - Money Market Fund
2008-10-07,1.0284,true,2008-10-06,2.1454,1.5704,Money Market,PHP,N,1,A,SLPMM,Sun Life Phils - Money Market Fund
2008-10-06,1.0283,true,2008-10-05,2.1355,1.5605,Money Market,PHP,N,1,A,SLPMM,Sun Life Phils - Money Market Fund
2008-10-03,1.0282,true,2008-10-02,2.1357,1.5506,Money Market,PHP,N,1,A,SLPMM,Sun Life Phils - Money Market Fund
2008-10-02,1.0281,true,2008-10-01,2.1359,1.5407,Money Market,PHP,N,1,A,SLPMM,Sun Life Phils - Money Market Fund
2008-09-30,1.028,true,2008-09-29,2.1564,1.5309,Money Market,PHP,N,1,A,SLPMM,Sun Life Phils - Money Market Fund
2008-09-29,1.028,true,2008-09-28,2.1564,1.5309,Money Market,PHP,N,1,A,SLPMM,Sun Life Phils - Money Market Fund
2008-09-26,1.0278,true,2008-09-25,2.1467,1.5111,Money Market,PHP,N,1,A,SLPMM,Sun Life Phils - Money Market Fund
2008-09-25,1.0278,true,2008-09-24,2.1467,1.5111,Money Market,PHP,N,1,A,SLPMM,Sun Life Phils - Money Market Fund
2008-09-24,1.0277,true,2008-09-23,2.1469,1.5012,Money Market,PHP,N,1,A,SLPMM,Sun Life Phils - Money Market Fund
2008-09-23,1.0277,true,2008-09-22,2.1672,1.5012,Money Market,PHP,N,1,A,SLPMM,Sun Life Phils - Money Market Fund
2008-09-22,1.0276,true,2008-09-21,2.1573,1.4914,Money Market,PHP,N,1,A,SLPMM,Sun Life Phils - Money Market Fund
2008-09-19,1.0275,true,2008-09-18,2.1676,1.4815,Money Market,PHP,N,1,A,SLPMM,Sun Life Phils - Money Market Fund
2008-09-18,1.0274,true,2008-09-17,2.1577,1.4716,Money Market,PHP,N,1,A,SLPMM,Sun Life Phils - Money Market Fund
2008-09-17,1.0274,true,2008-09-16,2.1679,1.4716,Money Market,PHP,N,1,A,SLPMM,Sun Life Phils - Money Market Fund
2008-09-16,1.0273,true,2008-09-15,2.1782,1.4617,Money Market,PHP,N,1,A,SLPMM,Sun Life Phils - Money Market Fund
2008-09-15,1.0273,true,2008-09-14,2.1782,1.4617,Money Market,PHP,N,1,A,SLPMM,Sun Life Phils - Money Market Fund
2008-09-12,1.0271,true,2008-09-11,2.1685,1.442,Money Market,PHP,N,1,A,SLPMM,Sun Life Phils - Money Market Fund
2008-09-11,1.0271,true,2008-09-10,2.1685,1.442,Money Market,PHP,N,1,A,SLPMM,Sun Life Phils - Money Market Fund
2008-09-10,1.027,true,2008-09-09,2.1687,1.4321,Money Market,PHP,N,1,A,SLPMM,Sun Life Phils - Money Market Fund
2008-09-09,1.027,true,2008-09-08,2.1891,1.4321,Money Market,PHP,N,1,A,SLPMM,Sun Life Phils - Money Market Fund
2008-09-08,1.0269,true,2008-09-07,2.1791,1.4222,Money Market,PHP,N,1,A,SLPMM,Sun Life Phils - Money Market Fund
2008-09-05,1.0268,true,2008-09-04,2.1895,1.4123,Money Market,PHP,N,1,A,SLPMM,Sun Life Phils - Money Market Fund
2008-09-04,1.0267,true,2008-09-03,2.1795,1.4025,Money Market,PHP,N,1,A,SLPMM,Sun Life Phils - Money Market Fund
2008-09-03,1.0267,true,2008-09-02,2.1897,1.4025,Money Market,PHP,N,1,A,SLPMM,Sun Life Phils - Money Market Fund
2008-09-02,1.0266,true,2008-09-01,2.404,1.3926,Money Market,PHP,N,1,A,SLPMM,Sun Life Phils - Money Market Fund
2008-09-01,1.0266,true,2008-08-31,2.4142,1.3926,Money Market,PHP,N,1,A,SLPMM,Sun Life Phils - Money Market Fund
2008-08-29,1.0265,true,2008-08-28,2.2003,1.3827,Money Market,PHP,N,1,A,SLPMM,Sun Life Phils - Money Market Fund
2008-08-28,1.0264,true,2008-08-27,2.2005,1.3728,Money Market,PHP,N,1,A,SLPMM,Sun Life Phils - Money Market Fund
2008-08-27,1.0264,true,2008-08-26,2.2311,1.3728,Money Market,PHP,N,1,A,SLPMM,Sun Life Phils - Money Market Fund
2008-08-26,1.0263,true,2008-08-25,2.2211,1.363,Money Market,PHP,N,1,A,SLPMM,Sun Life Phils - Money Market Fund
2008-08-22,1.0261,true,2008-08-21,2.2216,1.3432,Money Market,PHP,N,1,A,SLPMM,Sun Life Phils - Money Market Fund
2008-08-21,1.0261,true,2008-08-20,2.2216,1.3432,Money Market,PHP,N,1,A,SLPMM,Sun Life Phils - Money Market Fund
2008-08-20,1.026,true,2008-08-19,2.2422,1.3333,Money Market,PHP,N,1,A,SLPMM,Sun Life Phils - Money Market Fund
2008-08-19,1.026,true,2008-08-18,2.2422,1.3333,Money Market,PHP,N,1,A,SLPMM,Sun Life Phils - Money Market Fund
2008-08-15,1.0258,true,2008-08-14,2.2324,1.3136,Money Market,PHP,N,1,A,SLPMM,Sun Life Phils - Money Market Fund
2008-08-14,1.0257,true,2008-08-13,2.2326,1.3037,Money Market,PHP,N,1,A,SLPMM,Sun Life Phils - Money Market Fund
2008-08-13,1.0257,true,2008-08-12,2.2428,1.3037,Money Market,PHP,N,1,A,SLPMM,Sun Life Phils - Money Market Fund
2008-08-12,1.0256,true,2008-08-11,2.2532,1.2938,Money Market,PHP,N,1,A,SLPMM,Sun Life Phils - Money Market Fund
2008-08-11,1.0256,true,2008-08-10,2.2532,1.2938,Money Market,PHP,N,1,A,SLPMM,Sun Life Phils - Money Market Fund
2008-08-08,1.0254,true,2008-08-07,2.2537,1.2741,Money Market,PHP,N,1,A,SLPMM,Sun Life Phils - Money Market Fund
2008-08-07,1.0254,true,2008-08-06,2.2537,1.2741,Money Market,PHP,N,1,A,SLPMM,Sun Life Phils - Money Market Fund
2008-08-06,1.0253,true,2008-08-05,2.2539,1.2642,Money Market,PHP,N,1,A,SLPMM,Sun Life Phils - Money Market Fund
2008-08-05,1.0253,true,2008-08-04,2.2743,1.2642,Money Market,PHP,N,1,A,SLPMM,Sun Life Phils - Money Market Fund
2008-08-04,1.0252,true,2008-08-03,2.2643,1.2543,Money Market,PHP,N,1,A,SLPMM,Sun Life Phils - Money Market Fund
2008-08-01,1.0251,true,2008-07-31,2.2646,1.2444,Money Market,PHP,N,1,A,SLPMM,Sun Life Phils - Money Market Fund
2008-07-31,1.025,true,2008-07-30,2.2648,1.2346,Money Market,PHP,N,1,A,SLPMM,Sun Life Phils - Money Market Fund
2008-07-30,1.025,true,2008-07-29,2.2648,1.2346,Money Market,PHP,N,1,A,SLPMM,Sun Life Phils - Money Market Fund
2008-07-29,1.0249,true,2008-07-28,2.2752,1.2247,Money Market,PHP,N,1,A,SLPMM,Sun Life Phils - Money Market Fund
2008-07-28,1.0248,true,2008-07-27,2.2652,1.2148,Money Market,PHP,N,1,A,SLPMM,Sun Life Phils - Money Market Fund
2008-07-25,1.0247,true,2008-07-24,2.2655,1.2049,Money Market,PHP,N,1,A,SLPMM,Sun Life Phils - Money Market Fund
2008-07-24,1.0246,true,2008-07-23,2.2657,1.1951,Money Market,PHP,N,1,A,SLPMM,Sun Life Phils - Money Market Fund
2008-07-23,1.0246,true,2008-07-22,2.2759,1.1951,Money Market,PHP,N,1,A,SLPMM,Sun Life Phils - Money Market Fund
2008-07-22,1.0245,true,2008-07-21,2.2761,1.1852,Money Market,PHP,N,1,A,SLPMM,Sun Life Phils - Money Market Fund
2008-07-21,1.0245,true,2008-07-20,2.2761,1.1852,Money Market,PHP,N,1,A,SLPMM,Sun Life Phils - Money Market Fund
2008-07-18,1.0243,true,2008-07-17,2.2664,1.1654,Money Market,PHP,N,1,A,SLPMM,Sun Life Phils - Money Market Fund
2008-07-17,1.0242,true,2008-07-16,2.2564,1.1556,Money Market,PHP,N,1,A,SLPMM,Sun Life Phils - Money Market Fund
2008-07-16,1.0242,true,2008-07-15,2.2666,1.1556,Money Market,PHP,N,1,A,SLPMM,Sun Life Phils - Money Market Fund
2008-07-15,1.0241,true,2008-07-14,2.3691,1.1457,Money Market,PHP,N,1,A,SLPMM,Sun Life Phils - Money Market Fund
2008-07-14,1.0241,true,2008-07-13,2.3691,1.1457,Money Market,PHP,N,1,A,SLPMM,Sun Life Phils - Money Market Fund
2008-07-11,1.0239,true,2008-07-10,2.2469,1.1259,Money Market,PHP,N,1,A,SLPMM,Sun Life Phils - Money Market Fund
2008-07-10,1.0239,true,2008-07-09,2.2571,1.1259,Money Market,PHP,N,1,A,SLPMM,Sun Life Phils - Money Market Fund
2008-07-09,1.0238,true,2008-07-08,2.2471,1.116,Money Market,PHP,N,1,A,SLPMM,Sun Life Phils - Money Market Fund
2008-07-08,1.0238,true,2008-07-07,2.2777,1.116,Money Market,PHP,N,1,A,SLPMM,Sun Life Phils - Money Market Fund
2008-07-07,1.0237,true,2008-07-06,2.2677,1.1062,Money Market,PHP,N,1,A,SLPMM,Sun Life Phils - Money Market Fund
2008-07-04,1.0235,true,2008-07-03,2.258,1.0864,Money Market,PHP,N,1,A,SLPMM,Sun Life Phils - Money Market Fund
2008-07-03,1.0235,true,2008-07-02,2.2682,1.0864,Money Market,PHP,N,1,A,SLPMM,Sun Life Phils - Money Market Fund
2008-07-02,1.0234,true,2008-07-01,2.2684,1.0765,Money Market,PHP,N,1,A,SLPMM,Sun Life Phils - Money Market Fund
2008-07-01,1.0234,true,2008-06-30,0.0,1.0765,Money Market,PHP,N,1,A,SLPMM,Sun Life Phils - Money Market Fund
2008-06-30,1.0233,true,2008-06-29,2.2891,1.0667,Money Market,PHP,N,1,A,SLPMM,Sun Life Phils - Money Market Fund
2008-06-27,1.0231,true,2008-06-26,2.2895,1.0469,Money Market,PHP,N,1,A,SLPMM,Sun Life Phils - Money Market Fund
2008-06-26,1.0231,true,2008-06-25,2.31,1.0469,Money Market,PHP,N,1,A,SLPMM,Sun Life Phils - Money Market Fund
2008-06-25,1.023,true,2008-06-24,0.0,1.037,Money Market,PHP,N,1,A,SLPMM,Sun Life Phils - Money Market Fund
2008-06-24,1.0229,true,2008-06-23,0.0,1.0272,Money Market,PHP,N,1,A,SLPMM,Sun Life Phils - Money Market Fund
2008-06-23,1.0229,true,2008-06-22,0.0,1.0272,Money Market,PHP,N,1,A,SLPMM,Sun Life Phils - Money Market Fund
2008-06-20,1.0227,true,2008-06-19,0.0,1.0074,Money Market,PHP,N,1,A,SLPMM,Sun Life Phils - Money Market Fund
2008-06-19,1.0226,true,2008-06-18,0.0,0.9975,Money Market,PHP,N,1,A,SLPMM,Sun Life Phils - Money Market Fund
2008-06-18,1.0226,true,2008-06-17,0.0,0.9975,Money Market,PHP,N,1,A,SLPMM,Sun Life Phils - Money Market Fund
2008-06-17,1.0225,true,2008-06-16,0.0,0.9877,Money Market,PHP,N,1,A,SLPMM,Sun Life Phils - Money Market Fund
2008-06-16,1.0225,true,2008-06-15,0.0,0.9877,Money Market,PHP,N,1,A,SLPMM,Sun Life Phils - Money Market Fund
2008-06-13,1.0223,true,2008-06-12,0.0,0.9679,Money Market,PHP,N,1,A,SLPMM,Sun Life Phils - Money Market Fund
2008-06-12,1.0222,true,2008-06-11,0.0,0.958,Money Market,PHP,N,1,A,SLPMM,Sun Life Phils - Money Market Fund
2008-06-11,1.0222,true,2008-06-10,0.0,0.958,Money Market,PHP,N,1,A,SLPMM,Sun Life Phils - Money Market Fund
2008-06-10,1.0221,true,2008-06-09,0.0,0.9481,Money Market,PHP,N,1,A,SLPMM,Sun Life Phils - Money Market Fund
2008-06-06,1.0219,true,2008-06-05,0.0,0.9284,Money Market,PHP,N,1,A,SLPMM,Sun Life Phils - Money Market Fund
2008-06-05,1.0218,true,2008-06-04,0.0,0.9185,Money Market,PHP,N,1,A,SLPMM,Sun Life Phils - Money Market Fund
2008-06-04,1.0218,true,2008-06-03,0.0,0.9185,Money Market,PHP,N,1,A,SLPMM,Sun Life Phils - Money Market Fund
2008-06-03,1.0217,true,2008-06-02,0.0,0.9086,Money Market,PHP,N,1,A,SLPMM,Sun Life Phils - Money Market Fund
2008-06-02,1.0217,true,2008-06-01,0.0,0.9086,Money Market,PHP,N,1,A,SLPMM,Sun Life Phils - Money Market Fund
2008-05-30,1.0215,true,2008-05-29,0.0,0.8889,Money Market,PHP,N,1,A,SLPMM,Sun Life Phils - Money Market Fund
2008-05-29,1.0215,true,2008-05-28,0.0,0.8889,Money Market,PHP,N,1,A,SLPMM,Sun Life Phils - Money Market Fund
2008-05-28,1.0214,true,2008-05-27,0.0,0.879,Money Market,PHP,N,1,A,SLPMM,Sun Life Phils - Money Market Fund
2008-05-27,1.0214,true,2008-05-26,0.0,0.879,Money Market,PHP,N,1,A,SLPMM,Sun Life Phils - Money Market Fund
2008-05-26,1.0213,true,2008-05-25,0.0,0.8691,Money Market,PHP,N,1,A,SLPMM,Sun Life Phils - Money Market Fund
2008-05-23,1.0212,true,2008-05-22,0.0,0.8593,Money Market,PHP,N,1,A,SLPMM,Sun Life Phils - Money Market Fund
2008-05-22,1.0211,true,2008-05-21,0.0,0.8494,Money Market,PHP,N,1,A,SLPMM,Sun Life Phils - Money Market Fund
2008-05-21,1.0211,true,2008-05-20,0.0,0.8494,Money Market,PHP,N,1,A,SLPMM,Sun Life Phils - Money Market Fund
2008-05-20,1.021,true,2008-05-19,0.0,0.8395,Money Market,PHP,N,1,A,SLPMM,Sun Life Phils - Money Market Fund
2008-05-19,1.021,true,2008-05-18,0.0,0.8395,Money Market,PHP,N,1,A,SLPMM,Sun Life Phils - Money Market Fund
2008-05-16,1.0208,true,2008-05-15,0.0,0.8198,Money Market,PHP,N,1,A,SLPMM,Sun Life Phils - Money Market Fund
2008-05-15,1.0208,true,2008-05-14,0.0,0.8198,Money Market,PHP,N,1,A,SLPMM,Sun Life Phils - Money Market Fund
2008-05-14,1.0207,true,2008-05-13,0.0,0.8099,Money Market,PHP,N,1,A,SLPMM,Sun Life Phils - Money Market Fund
2008-05-13,1.0206,true,2008-05-12,0.0,0.8,Money Market,PHP,N,1,A,SLPMM,Sun Life Phils - Money Market Fund
2008-05-12,1.0206,true,2008-05-11,0.0,0.8,Money Market,PHP,N,1,A,SLPMM,Sun Life Phils - Money Market Fund
2008-05-09,1.0204,true,2008-05-08,0.0,0.7802,Money Market,PHP,N,1,A,SLPMM,Sun Life Phils - Money Market Fund
2008-05-08,1.0204,true,2008-05-07,0.0,0.7802,Money Market,PHP,N,1,A,SLPMM,Sun Life Phils - Money Market Fund
2008-05-07,1.0203,true,2008-05-06,0.0,0.7704,Money Market,PHP,N,1,A,SLPMM,Sun Life Phils - Money Market Fund
2008-05-06,1.0203,true,2008-05-05,0.0,0.7704,Money Market,PHP,N,1,A,SLPMM,Sun Life Phils - Money Market Fund
2008-05-05,1.0202,true,2008-05-04,0.0,0.7605,Money Market,PHP,N,1,A,SLPMM,Sun Life Phils - Money Market Fund
2008-05-02,1.0201,true,2008-05-01,0.0,0.7506,Money Market,PHP,N,1,A,SLPMM,Sun Life Phils - Money Market Fund
2008-04-30,1.02,true,2008-04-29,0.0,0.7407,Money Market,PHP,N,1,A,SLPMM,Sun Life Phils - Money Market Fund
2008-04-29,1.0199,true,2008-04-28,0.0,0.7309,Money Market,PHP,N,1,A,SLPMM,Sun Life Phils - Money Market Fund
2008-04-28,1.0199,true,2008-04-27,0.0,0.7309,Money Market,PHP,N,1,A,SLPMM,Sun Life Phils - Money Market Fund
2008-04-25,1.0197,true,2008-04-24,0.0,0.7111,Money Market,PHP,N,1,A,SLPMM,Sun Life Phils - Money Market Fund
2008-04-24,1.0196,true,2008-04-23,0.0,0.7012,Money Market,PHP,N,1,A,SLPMM,Sun Life Phils - Money Market Fund
2008-04-23,1.0196,true,2008-04-22,0.0,0.7012,Money Market,PHP,N,1,A,SLPMM,Sun Life Phils - Money Market Fund
2008-04-22,1.0195,true,2008-04-21,0.0,0.6914,Money Market,PHP,N,1,A,SLPMM,Sun Life Phils - Money Market Fund
2008-04-21,1.0195,true,2008-04-20,0.0,0.6914,Money Market,PHP,N,1,A,SLPMM,Sun Life Phils - Money Market Fund
2008-04-18,1.0193,true,2008-04-17,0.0,0.6716,Money Market,PHP,N,1,A,SLPMM,Sun Life Phils - Money Market Fund
2008-04-17,1.0193,true,2008-04-16,0.0,0.6716,Money Market,PHP,N,1,A,SLPMM,Sun Life Phils - Money Market Fund
2008-04-16,1.0192,true,2008-04-15,0.0,0.6617,Money Market,PHP,N,1,A,SLPMM,Sun Life Phils - Money Market Fund
2008-04-15,1.0192,true,2008-04-14,0.0,0.6617,Money Market,PHP,N,1,A,SLPMM,Sun Life Phils - Money Market Fund
2008-04-14,1.0191,true,2008-04-13,0.0,0.6519,Money Market,PHP,N,1,A,SLPMM,Sun Life Phils - Money Market Fund
2008-04-11,1.019,true,2008-04-10,0.0,0.642,Money Market,PHP,N,1,A,SLPMM,Sun Life Phils - Money Market Fund
2008-04-10,1.0189,true,2008-04-09,0.0,0.6321,Money Market,PHP,N,1,A,SLPMM,Sun Life Phils - Money Market Fund
2008-04-09,1.0189,true,2008-04-08,0.0,0.6321,Money Market,PHP,N,1,A,SLPMM,Sun Life Phils - Money Market Fund
2008-04-08,1.0188,true,2008-04-07,0.0,0.6222,Money Market,PHP,N,1,A,SLPMM,Sun Life Phils - Money Market Fund
2008-04-04,1.0185,true,2008-04-03,0.0,0.5926,Money Market,PHP,N,1,A,SLPMM,Sun Life Phils - Money Market Fund
2008-04-03,1.0185,true,2008-04-02,0.0,0.5926,Money Market,PHP,N,1,A,SLPMM,Sun Life Phils - Money Market Fund
2008-04-02,1.0184,true,2008-04-01,0.0,0.5827,Money Market,PHP,N,1,A,SLPMM,Sun Life Phils - Money Market Fund
2008-04-01,1.0184,true,2008-03-31,0.0,0.5827,Money Market,PHP,N,1,A,SLPMM,Sun Life Phils - Money Market Fund
2008-03-31,1.0183,true,2008-03-30,0.0,0.5728,Money Market,PHP,N,1,A,SLPMM,Sun Life Phils - Money Market Fund
2008-03-28,1.0181,true,2008-03-27,0.0,0.5531,Money Market,PHP,N,1,A,SLPMM,Sun Life Phils - Money Market Fund
2008-03-27,1.0181,true,2008-03-26,0.0,0.5531,Money Market,PHP,N,1,A,SLPMM,Sun Life Phils - Money Market Fund
2008-03-26,1.018,true,2008-03-25,0.0,0.5432,Money Market,PHP,N,1,A,SLPMM,Sun Life Phils - Money Market Fund
2008-03-25,1.018,true,2008-03-24,0.0,0.5432,Money Market,PHP,N,1,A,SLPMM,Sun Life Phils - Money Market Fund
2008-03-24,1.0179,true,2008-03-23,0.0,0.5333,Money Market,PHP,N,1,A,SLPMM,Sun Life Phils - Money Market Fund
2008-03-19,1.0176,true,2008-03-18,0.0,0.5037,Money Market,PHP,N,1,A,SLPMM,Sun Life Phils - Money Market Fund
2008-03-18,1.0175,true,2008-03-17,0.0,0.4938,Money Market,PHP,N,1,A,SLPMM,Sun Life Phils - Money Market Fund
2008-03-17,1.0175,true,2008-03-16,0.0,0.4938,Money Market,PHP,N,1,A,SLPMM,Sun Life Phils - Money Market Fund
2008-03-14,1.0173,true,2008-03-13,0.0,0.4741,Money Market,PHP,N,1,A,SLPMM,Sun Life Phils - Money Market Fund
2008-03-13,1.0172,true,2008-03-12,0.0,0.4642,Money Market,PHP,N,1,A,SLPMM,Sun Life Phils - Money Market Fund
2008-03-12,1.0172,true,2008-03-11,0.0,0.4642,Money Market,PHP,N,1,A,SLPMM,Sun Life Phils - Money Market Fund
2008-03-11,1.0171,true,2008-03-10,0.0,0.4543,Money Market,PHP,N,1,A,SLPMM,Sun Life Phils - Money Market Fund
2008-03-10,1.0171,true,2008-03-09,0.0,0.4543,Money Market,PHP,N,1,A,SLPMM,Sun Life Phils - Money Market Fund
2008-03-07,1.0169,true,2008-03-06,0.0,0.4346,Money Market,PHP,N,1,A,SLPMM,Sun Life Phils - Money Market Fund
2008-03-06,1.0168,true,2008-03-05,0.0,0.4247,Money Market,PHP,N,1,A,SLPMM,Sun Life Phils - Money Market Fund
2008-03-05,1.0168,true,2008-03-04,0.0,0.4247,Money Market,PHP,N,1,A,SLPMM,Sun Life Phils - Money Market Fund
2008-03-04,1.0167,true,2008-03-03,0.4446,0.0,Money Market,PHP,N,1,A,SLPMM,Sun Life Phils - Money Market Fund
2008-03-03,1.0166,true,2008-03-02,0.0,0.4049,Money Market,PHP,N,1,A,SLPMM,Sun Life Phils - Money Market Fund
2008-02-29,1.0165,true,2008-02-28,0.0,0.0,Money Market,PHP,N,1,A,SLPMM,Sun Life Phils - Money Market Fund
2008-02-28,1.0164,true,2008-02-27,0.0,0.0,Money Market,PHP,N,1,A,SLPMM,Sun Life Phils - Money Market Fund
2008-02-27,1.0163,true,2008-02-26,0.0,0.0,Money Market,PHP,N,1,A,SLPMM,Sun Life Phils - Money Market Fund
2008-02-26,1.0163,true,2008-02-25,0.0,0.0,Money Market,PHP,N,1,A,SLPMM,Sun Life Phils - Money Market Fund
2008-02-22,1.0161,true,2008-02-21,0.0,0.0,Money Market,PHP,N,1,A,SLPMM,Sun Life Phils - Money Market Fund
2008-02-21,1.016,true,2008-02-20,0.0,0.0,Money Market,PHP,N,1,A,SLPMM,Sun Life Phils - Money Market Fund
2008-02-20,1.0159,true,2008-02-19,0.0,0.0,Money Market,PHP,N,1,A,SLPMM,Sun Life Phils - Money Market Fund
2008-02-19,1.0159,true,2008-02-18,0.0,0.0,Money Market,PHP,N,1,A,SLPMM,Sun Life Phils - Money Market Fund
2008-02-18,1.0158,true,2008-02-17,0.0,0.0,Money Market,PHP,N,1,A,SLPMM,Sun Life Phils - Money Market Fund
2008-02-15,1.0156,true,2008-02-14,0.0,0.0,Money Market,PHP,N,1,A,SLPMM,Sun Life Phils - Money Market Fund
2008-02-14,1.0155,true,2008-02-13,0.0,0.0,Money Market,PHP,N,1,A,SLPMM,Sun Life Phils - Money Market Fund
2008-02-13,1.0155,true,2008-02-12,0.0,0.0,Money Market,PHP,N,1,A,SLPMM,Sun Life Phils - Money Market Fund
2008-02-12,1.0154,true,2008-02-11,0.0,0.0,Money Market,PHP,N,1,A,SLPMM,Sun Life Phils - Money Market Fund
2008-02-11,1.0154,true,2008-02-10,0.0,0.0,Money Market,PHP,N,1,A,SLPMM,Sun Life Phils - Money Market Fund
2008-02-08,1.0151,true,2008-02-07,0.0,0.0,Money Market,PHP,N,1,A,SLPMM,Sun Life Phils - Money Market Fund
2008-02-07,1.015,true,2008-02-06,0.0,0.0,Money Market,PHP,N,1,A,SLPMM,Sun Life Phils - Money Market Fund
2008-02-06,1.015,true,2008-02-05,0.0,0.0,Money Market,PHP,N,1,A,SLPMM,Sun Life Phils - Money Market Fund
2008-02-05,1.0149,true,2008-02-04,0.0,0.0,Money Market,PHP,N,1,A,SLPMM,Sun Life Phils - Money Market Fund
2008-02-04,1.0148,true,2008-02-03,0.0,0.0,Money Market,PHP,N,1,A,SLPMM,Sun Life Phils - Money Market Fund
2008-02-01,1.0145,true,2008-01-31,0.0,0.0,Money Market,PHP,N,1,A,SLPMM,Sun Life Phils - Money Market Fund
2008-01-31,1.0144,true,2008-01-30,0.0,0.0,Money Market,PHP,N,1,A,SLPMM,Sun Life Phils - Money Market Fund
2008-01-30,1.0143,true,2008-01-29,0.0,0.0,Money Market,PHP,N,1,A,SLPMM,Sun Life Phils - Money Market Fund
2008-01-29,1.0143,true,2008-01-28,0.0,0.0,Money Market,PHP,N,1,A,SLPMM,Sun Life Phils - Money Market Fund
2008-01-28,1.0142,true,2008-01-27,0.0,0.0,Money Market,PHP,N,1,A,SLPMM,Sun Life Phils - Money Market Fund
2008-01-25,1.014,true,2008-01-24,0.0,0.0,Money Market,PHP,N,1,A,SLPMM,Sun Life Phils - Money Market Fund
2008-01-24,1.0139,true,2008-01-23,0.0,0.0,Money Market,PHP,N,1,A,SLPMM,Sun Life Phils - Money Market Fund
2008-01-23,1.0138,true,2008-01-22,0.0,0.0,Money Market,PHP,N,1,A,SLPMM,Sun Life Phils - Money Market Fund
2008-01-22,1.0138,true,2008-01-21,0.0,0.0,Money Market,PHP,N,1,A,SLPMM,Sun Life Phils - Money Market Fund
2008-01-21,1.0137,true,2008-01-20,0.0,0.0,Money Market,PHP,N,1,A,SLPMM,Sun Life Phils - Money Market Fund
2008-01-18,1.0135,true,2008-01-17,0.0,0.0,Money Market,PHP,N,1,A,SLPMM,Sun Life Phils - Money Market Fund
2008-01-17,1.0135,true,2008-01-16,0.0,0.0,Money Market,PHP,N,1,A,SLPMM,Sun Life Phils - Money Market Fund
2008-01-16,1.0134,true,2008-01-15,0.0,0.0,Money Market,PHP,N,1,A,SLPMM,Sun Life Phils - Money Market Fund
2008-01-15,1.0133,true,2008-01-14,0.0,0.0,Money Market,PHP,N,1,A,SLPMM,Sun Life Phils - Money Market Fund
2008-01-14,1.0133,true,2008-01-13,0.0,0.0,Money Market,PHP,N,1,A,SLPMM,Sun Life Phils - Money Market Fund
2008-01-11,1.013,true,2008-01-10,0.0,0.0,Money Market,PHP,N,1,A,SLPMM,Sun Life Phils - Money Market Fund
2008-01-10,1.013,true,2008-01-09,0.0,0.0,Money Market,PHP,N,1,A,SLPMM,Sun Life Phils - Money Market Fund
2008-01-09,1.0129,true,2008-01-08,0.0,0.0,Money Market,PHP,N,1,A,SLPMM,Sun Life Phils - Money Market Fund
2008-01-08,1.0128,true,2008-01-07,0.0,0.0,Money Market,PHP,N,1,A,SLPMM,Sun Life Phils - Money Market Fund
2008-01-07,1.0128,true,2008-01-06,0.0,0.0,Money Market,PHP,N,1,A,SLPMM,Sun Life Phils - Money Market Fund
2008-01-04,1.0126,true,2008-01-03,0.0,0.0,Money Market,PHP,N,1,A,SLPMM,Sun Life Phils - Money Market Fund
2008-01-03,1.0125,true,2008-01-02,0.0,0.0,Money Market,PHP,N,1,A,SLPMM,Sun Life Phils - Money Market Fund
2008-01-02,1.0125,true,2008-01-01,0.0,0.0,Money Market,PHP,N,1,A,SLPMM,Sun Life Phils - Money Market Fund
2007-12-31,1.0125,true,2007-12-30,0.0,0.0,Money Market,PHP,N,1,A,SLPMM,Sun Life Phils - Money Market Fund
2007-12-28,1.0122,true,2007-12-27,0.0,0.0,Money Market,PHP,N,1,A,SLPMM,Sun Life Phils - Money Market Fund
2007-12-27,1.0121,true,2007-12-26,0.0,0.0,Money Market,PHP,N,1,A,SLPMM,Sun Life Phils - Money Market Fund
2007-12-26,1.012,true,2007-12-25,0.0,0.0,Money Market,PHP,N,1,A,SLPMM,Sun Life Phils - Money Market Fund
2007-12-21,1.0117,true,2007-12-20,0.0,0.0,Money Market,PHP,N,1,A,SLPMM,Sun Life Phils - Money Market Fund
2007-12-20,1.0117,true,2007-12-19,0.0,0.0,Money Market,PHP,N,1,A,SLPMM,Sun Life Phils - Money Market Fund
2007-12-19,1.0116,true,2007-12-18,0.0,0.0,Money Market,PHP,N,1,A,SLPMM,Sun Life Phils - Money Market Fund
2007-12-18,1.0115,true,2007-12-17,0.0,0.0,Money Market,PHP,N,1,A,SLPMM,Sun Life Phils - Money Market Fund
2007-12-17,1.0115,true,2007-12-16,0.0,0.0,Money Market,PHP,N,1,A,SLPMM,Sun Life Phils - Money Market Fund
2007-12-14,1.0113,true,2007-12-13,0.0,0.0,Money Market,PHP,N,1,A,SLPMM,Sun Life Phils - Money Market Fund
2007-12-13,1.0112,true,2007-12-12,0.0,0.0,Money Market,PHP,N,1,A,SLPMM,Sun Life Phils - Money Market Fund
2007-12-12,1.0112,true,2007-12-11,0.0,0.0,Money Market,PHP,N,1,A,SLPMM,Sun Life Phils - Money Market Fund
2007-12-11,1.0111,true,2007-12-10,0.0,0.0,Money Market,PHP,N,1,A,SLPMM,Sun Life Phils - Money Market Fund
2007-12-10,1.011,true,2007-12-09,0.0,0.0,Money Market,PHP,N,1,A,SLPMM,Sun Life Phils - Money Market Fund
2007-12-07,1.0109,true,2007-12-06,0.0,0.0,Money Market,PHP,N,1,A,SLPMM,Sun Life Phils - Money Market Fund
2007-12-06,1.0108,true,2007-12-05,0.0,0.0,Money Market,PHP,N,1,A,SLPMM,Sun Life Phils - Money Market Fund
2007-12-05,1.0107,true,2007-12-04,0.0,0.0,Money Market,PHP,N,1,A,SLPMM,Sun Life Phils - Money Market Fund
2007-12-04,1.0107,true,2007-12-03,0.0,0.0,Money Market,PHP,N,1,A,SLPMM,Sun Life Phils - Money Market Fund
2007-12-03,1.0106,true,2007-12-02,0.0,0.0,Money Market,PHP,N,1,A,SLPMM,Sun Life Phils - Money Market Fund
2007-11-29,1.0103,true,2007-11-28,0.0,0.0,Money Market,PHP,N,1,A,SLPMM,Sun Life Phils - Money Market Fund
2007-11-28,1.0103,true,2007-11-27,0.0,0.0,Money Market,PHP,N,1,A,SLPMM,Sun Life Phils - Money Market Fund
2007-11-27,1.0102,true,2007-11-26,0.0,0.0,Money Market,PHP,N,1,A,SLPMM,Sun Life Phils - Money Market Fund
2007-11-26,1.0101,true,2007-11-25,0.0,0.0,Money Market,PHP,N,1,A,SLPMM,Sun Life Phils - Money Market Fund
2007-11-23,1.01,true,2007-11-22,0.0,0.0,Money Market,PHP,N,1,A,SLPMM,Sun Life Phils - Money Market Fund
2007-11-22,1.0099,true,2007-11-21,0.0,0.0,Money Market,PHP,N,1,A,SLPMM,Sun Life Phils - Money Market Fund
2007-11-21,1.0098,true,2007-11-20,0.0,0.0,Money Market,PHP,N,1,A,SLPMM,Sun Life Phils - Money Market Fund
2007-11-20,1.0098,true,2007-11-19,0.0,0.0,Money Market,PHP,N,1,A,SLPMM,Sun Life Phils - Money Market Fund
2007-11-19,1.0097,true,2007-11-18,0.0,0.0,Money Market,PHP,N,1,A,SLPMM,Sun Life Phils - Money Market Fund
2007-11-16,1.0095,true,2007-11-15,0.0,0.0,Money Market,PHP,N,1,A,SLPMM,Sun Life Phils - Money Market Fund
2007-11-15,1.0095,true,2007-11-14,0.0,0.0,Money Market,PHP,N,1,A,SLPMM,Sun Life Phils - Money Market Fund
2007-11-14,1.0094,true,2007-11-13,0.0,0.0,Money Market,PHP,N,1,A,SLPMM,Sun Life Phils - Money Market Fund
2007-11-13,1.0093,true,2007-11-12,0.0,0.0,Money Market,PHP,N,1,A,SLPMM,Sun Life Phils - Money Market Fund
2007-11-12,1.0093,true,2007-11-11,0.0,0.0,Money Market,PHP,N,1,A,SLPMM,Sun Life Phils - Money Market Fund
2007-11-09,1.009,true,2007-11-08,0.0,0.0,Money Market,PHP,N,1,A,SLPMM,Sun Life Phils - Money Market Fund
2007-11-08,1.009,true,2007-11-07,0.0,0.0,Money Market,PHP,N,1,A,SLPMM,Sun Life Phils - Money Market Fund
2007-11-07,1.0089,true,2007-11-06,0.0,0.0,Money Market,PHP,N,1,A,SLPMM,Sun Life Phils - Money Market Fund
2007-11-06,1.0089,true,2007-11-05,0.0,0.0,Money Market,PHP,N,1,A,SLPMM,Sun Life Phils - Money Market Fund
2007-11-05,1.0088,true,2007-11-04,0.0,0.0,Money Market,PHP,N,1,A,SLPMM,Sun Life Phils - Money Market Fund
2007-10-31,1.0085,true,2007-10-30,0.0,0.0,Money Market,PHP,N,1,A,SLPMM,Sun Life Phils - Money Market Fund
2007-10-31,1.0085,true,2007-10-30,0.0,0.0,Money Market,PHP,N,1,A,SLPMM,Sun Life Phils - Money Market Fund
2007-10-30,1.0084,true,2007-10-29,0.0,0.0,Money Market,PHP,N,1,A,SLPMM,Sun Life Phils - Money Market Fund
2007-10-26,1.0081,true,2007-10-25,0.0,0.0,Money Market,PHP,N,1,A,SLPMM,Sun Life Phils - Money Market Fund
2007-10-26,1.0081,true,2007-10-25,0.0,0.0,Money Market,PHP,N,1,A,SLPMM,Sun Life Phils - Money Market Fund
2007-10-25,1.0081,true,2007-10-24,0.0,0.0,Money Market,PHP,N,1,A,SLPMM,Sun Life Phils - Money Market Fund
2007-10-24,1.008,true,2007-10-23,0.0,0.0,Money Market,PHP,N,1,A,SLPMM,Sun Life Phils - Money Market Fund
2007-10-23,1.0079,true,2007-10-22,0.0,0.0,Money Market,PHP,N,1,A,SLPMM,Sun Life Phils - Money Market Fund
2007-10-22,1.0079,true,2007-10-21,0.0,0.0,Money Market,PHP,N,1,A,SLPMM,Sun Life Phils - Money Market Fund
2007-10-22,1.0077,true,2007-10-18,0.0,0.0,Money Market,PHP,N,1,A,SLPMM,Sun Life Phils - Money Market Fund
2007-10-19,1.0077,true,2007-10-17,0.0,0.0,Money Market,PHP,N,1,A,SLPMM,Sun Life Phils - Money Market Fund
2007-10-19,1.0077,true,2007-10-17,0.0,0.0,Money Market,PHP,N,1,A,SLPMM,Sun Life Phils - Money Market Fund
2007-10-19,1.0077,true,2007-10-18,0.0,0.0,Money Market,PHP,N,1,A,SLPMM,Sun Life Phils - Money Market Fund
2007-10-17,1.0076,true,2007-10-16,0.0,0.0,Money Market,PHP,N,1,A,SLPMM,Sun Life Phils - Money Market Fund
2007-10-16,1.0075,true,2007-10-15,0.0,0.0,Money Market,PHP,N,1,A,SLPMM,Sun Life Phils - Money Market Fund
2007-10-15,1.0075,true,2007-10-14,0.0,0.0,Money Market,PHP,N,1,A,SLPMM,Sun Life Phils - Money Market Fund
2007-10-15,1.0072,true,2007-10-10,0.0,0.0,Money Market,PHP,N,1,A,SLPMM,Sun Life Phils - Money Market Fund
2007-10-10,1.0072,true,2007-10-09,0.0,0.0,Money Market,PHP,N,1,A,SLPMM,Sun Life Phils - Money Market Fund
2007-10-09,1.0071,true,2007-10-08,0.0,0.0,Money Market,PHP,N,1,A,SLPMM,Sun Life Phils - Money Market Fund
2007-10-08,1.007,true,2007-10-07,0.0,0.0,Money Market,PHP,N,1,A,SLPMM,Sun Life Phils - Money Market Fund
2007-10-08,1.0068,true,2007-10-04,0.0,0.0,Money Market,PHP,N,1,A,SLPMM,Sun Life Phils - Money Market Fund
2007-10-04,1.0068,true,2007-10-03,0.0,0.0,Money Market,PHP,N,1,A,SLPMM,Sun Life Phils - Money Market Fund
2007-10-03,1.0067,true,2007-10-02,0.0,0.0,Money Market,PHP,N,1,A,SLPMM,Sun Life Phils - Money Market Fund
2007-10-03,1.0066,true,2007-10-01,0.0,0.0,Money Market,PHP,N,1,A,SLPMM,Sun Life Phils - Money Market Fund
2007-10-02,1.0066,true,2007-09-30,0.0,0.0,Money Market,PHP,N,1,A,SLPMM,Sun Life Phils - Money Market Fund
2007-10-02,1.0066,true,2007-10-01,0.0,0.0,Money Market,PHP,N,1,A,SLPMM,Sun Life Phils - Money Market Fund
2007-10-01,1.0064,true,2007-09-27,0.0,0.0,Money Market,PHP,N,1,A,SLPMM,Sun Life Phils - Money Market Fund
2007-10-01,1.0066,true,2007-09-30,0.0,0.0,Money Market,PHP,N,1,A,SLPMM,Sun Life Phils - Money Market Fund
2007-09-27,1.0063,true,2007-09-26,0.0,0.0,Money Market,PHP,N,1,A,SLPMM,Sun Life Phils - Money Market Fund
2007-09-26,1.0062,true,2007-09-25,0.0,0.0,Money Market,PHP,N,1,A,SLPMM,Sun Life Phils - Money Market Fund
2007-09-25,1.0062,true,2007-09-24,0.0,0.0,Money Market,PHP,N,1,A,SLPMM,Sun Life Phils - Money Market Fund
2007-09-24,1.0061,true,2007-09-23,0.0,0.0,Money Market,PHP,N,1,A,SLPMM,Sun Life Phils - Money Market Fund
2007-09-21,1.0059,true,2007-09-20,0.0,0.0,Money Market,PHP,N,1,A,SLPMM,Sun Life Phils - Money Market Fund
2007-09-20,1.0058,true,2007-09-19,0.0,0.0,Money Market,PHP,N,1,A,SLPMM,Sun Life Phils - Money Market Fund
2007-09-20,1.0058,true,2007-09-18,0.0,0.0,Money Market,PHP,N,1,A,SLPMM,Sun Life Phils - Money Market Fund
2007-09-20,1.0058,true,2007-09-18,0.0,0.0,Money Market,PHP,N,1,A,SLPMM,Sun Life Phils - Money Market Fund
2007-09-18,1.0057,true,2007-09-17,0.0,0.0,Money Market,PHP,N,1,A,SLPMM,Sun Life Phils - Money Market Fund
2007-09-17,1.0054,true,2007-09-13,0.0,0.0,Money Market,PHP,N,1,A,SLPMM,Sun Life Phils - Money Market Fund
2007-09-17,1.0056,true,2007-09-16,0.0,0.0,Money Market,PHP,N,1,A,SLPMM,Sun Life Phils - Money Market Fund
2007-09-13,1.0054,true,2007-09-12,0.0,0.0,Money Market,PHP,N,1,A,SLPMM,Sun Life Phils - Money Market Fund
2007-09-12,1.0053,true,2007-09-11,0.0,0.0,Money Market,PHP,N,1,A,SLPMM,Sun Life Phils - Money Market Fund
2007-09-11,1.0053,true,2007-09-10,0.0,0.0,Money Market,PHP,N,1,A,SLPMM,Sun Life Phils - Money Market Fund
2007-09-10,1.0052,true,2007-09-09,0.0,0.0,Money Market,PHP,N,1,A,SLPMM,Sun Life Phils - Money Market Fund
2007-09-07,1.005,true,2007-09-06,0.0,0.0,Money Market,PHP,N,1,A,SLPMM,Sun Life Phils - Money Market Fund
2007-09-06,1.0049,true,2007-09-05,0.0,0.0,Money Market,PHP,N,1,A,SLPMM,Sun Life Phils - Money Market Fund
2007-09-05,1.0048,true,2007-09-04,0.0,0.0,Money Market,PHP,N,1,A,SLPMM,Sun Life Phils - Money Market Fund
2007-09-04,1.0048,true,2007-09-03,0.0,0.0,Money Market,PHP,N,1,A,SLPMM,Sun Life Phils - Money Market Fund
2007-09-04,1.0048,true,2007-09-03,0.0,0.0,Money Market,PHP,N,1,A,SLPMM,Sun Life Phils - Money Market Fund
2007-09-03,1.0047,true,2007-09-02,0.0,0.0,Money Market,PHP,N,1,A,SLPMM,Sun Life Phils - Money Market Fund
2007-08-31,1.0045,true,2007-08-30,0.0,0.0,Money Market,PHP,N,1,A,SLPMM,Sun Life Phils - Money Market Fund
2007-08-30,1.0044,true,2007-08-29,0.0,0.0,Money Market,PHP,N,1,A,SLPMM,Sun Life Phils - Money Market Fund
2007-08-29,1.0044,true,2007-08-28,0.0,0.0,Money Market,PHP,N,1,A,SLPMM,Sun Life Phils - Money Market Fund
2007-08-28,1.0043,true,2007-08-27,0.0,0.0,Money Market,PHP,N,1,A,SLPMM,Sun Life Phils - Money Market Fund
2007-08-24,1.004,true,2007-08-23,0.0,0.0,Money Market,PHP,N,1,A,SLPMM,Sun Life Phils - Money Market Fund
2007-08-23,1.0039,true,2007-08-22,0.0,0.0,Money Market,PHP,N,1,A,SLPMM,Sun Life Phils - Money Market Fund
2007-08-22,1.0038,true,2007-08-21,0.0,0.0,Money Market,PHP,N,1,A,SLPMM,Sun Life Phils - Money Market Fund
2007-08-21,1.0038,true,2007-08-20,0.0,0.0,Money Market,PHP,N,1,A,SLPMM,Sun Life Phils - Money Market Fund
2007-08-17,1.0035,true,2007-08-16,0.0,0.0,Money Market,PHP,N,1,A,SLPMM,Sun Life Phils - Money Market Fund
2007-08-16,1.0034,true,2007-08-15,0.0,0.0,Money Market,PHP,N,1,A,SLPMM,Sun Life Phils - Money Market Fund
2007-08-15,1.0034,true,2007-08-14,0.0,0.0,Money Market,PHP,N,1,A,SLPMM,Sun Life Phils - Money Market Fund
2007-08-14,1.0033,true,2007-08-13,0.0,0.0,Money Market,PHP,N,1,A,SLPMM,Sun Life Phils - Money Market Fund
2007-08-13,1.0032,true,2007-08-12,0.0,0.0,Money Market,PHP,N,1,A,SLPMM,Sun Life Phils - Money Market Fund
2007-08-10,1.003,true,2007-08-09,0.0,0.0,Money Market,PHP,N,1,A,SLPMM,Sun Life Phils - Money Market Fund
2007-08-09,1.0029,true,2007-08-08,0.0,0.0,Money Market,PHP,N,1,A,SLPMM,Sun Life Phils - Money Market Fund
2007-08-08,1.0028,true,2007-08-07,0.0,0.0,Money Market,PHP,N,1,A,SLPMM,Sun Life Phils - Money Market Fund
2007-08-07,1.0028,true,2007-08-06,0.0,0.0,Money Market,PHP,N,1,A,SLPMM,Sun Life Phils - Money Market Fund
2007-08-06,1.0027,true,2007-08-05,0.0,0.0,Money Market,PHP,N,1,A,SLPMM,Sun Life Phils - Money Market Fund
2007-08-03,1.0025,true,2007-08-02,0.0,0.0,Money Market,PHP,N,1,A,SLPMM,Sun Life Phils - Money Market Fund
2007-08-02,1.0025,true,2007-08-01,0.0,0.0,Money Market,PHP,N,1,A,SLPMM,Sun Life Phils - Money Market Fund
2007-08-01,1.0024,true,2007-07-31,0.0,0.0,Money Market,PHP,N,1,A,SLPMM,Sun Life Phils - Money Market Fund
2007-07-31,1.0023,true,2007-07-30,0.0,0.0,Money Market,PHP,N,1,A,SLPMM,Sun Life Phils - Money Market Fund
2007-07-30,1.0023,true,2007-07-29,0.0,0.0,Money Market,PHP,N,1,A,SLPMM,Sun Life Phils - Money Market Fund
2007-07-27,1.0021,true,2007-07-26,0.0,0.0,Money Market,PHP,N,1,A,SLPMM,Sun Life Phils - Money Market Fund
2007-07-26,1.002,true,2007-07-25,0.0,0.0,Money Market,PHP,N,1,A,SLPMM,Sun Life Phils - Money Market Fund
2007-07-25,1.002,true,2007-07-24,0.0,0.0,Money Market,PHP,N,1,A,SLPMM,Sun Life Phils - Money Market Fund
2007-07-24,1.0019,true,2007-07-23,0.0,0.0,Money Market,PHP,N,1,A,SLPMM,Sun Life Phils - Money Market Fund
2007-07-23,1.0018,true,2007-07-22,0.0,0.0,Money Market,PHP,N,1,A,SLPMM,Sun Life Phils - Money Market Fund
2007-07-20,1.0017,true,2007-07-20,0.0,0.0,Money Market,PHP,N,1,A,SLPMM,Sun Life Phils - Money Market Fund
2007-07-19,1.0017,true,2007-07-18,0.0,0.0,Money Market,PHP,N,1,A,SLPMM,Sun Life Phils - Money Market Fund
2007-07-17,1.0016,true,2007-07-16,0.0,0.0,Money Market,PHP,N,1,A,SLPMM,Sun Life Phils - Money Market Fund
2007-07-16,1.0015,true,2007-07-15,0.0,0.0,Money Market,PHP,N,1,A,SLPMM,Sun Life Phils - Money Market Fund
2007-07-13,1.0004,true,2007-07-12,0.0,0.0,Money Market,PHP,N,1,A,SLPMM,Sun Life Phils - Money Market Fund
2007-07-12,1.0014,true,2007-07-11,0.0,0.0,Money Market,PHP,N,1,A,SLPMM,Sun Life Phils - Money Market Fund
2007-07-11,1.0014,true,2007-07-10,0.0,0.0,Money Market,PHP,N,1,A,SLPMM,Sun Life Phils - Money Market Fund
2007-07-10,1.0013,true,2007-07-09,0.0,0.0,Money Market,PHP,N,1,A,SLPMM,Sun Life Phils - Money Market Fund
2007-07-09,1.0013,true,2007-07-08,0.0,0.0,Money Market,PHP,N,1,A,SLPMM,Sun Life Phils - Money Market Fund
2007-07-06,1.001,true,2007-07-05,0.0,0.0,Money Market,PHP,N,1,A,SLPMM,Sun Life Phils - Money Market Fund
2007-07-05,1.001,true,2007-07-04,0.0,0.0,Money Market,PHP,N,1,A,SLPMM,Sun Life Phils - Money Market Fund
2007-07-04,1.0009,true,2007-07-03,0.0,0.0,Money Market,PHP,N,1,A,SLPMM,Sun Life Phils - Money Market Fund
2007-07-03,1.0008,true,2007-07-02,0.0,0.0,Money Market,PHP,N,1,A,SLPMM,Sun Life Phils - Money Market Fund
2007-07-02,1.0007,true,2007-07-01,0.0,0.0,Money Market,PHP,N,1,A,SLPMM,Sun Life Phils - Money Market Fund
2007-06-29,1.0004,true,2007-06-28,0.0,0.0,Money Market,PHP,N,1,A,SLPMM,Sun Life Phils - Money Market Fund
2007-06-28,1.0003,true,2007-06-27,0.0,0.0,Money Market,PHP,N,1,A,SLPMM,Sun Life Phils - Money Market Fund
2007-06-27,1.0002,true,2007-06-26,0.0,0.0,Money Market,PHP,N,1,A,SLPMM,Sun Life Phils - Money Market Fund
2007-06-26,1.0,true,2007-06-25,0.0,0.0,Money Market,PHP,N,1,A,SLPMM,Sun Life Phils - Money Market Fund
