fundDate,fundVal,readFlag,ingeniumDate,fundYoyVal,fundYtdVal,fundDesc,fundCurrency,weekly,risk,status,fundCode,fundName
2021-09-24,2.7925,true,2021-09-23,6.4012,-0.8169,MyFuture 2025,PHP,N,6,A,TDF25,Sun Life Phils - Peso MyFuture 2025
2021-09-23,2.7909,true,2021-09-22,6.0695,-0.8737,MyFuture 2025,PHP,N,6,A,TDF25,Sun Life Phils - Peso MyFuture 2025
2021-09-22,2.7898,true,2021-09-21,6.1245,-0.9128,MyFuture 2025,PHP,N,6,A,TDF25,Sun Life Phils - Peso MyFuture 2025
2021-09-21,2.7891,true,2021-09-20,5.9769,-0.9377,MyFuture 2025,PHP,N,6,A,TDF25,Sun Life Phils - Peso MyFuture 2025
2021-09-20,2.787,true,2021-09-19,5.8287,-1.0123,MyFuture 2025,PHP,N,6,A,TDF25,Sun Life Phils - Peso MyFuture 2025
2021-09-17,2.7926,true,2021-09-16,5.8525,-0.8134,MyFuture 2025,PHP,N,6,A,TDF25,Sun Life Phils - Peso MyFuture 2025
2021-09-16,2.7982,true,2021-09-15,6.0446,-0.6145,MyFuture 2025,PHP,N,6,A,TDF25,Sun Life Phils - Peso MyFuture 2025
2021-09-15,2.7892,true,2021-09-14,5.3204,-0.9341,MyFuture 2025,PHP,N,6,A,TDF25,Sun Life Phils - Peso MyFuture 2025
2021-09-14,2.7933,true,2021-09-13,5.4155,-0.7885,MyFuture 2025,PHP,N,6,A,TDF25,Sun Life Phils - Peso MyFuture 2025
2021-09-13,2.7981,true,2021-09-12,5.7004,-0.618,MyFuture 2025,PHP,N,6,A,TDF25,Sun Life Phils - Peso MyFuture 2025
2021-09-10,2.7983,true,2021-09-09,5.9039,-0.6109,MyFuture 2025,PHP,N,6,A,TDF25,Sun Life Phils - Peso MyFuture 2025
2021-09-09,2.792,true,2021-09-08,5.5457,-0.8347,MyFuture 2025,PHP,N,6,A,TDF25,Sun Life Phils - Peso MyFuture 2025
2021-09-08,2.7946,true,2021-09-07,5.1155,-0.7423,MyFuture 2025,PHP,N,6,A,TDF25,Sun Life Phils - Peso MyFuture 2025
2021-09-07,2.7907,true,2021-09-06,5.4886,-0.8808,MyFuture 2025,PHP,N,6,A,TDF25,Sun Life Phils - Peso MyFuture 2025
2021-09-06,2.7871,true,2021-09-05,6.1833,-1.0087,MyFuture 2025,PHP,N,6,A,TDF25,Sun Life Phils - Peso MyFuture 2025
2021-09-03,2.7889,true,2021-09-02,6.2155,-0.9448,MyFuture 2025,PHP,N,6,A,TDF25,Sun Life Phils - Peso MyFuture 2025
2021-09-02,2.7825,true,2021-09-01,6.1577,-1.1721,MyFuture 2025,PHP,N,6,A,TDF25,Sun Life Phils - Peso MyFuture 2025
2021-09-01,2.7777,true,2021-08-31,5.2279,-1.3426,MyFuture 2025,PHP,N,6,A,TDF25,Sun Life Phils - Peso MyFuture 2025
2021-08-31,2.7849,true,2021-08-30,5.0351,-1.0868,MyFuture 2025,PHP,N,6,A,TDF25,Sun Life Phils - Peso MyFuture 2025
2021-08-27,2.777,true,2021-08-26,4.5046,-1.3674,MyFuture 2025,PHP,N,6,A,TDF25,Sun Life Phils - Peso MyFuture 2025
2021-08-26,2.7769,true,2021-08-25,4.4183,-1.371,MyFuture 2025,PHP,N,6,A,TDF25,Sun Life Phils - Peso MyFuture 2025
2021-08-25,2.7769,true,2021-08-24,4.1364,-1.371,MyFuture 2025,PHP,N,6,A,TDF25,Sun Life Phils - Peso MyFuture 2025
2021-08-24,2.7621,true,2021-08-23,3.6241,-1.8966,MyFuture 2025,PHP,N,6,A,TDF25,Sun Life Phils - Peso MyFuture 2025
2021-08-23,2.7531,true,2021-08-22,2.8773,-2.2163,MyFuture 2025,PHP,N,6,A,TDF25,Sun Life Phils - Peso MyFuture 2025
2021-08-20,2.7614,true,2021-08-19,3.1875,-1.9215,MyFuture 2025,PHP,N,6,A,TDF25,Sun Life Phils - Peso MyFuture 2025
2021-08-19,2.7701,true,2021-08-18,3.3195,-1.6125,MyFuture 2025,PHP,N,6,A,TDF25,Sun Life Phils - Peso MyFuture 2025
2021-08-18,2.7661,true,2021-08-17,2.5735,-1.7546,MyFuture 2025,PHP,N,6,A,TDF25,Sun Life Phils - Peso MyFuture 2025
2021-08-17,2.7551,true,2021-08-16,2.6146,-2.1453,MyFuture 2025,PHP,N,6,A,TDF25,Sun Life Phils - Peso MyFuture 2025
2021-08-16,2.7513,true,2021-08-15,2.4655,-2.2802,MyFuture 2025,PHP,N,6,A,TDF25,Sun Life Phils - Peso MyFuture 2025
2021-08-13,2.73,true,2021-08-12,1.3928,-3.0368,MyFuture 2025,PHP,N,6,A,TDF25,Sun Life Phils - Peso MyFuture 2025
2021-08-12,2.7515,true,2021-08-11,2.6986,-2.2731,MyFuture 2025,PHP,N,6,A,TDF25,Sun Life Phils - Peso MyFuture 2025
2021-08-11,2.763,true,2021-08-10,3.3477,-1.8647,MyFuture 2025,PHP,N,6,A,TDF25,Sun Life Phils - Peso MyFuture 2025
2021-08-10,2.7586,true,2021-08-09,3.2913,-2.021,MyFuture 2025,PHP,N,6,A,TDF25,Sun Life Phils - Peso MyFuture 2025
2021-08-09,2.7596,true,2021-08-08,3.7756,-1.9854,MyFuture 2025,PHP,N,6,A,TDF25,Sun Life Phils - Peso MyFuture 2025
2021-08-06,2.75,true,2021-08-05,3.1198,-2.3264,MyFuture 2025,PHP,N,6,A,TDF25,Sun Life Phils - Peso MyFuture 2025
2021-08-05,2.751,true,2021-08-04,3.6744,-2.2909,MyFuture 2025,PHP,N,6,A,TDF25,Sun Life Phils - Peso MyFuture 2025
2021-08-04,2.7536,true,2021-08-03,4.0862,-2.1985,MyFuture 2025,PHP,N,6,A,TDF25,Sun Life Phils - Peso MyFuture 2025
2021-08-03,2.75,true,2021-08-02,4.2733,-2.3264,MyFuture 2025,PHP,N,6,A,TDF25,Sun Life Phils - Peso MyFuture 2025
2021-08-02,2.733,true,2021-08-01,2.5131,-2.9302,MyFuture 2025,PHP,N,6,A,TDF25,Sun Life Phils - Peso MyFuture 2025
2021-07-30,2.7145,true,2021-07-29,1.8192,-3.5873,MyFuture 2025,PHP,N,6,A,TDF25,Sun Life Phils - Peso MyFuture 2025
2021-07-29,2.7384,true,2021-07-28,2.4697,-2.7384,MyFuture 2025,PHP,N,6,A,TDF25,Sun Life Phils - Peso MyFuture 2025
2021-07-28,2.736,true,2021-07-27,2.6026,-2.8237,MyFuture 2025,PHP,N,6,A,TDF25,Sun Life Phils - Peso MyFuture 2025
2021-07-27,2.7413,true,2021-07-26,3.1572,-2.6354,MyFuture 2025,PHP,N,6,A,TDF25,Sun Life Phils - Peso MyFuture 2025
2021-07-26,2.7258,true,2021-07-25,1.8534,-3.1859,MyFuture 2025,PHP,N,6,A,TDF25,Sun Life Phils - Peso MyFuture 2025
2021-07-23,2.7424,true,2021-07-22,2.3436,-2.5963,MyFuture 2025,PHP,N,6,A,TDF25,Sun Life Phils - Peso MyFuture 2025
2021-07-22,2.7472,true,2021-07-21,2.248,-2.4259,MyFuture 2025,PHP,N,6,A,TDF25,Sun Life Phils - Peso MyFuture 2025
2021-07-21,2.7366,true,2021-07-20,1.4457,-2.8023,MyFuture 2025,PHP,N,6,A,TDF25,Sun Life Phils - Peso MyFuture 2025
2021-07-19,2.7483,true,2021-07-18,2.1103,-2.3868,MyFuture 2025,PHP,N,6,A,TDF25,Sun Life Phils - Peso MyFuture 2025
2021-07-16,2.7595,true,2021-07-15,2.2416,-1.989,MyFuture 2025,PHP,N,6,A,TDF25,Sun Life Phils - Peso MyFuture 2025
2021-07-15,2.7627,true,2021-07-14,2.9322,-1.8753,MyFuture 2025,PHP,N,6,A,TDF25,Sun Life Phils - Peso MyFuture 2025
2021-07-14,2.7753,true,2021-07-13,2.4852,-1.4278,MyFuture 2025,PHP,N,6,A,TDF25,Sun Life Phils - Peso MyFuture 2025
2021-07-13,2.771,true,2021-07-12,2.4475,-1.5805,MyFuture 2025,PHP,N,6,A,TDF25,Sun Life Phils - Peso MyFuture 2025
2021-07-12,2.7841,true,2021-07-11,2.8026,-1.1153,MyFuture 2025,PHP,N,6,A,TDF25,Sun Life Phils - Peso MyFuture 2025
2021-07-09,2.7751,true,2021-07-08,2.5119,-1.4349,MyFuture 2025,PHP,N,6,A,TDF25,Sun Life Phils - Peso MyFuture 2025
2021-07-08,2.7846,true,2021-07-07,2.3825,-1.0975,MyFuture 2025,PHP,N,6,A,TDF25,Sun Life Phils - Peso MyFuture 2025
2021-07-07,2.7865,true,2021-07-06,2.3658,-1.03,MyFuture 2025,PHP,N,6,A,TDF25,Sun Life Phils - Peso MyFuture 2025
2021-07-06,2.7917,true,2021-07-05,2.2638,-0.8453,MyFuture 2025,PHP,N,6,A,TDF25,Sun Life Phils - Peso MyFuture 2025
2021-07-05,2.7963,true,2021-07-04,2.3536,-0.6819,MyFuture 2025,PHP,N,6,A,TDF25,Sun Life Phils - Peso MyFuture 2025
2021-07-02,2.7916,true,2021-07-01,2.4027,-0.8489,MyFuture 2025,PHP,N,6,A,TDF25,Sun Life Phils - Peso MyFuture 2025
2021-07-01,2.7803,true,2021-06-30,2.8446,-1.2502,MyFuture 2025,PHP,N,6,A,TDF25,Sun Life Phils - Peso MyFuture 2025
2021-06-30,2.7733,true,2021-06-29,2.5629,-1.4988,MyFuture 2025,PHP,N,6,A,TDF25,Sun Life Phils - Peso MyFuture 2025
2021-06-29,2.7789,true,2021-06-28,3.3087,-1.2999,MyFuture 2025,PHP,N,6,A,TDF25,Sun Life Phils - Peso MyFuture 2025
2021-06-28,2.7765,true,2021-06-27,3.0624,-1.3852,MyFuture 2025,PHP,N,6,A,TDF25,Sun Life Phils - Peso MyFuture 2025
2021-06-25,2.7765,true,2021-06-24,4.7538,-1.3852,MyFuture 2025,PHP,N,6,A,TDF25,Sun Life Phils - Peso MyFuture 2025
2021-06-24,2.7692,true,2021-06-23,4.262,-1.6445,MyFuture 2025,PHP,N,6,A,TDF25,Sun Life Phils - Peso MyFuture 2025
2021-06-23,2.7722,true,2021-06-22,3.8511,-1.5379,MyFuture 2025,PHP,N,6,A,TDF25,Sun Life Phils - Peso MyFuture 2025
2021-06-22,2.7669,true,2021-06-21,3.4007,-1.7262,MyFuture 2025,PHP,N,6,A,TDF25,Sun Life Phils - Peso MyFuture 2025
2021-06-21,2.7625,true,2021-06-20,2.8941,-1.8824,MyFuture 2025,PHP,N,6,A,TDF25,Sun Life Phils - Peso MyFuture 2025
2021-06-18,2.7616,true,2021-06-17,2.5664,-1.9144,MyFuture 2025,PHP,N,6,A,TDF25,Sun Life Phils - Peso MyFuture 2025
2021-06-17,2.7652,true,2021-06-16,2.9486,-1.7865,MyFuture 2025,PHP,N,6,A,TDF25,Sun Life Phils - Peso MyFuture 2025
2021-06-16,2.7742,true,2021-06-15,3.1723,-1.4669,MyFuture 2025,PHP,N,6,A,TDF25,Sun Life Phils - Peso MyFuture 2025
2021-06-15,2.7745,true,2021-06-14,3.805,-1.4562,MyFuture 2025,PHP,N,6,A,TDF25,Sun Life Phils - Peso MyFuture 2025
2021-06-14,2.7683,true,2021-06-13,1.9519,-1.6764,MyFuture 2025,PHP,N,6,A,TDF25,Sun Life Phils - Peso MyFuture 2025
2021-06-11,2.767,true,2021-06-10,1.904,-1.7226,MyFuture 2025,PHP,N,6,A,TDF25,Sun Life Phils - Peso MyFuture 2025
2021-06-10,2.7631,true,2021-06-09,1.9256,-1.8611,MyFuture 2025,PHP,N,6,A,TDF25,Sun Life Phils - Peso MyFuture 2025
2021-06-09,2.7636,true,2021-06-08,1.0827,-1.8434,MyFuture 2025,PHP,N,6,A,TDF25,Sun Life Phils - Peso MyFuture 2025
2021-06-08,2.7538,true,2021-06-07,1.0828,-2.1914,MyFuture 2025,PHP,N,6,A,TDF25,Sun Life Phils - Peso MyFuture 2025
2021-06-07,2.7483,true,2021-06-06,1.1036,-2.3868,MyFuture 2025,PHP,N,6,A,TDF25,Sun Life Phils - Peso MyFuture 2025
2021-06-04,2.7505,true,2021-06-03,1.021,-2.3086,MyFuture 2025,PHP,N,6,A,TDF25,Sun Life Phils - Peso MyFuture 2025
2021-06-03,2.75,true,2021-06-02,2.5813,-2.3264,MyFuture 2025,PHP,N,6,A,TDF25,Sun Life Phils - Peso MyFuture 2025
2021-06-02,2.7552,true,2021-06-01,3.9228,-2.1417,MyFuture 2025,PHP,N,6,A,TDF25,Sun Life Phils - Peso MyFuture 2025
2021-06-01,2.7326,true,2021-05-31,3.4018,-2.9444,MyFuture 2025,PHP,N,6,A,TDF25,Sun Life Phils - Peso MyFuture 2025
2021-05-31,2.7327,true,2021-05-30,3.8181,-2.9409,MyFuture 2025,PHP,N,6,A,TDF25,Sun Life Phils - Peso MyFuture 2025
2021-05-28,2.7372,true,2021-05-27,5.431,-2.781,MyFuture 2025,PHP,N,6,A,TDF25,Sun Life Phils - Peso MyFuture 2025
2021-05-27,2.7376,true,2021-05-26,5.9935,-2.7668,MyFuture 2025,PHP,N,6,A,TDF25,Sun Life Phils - Peso MyFuture 2025
2021-05-26,2.7052,true,2021-05-25,5.04,-3.9176,MyFuture 2025,PHP,N,6,A,TDF25,Sun Life Phils - Peso MyFuture 2025
2021-05-25,2.6912,true,2021-05-24,4.4599,-4.4148,MyFuture 2025,PHP,N,6,A,TDF25,Sun Life Phils - Peso MyFuture 2025
2021-05-24,2.6881,true,2021-05-23,4.3396,-4.525,MyFuture 2025,PHP,N,6,A,TDF25,Sun Life Phils - Peso MyFuture 2025
2021-05-21,2.6911,true,2021-05-20,4.1286,-4.4184,MyFuture 2025,PHP,N,6,A,TDF25,Sun Life Phils - Peso MyFuture 2025
2021-05-20,2.6906,true,2021-05-19,4.3839,-4.4362,MyFuture 2025,PHP,N,6,A,TDF25,Sun Life Phils - Peso MyFuture 2025
2021-05-19,2.6954,true,2021-05-18,4.749,-4.2657,MyFuture 2025,PHP,N,6,A,TDF25,Sun Life Phils - Peso MyFuture 2025
2021-05-18,2.6924,true,2021-05-17,5.0406,-4.3722,MyFuture 2025,PHP,N,6,A,TDF25,Sun Life Phils - Peso MyFuture 2025
2021-05-17,2.6941,true,2021-05-16,4.7106,-4.3118,MyFuture 2025,PHP,N,6,A,TDF25,Sun Life Phils - Peso MyFuture 2025
2021-05-14,2.6912,true,2021-05-13,3.9917,-4.4148,MyFuture 2025,PHP,N,6,A,TDF25,Sun Life Phils - Peso MyFuture 2025
2021-05-12,2.6876,true,2021-05-11,4.2716,-4.5427,MyFuture 2025,PHP,N,6,A,TDF25,Sun Life Phils - Peso MyFuture 2025
2021-05-11,2.6973,true,2021-05-10,4.587,-4.1982,MyFuture 2025,PHP,N,6,A,TDF25,Sun Life Phils - Peso MyFuture 2025
2021-05-10,2.6964,true,2021-05-09,4.8082,-4.2302,MyFuture 2025,PHP,N,6,A,TDF25,Sun Life Phils - Peso MyFuture 2025
2021-05-07,2.6874,true,2021-05-06,4.1991,-4.5498,MyFuture 2025,PHP,N,6,A,TDF25,Sun Life Phils - Peso MyFuture 2025
2021-05-06,2.6887,true,2021-05-05,4.2536,-4.5036,MyFuture 2025,PHP,N,6,A,TDF25,Sun Life Phils - Peso MyFuture 2025
2021-05-05,2.6901,true,2021-05-04,4.102,-4.4539,MyFuture 2025,PHP,N,6,A,TDF25,Sun Life Phils - Peso MyFuture 2025
2021-05-04,2.6963,true,2021-05-03,5.1763,-4.2337,MyFuture 2025,PHP,N,6,A,TDF25,Sun Life Phils - Peso MyFuture 2025
2021-05-03,2.6973,true,2021-05-02,5.0269,-4.1982,MyFuture 2025,PHP,N,6,A,TDF25,Sun Life Phils - Peso MyFuture 2025
2021-04-30,2.6976,true,2021-04-29,5.0385,-4.1875,MyFuture 2025,PHP,N,6,A,TDF25,Sun Life Phils - Peso MyFuture 2025
2021-04-29,2.7085,true,2021-04-28,5.7677,-3.8004,MyFuture 2025,PHP,N,6,A,TDF25,Sun Life Phils - Peso MyFuture 2025
2021-04-28,2.7065,true,2021-04-27,5.8012,-3.8714,MyFuture 2025,PHP,N,6,A,TDF25,Sun Life Phils - Peso MyFuture 2025
2021-04-27,2.6971,true,2021-04-26,6.3441,-4.2053,MyFuture 2025,PHP,N,6,A,TDF25,Sun Life Phils - Peso MyFuture 2025
2021-04-26,2.7005,true,2021-04-25,6.7687,-4.0845,MyFuture 2025,PHP,N,6,A,TDF25,Sun Life Phils - Peso MyFuture 2025
2021-04-23,2.699,true,2021-04-22,6.3017,-4.1378,MyFuture 2025,PHP,N,6,A,TDF25,Sun Life Phils - Peso MyFuture 2025
2021-04-22,2.6989,true,2021-04-21,6.5538,-4.1414,MyFuture 2025,PHP,N,6,A,TDF25,Sun Life Phils - Peso MyFuture 2025
2021-04-21,2.7079,true,2021-04-20,6.8121,-3.8217,MyFuture 2025,PHP,N,6,A,TDF25,Sun Life Phils - Peso MyFuture 2025
2021-04-20,2.7122,true,2021-04-19,6.053,-3.669,MyFuture 2025,PHP,N,6,A,TDF25,Sun Life Phils - Peso MyFuture 2025
2021-04-19,2.7075,true,2021-04-18,5.6544,-3.8359,MyFuture 2025,PHP,N,6,A,TDF25,Sun Life Phils - Peso MyFuture 2025
2021-04-16,2.7104,true,2021-04-15,8.0185,-3.7329,MyFuture 2025,PHP,N,6,A,TDF25,Sun Life Phils - Peso MyFuture 2025
2021-04-15,2.7138,true,2021-04-14,5.9913,-3.6121,MyFuture 2025,PHP,N,6,A,TDF25,Sun Life Phils - Peso MyFuture 2025
2021-04-14,2.7127,true,2021-04-13,6.8076,-3.6512,MyFuture 2025,PHP,N,6,A,TDF25,Sun Life Phils - Peso MyFuture 2025
2021-04-13,2.7067,true,2021-04-12,7.8023,-3.8643,MyFuture 2025,PHP,N,6,A,TDF25,Sun Life Phils - Peso MyFuture 2025
2021-04-12,2.7135,true,2021-04-11,8.8972,-3.6228,MyFuture 2025,PHP,N,6,A,TDF25,Sun Life Phils - Peso MyFuture 2025
2021-04-08,2.7184,true,2021-04-07,9.0938,-3.4488,MyFuture 2025,PHP,N,6,A,TDF25,Sun Life Phils - Peso MyFuture 2025
2021-04-07,2.7295,true,2021-04-06,9.132,-3.0545,MyFuture 2025,PHP,N,6,A,TDF25,Sun Life Phils - Peso MyFuture 2025
2021-04-06,2.7205,true,2021-04-05,9.9547,-3.3742,MyFuture 2025,PHP,N,6,A,TDF25,Sun Life Phils - Peso MyFuture 2025
2021-04-05,2.7092,true,2021-04-04,10.9828,-3.7755,MyFuture 2025,PHP,N,6,A,TDF25,Sun Life Phils - Peso MyFuture 2025
2021-03-31,2.7038,true,2021-03-30,11.2446,-3.9673,MyFuture 2025,PHP,N,6,A,TDF25,Sun Life Phils - Peso MyFuture 2025
2021-03-30,2.7193,true,2021-03-29,12.9231,-3.4168,MyFuture 2025,PHP,N,6,A,TDF25,Sun Life Phils - Peso MyFuture 2025
2021-03-29,2.7288,true,2021-03-28,12.4444,-3.0794,MyFuture 2025,PHP,N,6,A,TDF25,Sun Life Phils - Peso MyFuture 2025
2021-03-26,2.725,true,2021-03-25,11.5295,-3.2143,MyFuture 2025,PHP,N,6,A,TDF25,Sun Life Phils - Peso MyFuture 2025
2021-03-25,2.7166,true,2021-03-24,13.6605,-3.5127,MyFuture 2025,PHP,N,6,A,TDF25,Sun Life Phils - Peso MyFuture 2025
2021-03-24,2.7048,true,2021-03-23,15.7728,-3.9318,MyFuture 2025,PHP,N,6,A,TDF25,Sun Life Phils - Peso MyFuture 2025
2021-03-23,2.6946,true,2021-03-22,15.7822,-4.2941,MyFuture 2025,PHP,N,6,A,TDF25,Sun Life Phils - Peso MyFuture 2025
2021-03-22,2.6896,true,2021-03-21,15.0631,-4.4717,MyFuture 2025,PHP,N,6,A,TDF25,Sun Life Phils - Peso MyFuture 2025
2021-03-19,2.6924,true,2021-03-18,15.5586,-4.3722,MyFuture 2025,PHP,N,6,A,TDF25,Sun Life Phils - Peso MyFuture 2025
2021-03-18,2.7138,true,2021-03-17,11.8678,-3.6121,MyFuture 2025,PHP,N,6,A,TDF25,Sun Life Phils - Peso MyFuture 2025
2021-03-17,2.7092,true,2021-03-16,11.3889,-3.7755,MyFuture 2025,PHP,N,6,A,TDF25,Sun Life Phils - Peso MyFuture 2025
2021-03-16,2.7107,true,2021-03-15,11.5331,-3.7223,MyFuture 2025,PHP,N,6,A,TDF25,Sun Life Phils - Peso MyFuture 2025
2021-03-15,2.7035,true,2021-03-14,8.8278,-3.978,MyFuture 2025,PHP,N,6,A,TDF25,Sun Life Phils - Peso MyFuture 2025
2021-03-12,2.7255,true,2021-03-11,9.5634,-3.1966,MyFuture 2025,PHP,N,6,A,TDF25,Sun Life Phils - Peso MyFuture 2025
2021-03-11,2.7217,true,2021-03-10,5.3901,-3.3316,MyFuture 2025,PHP,N,6,A,TDF25,Sun Life Phils - Peso MyFuture 2025
2021-03-10,2.7419,true,2021-03-09,6.2505,-2.6141,MyFuture 2025,PHP,N,6,A,TDF25,Sun Life Phils - Peso MyFuture 2025
2021-03-09,2.7481,true,2021-03-08,6.4083,-2.3939,MyFuture 2025,PHP,N,6,A,TDF25,Sun Life Phils - Peso MyFuture 2025
2021-03-08,2.7507,true,2021-03-07,4.5417,-2.3015,MyFuture 2025,PHP,N,6,A,TDF25,Sun Life Phils - Peso MyFuture 2025
2021-03-05,2.7646,true,2021-03-04,4.6048,-1.8078,MyFuture 2025,PHP,N,6,A,TDF25,Sun Life Phils - Peso MyFuture 2025
2021-03-04,2.765,true,2021-03-03,4.8858,-1.7936,MyFuture 2025,PHP,N,6,A,TDF25,Sun Life Phils - Peso MyFuture 2025
2021-03-03,2.7708,true,2021-03-02,5.671,-1.5876,MyFuture 2025,PHP,N,6,A,TDF25,Sun Life Phils - Peso MyFuture 2025
2021-03-02,2.7637,true,2021-03-01,5.4767,-1.8398,MyFuture 2025,PHP,N,6,A,TDF25,Sun Life Phils - Peso MyFuture 2025
2021-03-01,2.7565,true,2021-02-28,5.2903,-2.0955,MyFuture 2025,PHP,N,6,A,TDF25,Sun Life Phils - Peso MyFuture 2025
2021-02-26,2.7464,true,2021-02-25,4.4537,-2.4543,MyFuture 2025,PHP,N,6,A,TDF25,Sun Life Phils - Peso MyFuture 2025
2021-02-24,2.745,true,2021-02-23,3.2265,-2.504,MyFuture 2025,PHP,N,6,A,TDF25,Sun Life Phils - Peso MyFuture 2025
2021-02-23,2.7494,true,2021-02-22,2.6547,-2.3477,MyFuture 2025,PHP,N,6,A,TDF25,Sun Life Phils - Peso MyFuture 2025
2021-02-22,2.7507,true,2021-02-21,2.7032,-2.3015,MyFuture 2025,PHP,N,6,A,TDF25,Sun Life Phils - Peso MyFuture 2025
2021-02-19,2.7667,true,2021-02-18,3.3315,-1.7333,MyFuture 2025,PHP,N,6,A,TDF25,Sun Life Phils - Peso MyFuture 2025
2021-02-18,2.7673,true,2021-02-17,3.7336,-1.712,MyFuture 2025,PHP,N,6,A,TDF25,Sun Life Phils - Peso MyFuture 2025
2021-02-17,2.779,true,2021-02-16,4.176,-1.2964,MyFuture 2025,PHP,N,6,A,TDF25,Sun Life Phils - Peso MyFuture 2025
2021-02-16,2.7914,true,2021-02-15,4.8413,-0.856,MyFuture 2025,PHP,N,6,A,TDF25,Sun Life Phils - Peso MyFuture 2025
2021-02-15,2.7861,true,2021-02-14,4.6423,-1.0442,MyFuture 2025,PHP,N,6,A,TDF25,Sun Life Phils - Peso MyFuture 2025
2021-02-11,2.7903,true,2021-02-10,4.1079,-0.895,MyFuture 2025,PHP,N,6,A,TDF25,Sun Life Phils - Peso MyFuture 2025
2021-02-10,2.7994,true,2021-02-09,4.5606,-0.5718,MyFuture 2025,PHP,N,6,A,TDF25,Sun Life Phils - Peso MyFuture 2025
2021-02-09,2.7977,true,2021-02-08,4.2284,-0.6322,MyFuture 2025,PHP,N,6,A,TDF25,Sun Life Phils - Peso MyFuture 2025
2021-02-08,2.7966,true,2021-02-07,4.1875,-0.6713,MyFuture 2025,PHP,N,6,A,TDF25,Sun Life Phils - Peso MyFuture 2025
2021-02-05,2.7965,true,2021-02-04,4.9619,-0.6748,MyFuture 2025,PHP,N,6,A,TDF25,Sun Life Phils - Peso MyFuture 2025
2021-02-04,2.7854,true,2021-02-03,5.1451,-1.0691,MyFuture 2025,PHP,N,6,A,TDF25,Sun Life Phils - Peso MyFuture 2025
2021-02-03,2.781,true,2021-02-02,5.1975,-1.2254,MyFuture 2025,PHP,N,6,A,TDF25,Sun Life Phils - Peso MyFuture 2025
2021-02-02,2.7815,true,2021-02-01,5.0931,-1.2076,MyFuture 2025,PHP,N,6,A,TDF25,Sun Life Phils - Peso MyFuture 2025
2021-02-01,2.7764,true,2021-01-31,4.9004,-1.3887,MyFuture 2025,PHP,N,6,A,TDF25,Sun Life Phils - Peso MyFuture 2025
2021-01-29,2.7531,true,2021-01-28,3.3252,-2.2163,MyFuture 2025,PHP,N,6,A,TDF25,Sun Life Phils - Peso MyFuture 2025
2021-01-28,2.7764,true,2021-01-27,4.0474,-1.3887,MyFuture 2025,PHP,N,6,A,TDF25,Sun Life Phils - Peso MyFuture 2025
2021-01-27,2.7819,true,2021-01-26,3.7674,-1.1934,MyFuture 2025,PHP,N,6,A,TDF25,Sun Life Phils - Peso MyFuture 2025
2021-01-26,2.7953,true,2021-01-25,4.0228,-0.7175,MyFuture 2025,PHP,N,6,A,TDF25,Sun Life Phils - Peso MyFuture 2025
2021-01-25,2.8045,true,2021-01-24,4.3651,-0.3907,MyFuture 2025,PHP,N,6,A,TDF25,Sun Life Phils - Peso MyFuture 2025
2021-01-22,2.802,true,2021-01-21,5.2355,-0.4795,MyFuture 2025,PHP,N,6,A,TDF25,Sun Life Phils - Peso MyFuture 2025
2021-01-21,2.8114,true,2021-01-20,5.6203,-0.1456,MyFuture 2025,PHP,N,6,A,TDF25,Sun Life Phils - Peso MyFuture 2025
2021-01-20,2.8101,true,2021-01-19,5.0976,-0.1918,MyFuture 2025,PHP,N,6,A,TDF25,Sun Life Phils - Peso MyFuture 2025
2021-01-19,2.8143,true,2021-01-18,4.2758,-0.0426,MyFuture 2025,PHP,N,6,A,TDF25,Sun Life Phils - Peso MyFuture 2025
2021-01-18,2.815,true,2021-01-17,4.3018,-0.0178,MyFuture 2025,PHP,N,6,A,TDF25,Sun Life Phils - Peso MyFuture 2025
2021-01-15,2.8146,true,2021-01-14,4.5038,-0.032,MyFuture 2025,PHP,N,6,A,TDF25,Sun Life Phils - Peso MyFuture 2025
2021-01-14,2.8166,true,2021-01-13,3.9259,0.0391,MyFuture 2025,PHP,N,6,A,TDF25,Sun Life Phils - Peso MyFuture 2025
2021-01-13,2.8135,true,2021-01-12,3.8422,-0.071,MyFuture 2025,PHP,N,6,A,TDF25,Sun Life Phils - Peso MyFuture 2025
2021-01-12,2.8156,true,2021-01-11,3.9197,0.0036,MyFuture 2025,PHP,N,6,A,TDF25,Sun Life Phils - Peso MyFuture 2025
2021-01-11,2.8203,true,2021-01-10,4.0932,0.1705,MyFuture 2025,PHP,N,6,A,TDF25,Sun Life Phils - Peso MyFuture 2025
2021-01-08,2.8238,true,2021-01-07,4.4691,0.2948,MyFuture 2025,PHP,N,6,A,TDF25,Sun Life Phils - Peso MyFuture 2025
2021-01-07,2.8086,true,2021-01-06,3.2801,-0.2451,MyFuture 2025,PHP,N,6,A,TDF25,Sun Life Phils - Peso MyFuture 2025
2021-01-06,2.8049,true,2021-01-05,3.2922,-0.3765,MyFuture 2025,PHP,N,6,A,TDF25,Sun Life Phils - Peso MyFuture 2025
2021-01-05,2.8138,true,2021-01-04,3.3497,-0.0604,MyFuture 2025,PHP,N,6,A,TDF25,Sun Life Phils - Peso MyFuture 2025
2021-01-04,2.8209,true,2021-01-03,3.6105,0.1918,MyFuture 2025,PHP,N,6,A,TDF25,Sun Life Phils - Peso MyFuture 2025
2020-12-29,2.8155,true,2020-12-28,3.4996,3.4996,MyFuture 2025,PHP,N,6,A,TDF25,Sun Life Phils - Peso MyFuture 2025
2020-12-28,2.8115,true,2020-12-27,3.3526,3.3526,MyFuture 2025,PHP,N,6,A,TDF25,Sun Life Phils - Peso MyFuture 2025
2020-12-23,2.8178,true,2020-12-22,3.3069,3.5842,MyFuture 2025,PHP,N,6,A,TDF25,Sun Life Phils - Peso MyFuture 2025
2020-12-22,2.8162,true,2020-12-21,3.7542,3.5253,MyFuture 2025,PHP,N,6,A,TDF25,Sun Life Phils - Peso MyFuture 2025
2020-12-21,2.818,true,2020-12-20,3.8205,3.5915,MyFuture 2025,PHP,N,6,A,TDF25,Sun Life Phils - Peso MyFuture 2025
2020-12-18,2.8226,true,2020-12-17,4.1704,3.7606,MyFuture 2025,PHP,N,6,A,TDF25,Sun Life Phils - Peso MyFuture 2025
2020-12-17,2.8236,true,2020-12-16,4.2342,3.7974,MyFuture 2025,PHP,N,6,A,TDF25,Sun Life Phils - Peso MyFuture 2025
2020-12-16,2.8261,true,2020-12-15,4.4576,3.8893,MyFuture 2025,PHP,N,6,A,TDF25,Sun Life Phils - Peso MyFuture 2025
2020-12-15,2.8187,true,2020-12-14,3.3437,3.6172,MyFuture 2025,PHP,N,6,A,TDF25,Sun Life Phils - Peso MyFuture 2025
2020-12-14,2.8281,true,2020-12-13,3.6884,3.9628,MyFuture 2025,PHP,N,6,A,TDF25,Sun Life Phils - Peso MyFuture 2025
2020-12-11,2.8224,true,2020-12-10,3.9405,3.7533,MyFuture 2025,PHP,N,6,A,TDF25,Sun Life Phils - Peso MyFuture 2025
2020-12-10,2.8077,true,2020-12-09,3.6702,3.2129,MyFuture 2025,PHP,N,6,A,TDF25,Sun Life Phils - Peso MyFuture 2025
2020-12-09,2.7966,true,2020-12-08,3.0473,2.8048,MyFuture 2025,PHP,N,6,A,TDF25,Sun Life Phils - Peso MyFuture 2025
2020-12-07,2.8085,true,2020-12-06,3.3791,3.2423,MyFuture 2025,PHP,N,6,A,TDF25,Sun Life Phils - Peso MyFuture 2025
2020-12-04,2.7995,true,2020-12-03,2.9947,2.9114,MyFuture 2025,PHP,N,6,A,TDF25,Sun Life Phils - Peso MyFuture 2025
2020-12-03,2.8071,true,2020-12-02,3.0128,3.1908,MyFuture 2025,PHP,N,6,A,TDF25,Sun Life Phils - Peso MyFuture 2025
2020-12-02,2.7925,true,2020-12-01,2.4771,2.6541,MyFuture 2025,PHP,N,6,A,TDF25,Sun Life Phils - Peso MyFuture 2025
2020-12-01,2.7834,true,2020-11-30,2.8413,2.3196,MyFuture 2025,PHP,N,6,A,TDF25,Sun Life Phils - Peso MyFuture 2025
2020-11-27,2.7548,true,2020-11-26,1.3055,1.2682,MyFuture 2025,PHP,N,6,A,TDF25,Sun Life Phils - Peso MyFuture 2025
2020-11-26,2.7722,true,2020-11-25,2.6057,1.9079,MyFuture 2025,PHP,N,6,A,TDF25,Sun Life Phils - Peso MyFuture 2025
2020-11-25,2.7853,true,2020-11-24,2.7483,2.3894,MyFuture 2025,PHP,N,6,A,TDF25,Sun Life Phils - Peso MyFuture 2025
2020-11-24,2.8005,true,2020-11-23,3.0543,2.9482,MyFuture 2025,PHP,N,6,A,TDF25,Sun Life Phils - Peso MyFuture 2025
2020-11-23,2.81,true,2020-11-22,3.4039,3.2974,MyFuture 2025,PHP,N,6,A,TDF25,Sun Life Phils - Peso MyFuture 2025
2020-11-20,2.8089,true,2020-11-19,3.0297,3.257,MyFuture 2025,PHP,N,6,A,TDF25,Sun Life Phils - Peso MyFuture 2025
2020-11-19,2.7752,true,2020-11-18,1.7451,2.0182,MyFuture 2025,PHP,N,6,A,TDF25,Sun Life Phils - Peso MyFuture 2025
2020-11-18,2.782,true,2020-11-17,2.1555,2.2681,MyFuture 2025,PHP,N,6,A,TDF25,Sun Life Phils - Peso MyFuture 2025
2020-11-17,2.7715,true,2020-11-16,1.5127,1.8821,MyFuture 2025,PHP,N,6,A,TDF25,Sun Life Phils - Peso MyFuture 2025
2020-11-16,2.766,true,2020-11-15,1.3113,1.68,MyFuture 2025,PHP,N,6,A,TDF25,Sun Life Phils - Peso MyFuture 2025
2020-11-13,2.7727,true,2020-11-12,1.5046,1.9263,MyFuture 2025,PHP,N,6,A,TDF25,Sun Life Phils - Peso MyFuture 2025
2020-11-11,2.7799,true,2020-11-10,1.4562,2.1909,MyFuture 2025,PHP,N,6,A,TDF25,Sun Life Phils - Peso MyFuture 2025
2020-11-10,2.7856,true,2020-11-09,1.3867,2.4005,MyFuture 2025,PHP,N,6,A,TDF25,Sun Life Phils - Peso MyFuture 2025
2020-11-09,2.7384,true,2020-11-08,-0.3312,0.6654,MyFuture 2025,PHP,N,6,A,TDF25,Sun Life Phils - Peso MyFuture 2025
2020-11-06,2.738,true,2020-11-05,-0.1495,0.6507,MyFuture 2025,PHP,N,6,A,TDF25,Sun Life Phils - Peso MyFuture 2025
2020-11-05,2.7318,true,2020-11-04,-1.3399,0.4227,MyFuture 2025,PHP,N,6,A,TDF25,Sun Life Phils - Peso MyFuture 2025
2020-11-04,2.7062,true,2020-11-03,-1.5139,-0.5183,MyFuture 2025,PHP,N,6,A,TDF25,Sun Life Phils - Peso MyFuture 2025
2020-11-03,2.6891,true,2020-11-02,-1.7609,-1.1469,MyFuture 2025,PHP,N,6,A,TDF25,Sun Life Phils - Peso MyFuture 2025
2020-10-30,2.6872,true,2020-10-29,-1.9914,-1.2168,MyFuture 2025,PHP,N,6,A,TDF25,Sun Life Phils - Peso MyFuture 2025
2020-10-29,2.6791,true,2020-10-28,-2.1941,-1.5145,MyFuture 2025,PHP,N,6,A,TDF25,Sun Life Phils - Peso MyFuture 2025
2020-10-28,2.6967,true,2020-10-27,-1.3246,-0.8676,MyFuture 2025,PHP,N,6,A,TDF25,Sun Life Phils - Peso MyFuture 2025
2020-10-27,2.7018,true,2020-10-26,-1.033,-0.6801,MyFuture 2025,PHP,N,6,A,TDF25,Sun Life Phils - Peso MyFuture 2025
2020-10-26,2.7123,true,2020-10-25,-0.6484,-0.2941,MyFuture 2025,PHP,N,6,A,TDF25,Sun Life Phils - Peso MyFuture 2025
2020-10-23,2.7112,true,2020-10-22,-0.7286,-0.3345,MyFuture 2025,PHP,N,6,A,TDF25,Sun Life Phils - Peso MyFuture 2025
2020-10-22,2.6927,true,2020-10-21,-1.5034,-1.0146,MyFuture 2025,PHP,N,6,A,TDF25,Sun Life Phils - Peso MyFuture 2025
2020-10-21,2.6844,true,2020-10-20,-1.508,-1.3197,MyFuture 2025,PHP,N,6,A,TDF25,Sun Life Phils - Peso MyFuture 2025
2020-10-20,2.6628,true,2020-10-19,-2.2539,-2.1137,MyFuture 2025,PHP,N,6,A,TDF25,Sun Life Phils - Peso MyFuture 2025
2020-10-19,2.6575,true,2020-10-18,-2.4484,-2.3086,MyFuture 2025,PHP,N,6,A,TDF25,Sun Life Phils - Peso MyFuture 2025
2020-10-16,2.6413,true,2020-10-15,-3.1817,-2.9041,MyFuture 2025,PHP,N,6,A,TDF25,Sun Life Phils - Peso MyFuture 2025
2020-10-15,2.6467,true,2020-10-14,-2.6161,-2.7056,MyFuture 2025,PHP,N,6,A,TDF25,Sun Life Phils - Peso MyFuture 2025
2020-10-14,2.6445,true,2020-10-13,-2.8864,-2.7865,MyFuture 2025,PHP,N,6,A,TDF25,Sun Life Phils - Peso MyFuture 2025
2020-10-13,2.6445,true,2020-10-12,-2.7364,-2.7865,MyFuture 2025,PHP,N,6,A,TDF25,Sun Life Phils - Peso MyFuture 2025
2020-10-12,2.647,true,2020-10-11,-2.6445,-2.6946,MyFuture 2025,PHP,N,6,A,TDF25,Sun Life Phils - Peso MyFuture 2025
2020-10-09,2.6459,true,2020-10-08,-1.9638,-2.735,MyFuture 2025,PHP,N,6,A,TDF25,Sun Life Phils - Peso MyFuture 2025
2020-10-08,2.65,true,2020-10-07,-2.1707,-2.5843,MyFuture 2025,PHP,N,6,A,TDF25,Sun Life Phils - Peso MyFuture 2025
2020-10-07,2.6395,true,2020-10-06,-2.2154,-2.9703,MyFuture 2025,PHP,N,6,A,TDF25,Sun Life Phils - Peso MyFuture 2025
2020-10-06,2.6442,true,2020-10-05,-2.1029,-2.7975,MyFuture 2025,PHP,N,6,A,TDF25,Sun Life Phils - Peso MyFuture 2025
2020-10-05,2.6481,true,2020-10-04,-1.9585,-2.6541,MyFuture 2025,PHP,N,6,A,TDF25,Sun Life Phils - Peso MyFuture 2025
2020-10-02,2.6561,true,2020-10-01,-1.1647,-2.36,MyFuture 2025,PHP,N,6,A,TDF25,Sun Life Phils - Peso MyFuture 2025
2020-10-01,2.6435,true,2020-09-30,-2.2519,-2.8232,MyFuture 2025,PHP,N,6,A,TDF25,Sun Life Phils - Peso MyFuture 2025
2020-09-30,2.6303,true,2020-09-29,-2.8334,-3.3085,MyFuture 2025,PHP,N,6,A,TDF25,Sun Life Phils - Peso MyFuture 2025
2020-09-29,2.6267,true,2020-09-28,-3.1881,-3.4408,MyFuture 2025,PHP,N,6,A,TDF25,Sun Life Phils - Peso MyFuture 2025
2020-09-28,2.6292,true,2020-09-27,-3.096,-3.3489,MyFuture 2025,PHP,N,6,A,TDF25,Sun Life Phils - Peso MyFuture 2025
2020-09-25,2.6285,true,2020-09-24,-3.5059,-3.3746,MyFuture 2025,PHP,N,6,A,TDF25,Sun Life Phils - Peso MyFuture 2025
2020-09-24,2.6245,true,2020-09-23,-3.5926,-3.5217,MyFuture 2025,PHP,N,6,A,TDF25,Sun Life Phils - Peso MyFuture 2025
2020-09-23,2.6312,true,2020-09-22,-3.2291,-3.2754,MyFuture 2025,PHP,N,6,A,TDF25,Sun Life Phils - Peso MyFuture 2025
2020-09-22,2.6288,true,2020-09-21,-3.2783,-3.3636,MyFuture 2025,PHP,N,6,A,TDF25,Sun Life Phils - Peso MyFuture 2025
2020-09-21,2.6318,true,2020-09-20,-3.1679,-3.2533,MyFuture 2025,PHP,N,6,A,TDF25,Sun Life Phils - Peso MyFuture 2025
2020-09-18,2.6335,true,2020-09-17,-3.2939,-3.1908,MyFuture 2025,PHP,N,6,A,TDF25,Sun Life Phils - Peso MyFuture 2025
2020-09-17,2.6382,true,2020-09-16,-3.1676,-3.018,MyFuture 2025,PHP,N,6,A,TDF25,Sun Life Phils - Peso MyFuture 2025
2020-09-16,2.6387,true,2020-09-15,-3.408,-2.9997,MyFuture 2025,PHP,N,6,A,TDF25,Sun Life Phils - Peso MyFuture 2025
2020-09-15,2.6483,true,2020-09-14,-3.1452,-2.6468,MyFuture 2025,PHP,N,6,A,TDF25,Sun Life Phils - Peso MyFuture 2025
2020-09-14,2.6498,true,2020-09-13,-3.0904,-2.5916,MyFuture 2025,PHP,N,6,A,TDF25,Sun Life Phils - Peso MyFuture 2025
2020-09-11,2.6472,true,2020-09-10,-3.0614,-2.6872,MyFuture 2025,PHP,N,6,A,TDF25,Sun Life Phils - Peso MyFuture 2025
2020-09-10,2.6423,true,2020-09-09,-3.1095,-2.8673,MyFuture 2025,PHP,N,6,A,TDF25,Sun Life Phils - Peso MyFuture 2025
2020-09-09,2.6453,true,2020-09-08,-3.1629,-2.757,MyFuture 2025,PHP,N,6,A,TDF25,Sun Life Phils - Peso MyFuture 2025
2020-09-08,2.6586,true,2020-08-07,-2.5868,-2.2681,MyFuture 2025,PHP,N,6,A,TDF25,Sun Life Phils - Peso MyFuture 2025
2020-09-07,2.6455,true,2020-09-06,-3.0668,-2.7497,MyFuture 2025,PHP,N,6,A,TDF25,Sun Life Phils - Peso MyFuture 2025
2020-09-04,2.6248,true,2020-09-03,-3.4006,-3.5106,MyFuture 2025,PHP,N,6,A,TDF25,Sun Life Phils - Peso MyFuture 2025
2020-09-03,2.6257,true,2020-09-02,-3.1822,-3.4776,MyFuture 2025,PHP,N,6,A,TDF25,Sun Life Phils - Peso MyFuture 2025
2020-09-02,2.6211,true,2020-09-01,-3.8834,-3.6467,MyFuture 2025,PHP,N,6,A,TDF25,Sun Life Phils - Peso MyFuture 2025
2020-09-01,2.6397,true,2020-08-31,-3.4386,-2.9629,MyFuture 2025,PHP,N,6,A,TDF25,Sun Life Phils - Peso MyFuture 2025
2020-08-28,2.6514,true,2020-08-27,-2.4288,-2.5328,MyFuture 2025,PHP,N,6,A,TDF25,Sun Life Phils - Peso MyFuture 2025
2020-08-27,2.6573,true,2020-08-26,-1.7234,-2.3159,MyFuture 2025,PHP,N,6,A,TDF25,Sun Life Phils - Peso MyFuture 2025
2020-08-26,2.6594,true,2020-08-25,-2.2423,-2.2387,MyFuture 2025,PHP,N,6,A,TDF25,Sun Life Phils - Peso MyFuture 2025
2020-08-25,2.6666,true,2020-08-24,-1.9777,-1.974,MyFuture 2025,PHP,N,6,A,TDF25,Sun Life Phils - Peso MyFuture 2025
2020-08-24,2.6655,true,2020-08-23,-2.0181,-2.0145,MyFuture 2025,PHP,N,6,A,TDF25,Sun Life Phils - Peso MyFuture 2025
2020-08-20,2.6761,true,2020-08-19,-1.6067,-1.6248,MyFuture 2025,PHP,N,6,A,TDF25,Sun Life Phils - Peso MyFuture 2025
2020-08-19,2.6811,true,2020-08-18,-1.6038,-1.441,MyFuture 2025,PHP,N,6,A,TDF25,Sun Life Phils - Peso MyFuture 2025
2020-08-18,2.6967,true,2020-08-17,-0.3805,-0.8676,MyFuture 2025,PHP,N,6,A,TDF25,Sun Life Phils - Peso MyFuture 2025
2020-08-17,2.6849,true,2020-08-16,-0.8164,-1.3013,MyFuture 2025,PHP,N,6,A,TDF25,Sun Life Phils - Peso MyFuture 2025
2020-08-14,2.6851,true,2020-08-13,-0.9919,-1.294,MyFuture 2025,PHP,N,6,A,TDF25,Sun Life Phils - Peso MyFuture 2025
2020-08-13,2.6925,true,2020-08-12,-0.3958,-1.0219,MyFuture 2025,PHP,N,6,A,TDF25,Sun Life Phils - Peso MyFuture 2025
2020-08-12,2.6792,true,2020-08-11,-1.0526,-1.5109,MyFuture 2025,PHP,N,6,A,TDF25,Sun Life Phils - Peso MyFuture 2025
2020-08-11,2.6735,true,2020-08-10,-1.2631,-1.7204,MyFuture 2025,PHP,N,6,A,TDF25,Sun Life Phils - Peso MyFuture 2025
2020-08-10,2.6707,true,2020-08-09,-1.3665,-1.8233,MyFuture 2025,PHP,N,6,A,TDF25,Sun Life Phils - Peso MyFuture 2025
2020-08-07,2.6592,true,2020-08-06,-1.9975,-2.2461,MyFuture 2025,PHP,N,6,A,TDF25,Sun Life Phils - Peso MyFuture 2025
2020-08-06,2.6668,true,2020-08-05,-0.9361,-1.9667,MyFuture 2025,PHP,N,6,A,TDF25,Sun Life Phils - Peso MyFuture 2025
2020-08-05,2.6535,true,2020-08-04,-1.922,-2.4556,MyFuture 2025,PHP,N,6,A,TDF25,Sun Life Phils - Peso MyFuture 2025
2020-08-04,2.6455,true,2020-08-03,-3.3995,-2.7497,MyFuture 2025,PHP,N,6,A,TDF25,Sun Life Phils - Peso MyFuture 2025
2020-08-03,2.6373,true,2020-08-02,-3.699,-3.0511,MyFuture 2025,PHP,N,6,A,TDF25,Sun Life Phils - Peso MyFuture 2025
2020-07-30,2.666,true,2020-07-29,-2.6154,-1.9961,MyFuture 2025,PHP,N,6,A,TDF25,Sun Life Phils - Peso MyFuture 2025
2020-07-29,2.6724,true,2020-07-28,-2.5134,-1.7608,MyFuture 2025,PHP,N,6,A,TDF25,Sun Life Phils - Peso MyFuture 2025
2020-07-28,2.6666,true,2020-07-27,-2.654,-1.974,MyFuture 2025,PHP,N,6,A,TDF25,Sun Life Phils - Peso MyFuture 2025
2020-07-27,2.6574,true,2020-07-26,-2.9898,-2.3122,MyFuture 2025,PHP,N,6,A,TDF25,Sun Life Phils - Peso MyFuture 2025
2020-07-24,2.6762,true,2020-07-23,-2.1213,-1.6211,MyFuture 2025,PHP,N,6,A,TDF25,Sun Life Phils - Peso MyFuture 2025
2020-07-23,2.6796,true,2020-07-22,-2.4181,-1.4962,MyFuture 2025,PHP,N,6,A,TDF25,Sun Life Phils - Peso MyFuture 2025
2020-07-22,2.6868,true,2020-07-21,-2.0631,-1.2315,MyFuture 2025,PHP,N,6,A,TDF25,Sun Life Phils - Peso MyFuture 2025
2020-07-21,2.6976,true,2020-07-20,-1.8448,-0.8345,MyFuture 2025,PHP,N,6,A,TDF25,Sun Life Phils - Peso MyFuture 2025
2020-07-20,2.6993,true,2020-07-19,-1.7829,-0.772,MyFuture 2025,PHP,N,6,A,TDF25,Sun Life Phils - Peso MyFuture 2025
2020-07-17,2.6915,true,2020-07-16,-1.7199,-1.0587,MyFuture 2025,PHP,N,6,A,TDF25,Sun Life Phils - Peso MyFuture 2025
2020-07-16,2.699,true,2020-07-15,-1.5574,-0.783,MyFuture 2025,PHP,N,6,A,TDF25,Sun Life Phils - Peso MyFuture 2025
2020-07-15,2.684,true,2020-07-14,-2.4745,-1.3344,MyFuture 2025,PHP,N,6,A,TDF25,Sun Life Phils - Peso MyFuture 2025
2020-07-14,2.708,true,2020-07-13,-0.5874,-0.4522,MyFuture 2025,PHP,N,6,A,TDF25,Sun Life Phils - Peso MyFuture 2025
2020-07-13,2.7048,true,2020-07-12,-0.7048,-0.5698,MyFuture 2025,PHP,N,6,A,TDF25,Sun Life Phils - Peso MyFuture 2025
2020-07-10,2.7082,true,2020-07-09,-0.2798,-0.4448,MyFuture 2025,PHP,N,6,A,TDF25,Sun Life Phils - Peso MyFuture 2025
2020-07-09,2.7071,true,2020-07-08,-0.2064,-0.4852,MyFuture 2025,PHP,N,6,A,TDF25,Sun Life Phils - Peso MyFuture 2025
2020-07-08,2.7198,true,2020-07-07,0.2617,-0.0184,MyFuture 2025,PHP,N,6,A,TDF25,Sun Life Phils - Peso MyFuture 2025
2020-07-07,2.7221,true,2020-07-06,-0.0184,0.0662,MyFuture 2025,PHP,N,6,A,TDF25,Sun Life Phils - Peso MyFuture 2025
2020-07-06,2.7299,true,2020-07-05,0.2681,0.3529,MyFuture 2025,PHP,N,6,A,TDF25,Sun Life Phils - Peso MyFuture 2025
2020-07-03,2.732,true,2020-07-02,0.4929,0.4301,MyFuture 2025,PHP,N,6,A,TDF25,Sun Life Phils - Peso MyFuture 2025
2020-07-02,2.7261,true,2020-07-01,0.2796,0.2132,MyFuture 2025,PHP,N,6,A,TDF25,Sun Life Phils - Peso MyFuture 2025
2020-07-01,2.7034,true,2020-06-30,-0.2362,-0.6213,MyFuture 2025,PHP,N,6,A,TDF25,Sun Life Phils - Peso MyFuture 2025
2020-06-30,2.704,true,2020-06-29,0.1222,-0.5992,MyFuture 2025,PHP,N,6,A,TDF25,Sun Life Phils - Peso MyFuture 2025
2020-06-29,2.6899,true,2020-06-28,-0.3999,-1.1175,MyFuture 2025,PHP,N,6,A,TDF25,Sun Life Phils - Peso MyFuture 2025
2020-06-26,2.694,true,2020-06-25,-0.2518,-0.9668,MyFuture 2025,PHP,N,6,A,TDF25,Sun Life Phils - Peso MyFuture 2025
2020-06-25,2.6505,true,2020-06-24,-1.9604,-2.5659,MyFuture 2025,PHP,N,6,A,TDF25,Sun Life Phils - Peso MyFuture 2025
2020-06-24,2.656,true,2020-06-23,-1.8296,-2.3637,MyFuture 2025,PHP,N,6,A,TDF25,Sun Life Phils - Peso MyFuture 2025
2020-06-23,2.6694,true,2020-06-22,-1.2723,-1.8711,MyFuture 2025,PHP,N,6,A,TDF25,Sun Life Phils - Peso MyFuture 2025
2020-06-22,2.6759,true,2020-06-21,-1.0319,-1.6322,MyFuture 2025,PHP,N,6,A,TDF25,Sun Life Phils - Peso MyFuture 2025
2020-06-19,2.6848,true,2020-06-18,-0.4634,-1.305,MyFuture 2025,PHP,N,6,A,TDF25,Sun Life Phils - Peso MyFuture 2025
2020-06-18,2.6925,true,2020-06-17,0.3167,-1.0219,MyFuture 2025,PHP,N,6,A,TDF25,Sun Life Phils - Peso MyFuture 2025
2020-06-17,2.686,true,2020-06-16,0.179,-1.2609,MyFuture 2025,PHP,N,6,A,TDF25,Sun Life Phils - Peso MyFuture 2025
2020-06-16,2.6889,true,2020-06-15,-0.1114,-1.1543,MyFuture 2025,PHP,N,6,A,TDF25,Sun Life Phils - Peso MyFuture 2025
2020-06-15,2.6728,true,2020-06-14,-0.7095,-1.7461,MyFuture 2025,PHP,N,6,A,TDF25,Sun Life Phils - Peso MyFuture 2025
2020-06-11,2.7153,true,2020-06-10,0.6711,-0.1838,MyFuture 2025,PHP,N,6,A,TDF25,Sun Life Phils - Peso MyFuture 2025
2020-06-10,2.7109,true,2020-06-09,0.4297,-0.3456,MyFuture 2025,PHP,N,6,A,TDF25,Sun Life Phils - Peso MyFuture 2025
2020-06-09,2.734,true,2020-06-08,1.7302,0.5036,MyFuture 2025,PHP,N,6,A,TDF25,Sun Life Phils - Peso MyFuture 2025
2020-06-08,2.7243,true,2020-06-07,1.3693,0.147,MyFuture 2025,PHP,N,6,A,TDF25,Sun Life Phils - Peso MyFuture 2025
2020-06-05,2.7183,true,2020-06-04,1.4556,-0.0735,MyFuture 2025,PHP,N,6,A,TDF25,Sun Life Phils - Peso MyFuture 2025
2020-06-04,2.7227,true,2020-06-03,1.6198,0.0882,MyFuture 2025,PHP,N,6,A,TDF25,Sun Life Phils - Peso MyFuture 2025
2020-06-03,2.6808,true,2020-06-02,-0.5712,-1.452,MyFuture 2025,PHP,N,6,A,TDF25,Sun Life Phils - Peso MyFuture 2025
2020-06-02,2.6512,true,2020-06-01,-1.0783,-2.5402,MyFuture 2025,PHP,N,6,A,TDF25,Sun Life Phils - Peso MyFuture 2025
2020-06-01,2.6427,true,2020-05-31,-1.3955,-2.8526,MyFuture 2025,PHP,N,6,A,TDF25,Sun Life Phils - Peso MyFuture 2025
2020-05-29,2.6322,true,2020-05-28,-0.9371,-3.2386,MyFuture 2025,PHP,N,6,A,TDF25,Sun Life Phils - Peso MyFuture 2025
2020-05-28,2.5962,true,2020-05-27,-2.093,-4.562,MyFuture 2025,PHP,N,6,A,TDF25,Sun Life Phils - Peso MyFuture 2025
2020-05-27,2.5828,true,2020-05-26,-2.407,-5.0546,MyFuture 2025,PHP,N,6,A,TDF25,Sun Life Phils - Peso MyFuture 2025
2020-05-26,2.5754,true,2020-05-25,-2.7674,-5.3266,MyFuture 2025,PHP,N,6,A,TDF25,Sun Life Phils - Peso MyFuture 2025
2020-05-22,2.5763,true,2020-05-21,-3.019,-5.2935,MyFuture 2025,PHP,N,6,A,TDF25,Sun Life Phils - Peso MyFuture 2025
2020-05-21,2.5844,true,2020-05-20,-2.2357,-4.9958,MyFuture 2025,PHP,N,6,A,TDF25,Sun Life Phils - Peso MyFuture 2025
2020-05-20,2.5776,true,2020-05-19,-2.1524,-5.2457,MyFuture 2025,PHP,N,6,A,TDF25,Sun Life Phils - Peso MyFuture 2025
2020-05-19,2.5732,true,2020-05-18,-1.9285,-5.4075,MyFuture 2025,PHP,N,6,A,TDF25,Sun Life Phils - Peso MyFuture 2025
2020-05-18,2.5632,true,2020-05-17,-2.3096,-5.7751,MyFuture 2025,PHP,N,6,A,TDF25,Sun Life Phils - Peso MyFuture 2025
2020-05-15,2.5729,true,2020-05-14,-1.9212,-5.4185,MyFuture 2025,PHP,N,6,A,TDF25,Sun Life Phils - Peso MyFuture 2025
2020-05-14,2.5879,true,2020-05-13,-1.6942,-4.8671,MyFuture 2025,PHP,N,6,A,TDF25,Sun Life Phils - Peso MyFuture 2025
2020-05-13,2.5754,true,2020-05-12,-2.6645,-5.3266,MyFuture 2025,PHP,N,6,A,TDF25,Sun Life Phils - Peso MyFuture 2025
2020-05-12,2.5775,true,2020-05-11,-2.5851,-5.2494,MyFuture 2025,PHP,N,6,A,TDF25,Sun Life Phils - Peso MyFuture 2025
2020-05-11,2.579,true,2020-05-10,-2.5284,-5.1943,MyFuture 2025,PHP,N,6,A,TDF25,Sun Life Phils - Peso MyFuture 2025
2020-05-08,2.5727,true,2020-05-07,-3.637,-5.4259,MyFuture 2025,PHP,N,6,A,TDF25,Sun Life Phils - Peso MyFuture 2025
2020-05-07,2.5791,true,2020-05-06,-3.3103,-5.1906,MyFuture 2025,PHP,N,6,A,TDF25,Sun Life Phils - Peso MyFuture 2025
2020-05-06,2.579,true,2020-05-05,-3.0779,-5.1943,MyFuture 2025,PHP,N,6,A,TDF25,Sun Life Phils - Peso MyFuture 2025
2020-05-05,2.5841,true,2020-05-04,5.8277,-5.0068,MyFuture 2025,PHP,N,6,A,TDF25,Sun Life Phils - Peso MyFuture 2025
2020-05-04,2.5636,true,2020-05-03,4.9881,-5.7604,MyFuture 2025,PHP,N,6,A,TDF25,Sun Life Phils - Peso MyFuture 2025
2020-04-30,2.5682,true,2020-04-29,-3.719,-5.5913,MyFuture 2025,PHP,N,6,A,TDF25,Sun Life Phils - Peso MyFuture 2025
2020-04-29,2.5608,true,2020-04-28,-3.7076,-5.8633,MyFuture 2025,PHP,N,6,A,TDF25,Sun Life Phils - Peso MyFuture 2025
2020-04-28,2.5581,true,2020-04-27,-3.6642,-5.9626,MyFuture 2025,PHP,N,6,A,TDF25,Sun Life Phils - Peso MyFuture 2025
2020-04-27,2.5362,true,2020-04-26,-4.489,-6.7676,MyFuture 2025,PHP,N,6,A,TDF25,Sun Life Phils - Peso MyFuture 2025
2020-04-24,2.5293,true,2020-04-23,-4.6555,-7.0213,MyFuture 2025,PHP,N,6,A,TDF25,Sun Life Phils - Peso MyFuture 2025
2020-04-23,2.539,true,2020-04-22,-4.0366,-6.6647,MyFuture 2025,PHP,N,6,A,TDF25,Sun Life Phils - Peso MyFuture 2025
2020-04-22,2.5329,true,2020-04-21,-4.3358,-6.8889,MyFuture 2025,PHP,N,6,A,TDF25,Sun Life Phils - Peso MyFuture 2025
2020-04-21,2.5352,true,2020-04-20,-4.2815,-6.8044,MyFuture 2025,PHP,N,6,A,TDF25,Sun Life Phils - Peso MyFuture 2025
2020-04-20,2.5574,true,2020-04-19,-3.4433,-5.9883,MyFuture 2025,PHP,N,6,A,TDF25,Sun Life Phils - Peso MyFuture 2025
2020-04-17,2.5626,true,2020-04-16,-3.247,-5.7972,MyFuture 2025,PHP,N,6,A,TDF25,Sun Life Phils - Peso MyFuture 2025
2020-04-16,2.5092,true,2020-04-15,-5.1987,-7.7602,MyFuture 2025,PHP,N,6,A,TDF25,Sun Life Phils - Peso MyFuture 2025
2020-04-15,2.5604,true,2020-04-14,-3.0739,-5.878,MyFuture 2025,PHP,N,6,A,TDF25,Sun Life Phils - Peso MyFuture 2025
2020-04-14,2.5398,true,2020-04-13,-4.3246,-6.6353,MyFuture 2025,PHP,N,6,A,TDF25,Sun Life Phils - Peso MyFuture 2025
2020-04-13,2.5108,true,2020-04-12,-5.417,-7.7014,MyFuture 2025,PHP,N,6,A,TDF25,Sun Life Phils - Peso MyFuture 2025
2020-04-08,2.4918,true,2020-04-07,-6.3515,-8.3998,MyFuture 2025,PHP,N,6,A,TDF25,Sun Life Phils - Peso MyFuture 2025
2020-04-07,2.5011,true,2020-04-06,-5.8037,-8.0579,MyFuture 2025,PHP,N,6,A,TDF25,Sun Life Phils - Peso MyFuture 2025
2020-04-06,2.4742,true,2020-04-05,-6.8168,-9.0468,MyFuture 2025,PHP,N,6,A,TDF25,Sun Life Phils - Peso MyFuture 2025
2020-04-03,2.4411,true,2020-04-02,-8.1568,-10.2636,MyFuture 2025,PHP,N,6,A,TDF25,Sun Life Phils - Peso MyFuture 2025
2020-04-02,2.4376,true,2020-04-01,-8.2333,-10.3922,MyFuture 2025,PHP,N,6,A,TDF25,Sun Life Phils - Peso MyFuture 2025
2020-04-01,2.4418,true,2020-03-31,-7.9157,-10.2378,MyFuture 2025,PHP,N,6,A,TDF25,Sun Life Phils - Peso MyFuture 2025
2020-03-31,2.4305,true,2020-03-30,-8.717,-10.6532,MyFuture 2025,PHP,N,6,A,TDF25,Sun Life Phils - Peso MyFuture 2025
2020-03-30,2.4081,true,2020-03-29,-9.5583,-11.4767,MyFuture 2025,PHP,N,6,A,TDF25,Sun Life Phils - Peso MyFuture 2025
2020-03-27,2.4268,true,2020-03-26,-8.4848,-10.7893,MyFuture 2025,PHP,N,6,A,TDF25,Sun Life Phils - Peso MyFuture 2025
2020-03-26,2.4433,true,2020-03-25,-8.0014,-10.1827,MyFuture 2025,PHP,N,6,A,TDF25,Sun Life Phils - Peso MyFuture 2025
2020-03-25,2.3901,true,2020-03-24,-9.7905,-12.1384,MyFuture 2025,PHP,N,6,A,TDF25,Sun Life Phils - Peso MyFuture 2025
2020-03-24,2.3363,true,2020-03-23,-12.485,-14.1161,MyFuture 2025,PHP,N,6,A,TDF25,Sun Life Phils - Peso MyFuture 2025
2020-03-23,2.3273,true,2020-03-22,-12.8221,-14.4469,MyFuture 2025,PHP,N,6,A,TDF25,Sun Life Phils - Peso MyFuture 2025
2020-03-20,2.3375,true,2020-03-19,-11.6825,-14.072,MyFuture 2025,PHP,N,6,A,TDF25,Sun Life Phils - Peso MyFuture 2025
2020-03-19,2.3299,true,2020-03-18,-11.8731,-14.3514,MyFuture 2025,PHP,N,6,A,TDF25,Sun Life Phils - Peso MyFuture 2025
2020-03-18,2.4259,true,2020-03-17,-8.3425,-10.8223,MyFuture 2025,PHP,N,6,A,TDF25,Sun Life Phils - Peso MyFuture 2025
2020-03-16,2.4304,true,2020-03-15,-7.7297,-10.6569,MyFuture 2025,PHP,N,6,A,TDF25,Sun Life Phils - Peso MyFuture 2025
2020-03-13,2.4842,true,2020-03-12,-5.5689,-8.6792,MyFuture 2025,PHP,N,6,A,TDF25,Sun Life Phils - Peso MyFuture 2025
2020-03-12,2.4876,true,2020-03-11,-5.3353,-8.5542,MyFuture 2025,PHP,N,6,A,TDF25,Sun Life Phils - Peso MyFuture 2025
2020-03-11,2.5825,true,2020-03-10,-1.5253,-5.0656,MyFuture 2025,PHP,N,6,A,TDF25,Sun Life Phils - Peso MyFuture 2025
2020-03-10,2.5806,true,2020-03-09,-2.0125,-5.1355,MyFuture 2025,PHP,N,6,A,TDF25,Sun Life Phils - Peso MyFuture 2025
2020-03-09,2.5826,true,2020-03-08,-1.9365,-5.0619,MyFuture 2025,PHP,N,6,A,TDF25,Sun Life Phils - Peso MyFuture 2025
2020-03-06,2.6312,true,2020-03-05,-0.1745,-3.2754,MyFuture 2025,PHP,N,6,A,TDF25,Sun Life Phils - Peso MyFuture 2025
2020-03-05,2.6429,true,2020-03-04,1.0244,-2.8453,MyFuture 2025,PHP,N,6,A,TDF25,Sun Life Phils - Peso MyFuture 2025
2020-03-04,2.6362,true,2020-03-03,0.7491,-3.0916,MyFuture 2025,PHP,N,6,A,TDF25,Sun Life Phils - Peso MyFuture 2025
2020-03-03,2.6221,true,2020-03-02,0.4021,-3.6099,MyFuture 2025,PHP,N,6,A,TDF25,Sun Life Phils - Peso MyFuture 2025
2020-03-02,2.6202,true,2020-03-01,0.3293,-3.6797,MyFuture 2025,PHP,N,6,A,TDF25,Sun Life Phils - Peso MyFuture 2025
2020-02-28,2.618,true,2020-02-27,-0.103,-3.7606,MyFuture 2025,PHP,N,6,A,TDF25,Sun Life Phils - Peso MyFuture 2025
2020-02-27,2.6353,true,2020-02-26,-0.3856,-3.1247,MyFuture 2025,PHP,N,6,A,TDF25,Sun Life Phils - Peso MyFuture 2025
2020-02-26,2.6293,true,2020-02-25,-1.1356,-3.3452,MyFuture 2025,PHP,N,6,A,TDF25,Sun Life Phils - Peso MyFuture 2025
2020-02-24,2.6592,true,2020-02-23,0.1469,-2.2461,MyFuture 2025,PHP,N,6,A,TDF25,Sun Life Phils - Peso MyFuture 2025
2020-02-21,2.6783,true,2020-02-20,1.0222,-1.5439,MyFuture 2025,PHP,N,6,A,TDF25,Sun Life Phils - Peso MyFuture 2025
2020-02-20,2.6799,true,2020-02-19,1.0635,-1.4851,MyFuture 2025,PHP,N,6,A,TDF25,Sun Life Phils - Peso MyFuture 2025
2020-02-19,2.6775,true,2020-02-18,1.5281,-1.5734,MyFuture 2025,PHP,N,6,A,TDF25,Sun Life Phils - Peso MyFuture 2025
2020-02-18,2.6677,true,2020-02-17,0.8239,-1.9336,MyFuture 2025,PHP,N,6,A,TDF25,Sun Life Phils - Peso MyFuture 2025
2020-02-17,2.6676,true,2020-02-16,0.8125,-1.9373,MyFuture 2025,PHP,N,6,A,TDF25,Sun Life Phils - Peso MyFuture 2025
2020-02-14,2.6625,true,2020-02-13,0.2523,-2.1248,MyFuture 2025,PHP,N,6,A,TDF25,Sun Life Phils - Peso MyFuture 2025
2020-02-13,2.6753,true,2020-02-12,1.0997,-1.6542,MyFuture 2025,PHP,N,6,A,TDF25,Sun Life Phils - Peso MyFuture 2025
2020-02-12,2.673,true,2020-02-11,0.5114,-1.7388,MyFuture 2025,PHP,N,6,A,TDF25,Sun Life Phils - Peso MyFuture 2025
2020-02-11,2.6802,true,2020-02-10,0.4799,-1.4741,MyFuture 2025,PHP,N,6,A,TDF25,Sun Life Phils - Peso MyFuture 2025
2020-02-10,2.6773,true,2020-02-09,0.3523,-1.5807,MyFuture 2025,PHP,N,6,A,TDF25,Sun Life Phils - Peso MyFuture 2025
2020-02-07,2.6842,true,2020-02-06,0.3965,-1.3271,MyFuture 2025,PHP,N,6,A,TDF25,Sun Life Phils - Peso MyFuture 2025
2020-02-06,2.6825,true,2020-02-05,0.634,-1.3896,MyFuture 2025,PHP,N,6,A,TDF25,Sun Life Phils - Peso MyFuture 2025
2020-02-05,2.6643,true,2020-02-04,-0.0488,-2.0586,MyFuture 2025,PHP,N,6,A,TDF25,Sun Life Phils - Peso MyFuture 2025
2020-02-04,2.6491,true,2020-02-03,-0.619,-2.6174,MyFuture 2025,PHP,N,6,A,TDF25,Sun Life Phils - Peso MyFuture 2025
2020-02-03,2.6436,true,2020-02-02,-1.2956,-2.8195,MyFuture 2025,PHP,N,6,A,TDF25,Sun Life Phils - Peso MyFuture 2025
2020-01-31,2.6467,true,2020-01-30,-0.3464,-2.7056,MyFuture 2025,PHP,N,6,A,TDF25,Sun Life Phils - Peso MyFuture 2025
2020-01-30,2.6664,true,2020-01-29,0.6265,-1.9814,MyFuture 2025,PHP,N,6,A,TDF25,Sun Life Phils - Peso MyFuture 2025
2020-01-29,2.6645,true,2020-01-28,0.1767,-2.0512,MyFuture 2025,PHP,N,6,A,TDF25,Sun Life Phils - Peso MyFuture 2025
2020-01-28,2.6684,true,2020-01-27,0.2894,-1.9079,MyFuture 2025,PHP,N,6,A,TDF25,Sun Life Phils - Peso MyFuture 2025
2020-01-27,2.6809,true,2020-01-26,0.7895,-1.4484,MyFuture 2025,PHP,N,6,A,TDF25,Sun Life Phils - Peso MyFuture 2025
2020-01-24,2.6872,true,2020-01-23,0.9618,-1.2168,MyFuture 2025,PHP,N,6,A,TDF25,Sun Life Phils - Peso MyFuture 2025
2020-01-23,2.6882,true,2020-01-22,1.4415,-1.18,MyFuture 2025,PHP,N,6,A,TDF25,Sun Life Phils - Peso MyFuture 2025
2020-01-22,2.6626,true,2020-01-21,0.3732,-2.1211,MyFuture 2025,PHP,N,6,A,TDF25,Sun Life Phils - Peso MyFuture 2025
2020-01-21,2.6618,true,2020-01-20,0.396,-2.1505,MyFuture 2025,PHP,N,6,A,TDF25,Sun Life Phils - Peso MyFuture 2025
2020-01-20,2.6738,true,2020-01-19,0.7119,-1.7094,MyFuture 2025,PHP,N,6,A,TDF25,Sun Life Phils - Peso MyFuture 2025
2020-01-17,2.6989,true,2020-01-16,2.3784,-0.7867,MyFuture 2025,PHP,N,6,A,TDF25,Sun Life Phils - Peso MyFuture 2025
2020-01-16,2.6915,true,2020-01-15,2.6467,-1.0587,MyFuture 2025,PHP,N,6,A,TDF25,Sun Life Phils - Peso MyFuture 2025
2020-01-15,2.6933,true,2020-01-14,1.8607,-0.9925,MyFuture 2025,PHP,N,6,A,TDF25,Sun Life Phils - Peso MyFuture 2025
2020-01-14,2.7102,true,2020-01-13,2.4767,-0.3713,MyFuture 2025,PHP,N,6,A,TDF25,Sun Life Phils - Peso MyFuture 2025
2020-01-10,2.7094,true,2020-01-09,2.8743,-0.4007,MyFuture 2025,PHP,N,6,A,TDF25,Sun Life Phils - Peso MyFuture 2025
2020-01-09,2.7112,true,2020-01-08,3.4099,-0.3345,MyFuture 2025,PHP,N,6,A,TDF25,Sun Life Phils - Peso MyFuture 2025
2020-01-08,2.703,true,2020-01-07,4.6296,-0.636,MyFuture 2025,PHP,N,6,A,TDF25,Sun Life Phils - Peso MyFuture 2025
2020-01-07,2.7194,true,2020-01-06,4.806,-0.0331,MyFuture 2025,PHP,N,6,A,TDF25,Sun Life Phils - Peso MyFuture 2025
2020-01-06,2.7155,true,2020-01-05,4.8861,-0.1765,MyFuture 2025,PHP,N,6,A,TDF25,Sun Life Phils - Peso MyFuture 2025
2020-01-03,2.7226,true,2020-01-02,5.7074,0.0845,MyFuture 2025,PHP,N,6,A,TDF25,Sun Life Phils - Peso MyFuture 2025
2020-01-02,2.7107,true,2020-01-01,6.5192,-0.3529,MyFuture 2025,PHP,N,6,A,TDF25,Sun Life Phils - Peso MyFuture 2025
2019-12-27,2.7203,true,2019-12-26,6.9048,7.0521,MyFuture 2025,PHP,N,6,A,TDF25,Sun Life Phils - Peso MyFuture 2025
2019-12-26,2.7241,true,2019-12-25,7.3495,7.2016,MyFuture 2025,PHP,N,6,A,TDF25,Sun Life Phils - Peso MyFuture 2025
2019-12-23,2.7276,true,2019-12-22,7.2887,7.3393,MyFuture 2025,PHP,N,6,A,TDF25,Sun Life Phils - Peso MyFuture 2025
2019-12-20,2.7143,true,2019-12-19,6.1933,6.8159,MyFuture 2025,PHP,N,6,A,TDF25,Sun Life Phils - Peso MyFuture 2025
2019-12-19,2.6988,true,2019-12-18,5.4961,6.206,MyFuture 2025,PHP,N,6,A,TDF25,Sun Life Phils - Peso MyFuture 2025
2019-12-18,2.7096,true,2019-12-17,6.9171,6.631,MyFuture 2025,PHP,N,6,A,TDF25,Sun Life Phils - Peso MyFuture 2025
2019-12-17,2.7089,true,2019-12-16,6.2105,6.6034,MyFuture 2025,PHP,N,6,A,TDF25,Sun Life Phils - Peso MyFuture 2025
2019-12-16,2.7055,true,2019-12-15,6.0398,6.4696,MyFuture 2025,PHP,N,6,A,TDF25,Sun Life Phils - Peso MyFuture 2025
2019-12-13,2.7275,true,2019-12-12,6.9272,7.3354,MyFuture 2025,PHP,N,6,A,TDF25,Sun Life Phils - Peso MyFuture 2025
2019-12-12,2.709,true,2019-12-11,6.4022,6.6074,MyFuture 2025,PHP,N,6,A,TDF25,Sun Life Phils - Peso MyFuture 2025
2019-12-11,2.7154,true,2019-12-10,6.8803,6.8592,MyFuture 2025,PHP,N,6,A,TDF25,Sun Life Phils - Peso MyFuture 2025
2019-12-10,2.7083,true,2019-12-09,7.2085,6.5798,MyFuture 2025,PHP,N,6,A,TDF25,Sun Life Phils - Peso MyFuture 2025
2019-12-09,2.7139,true,2019-12-08,6.6994,6.8002,MyFuture 2025,PHP,N,6,A,TDF25,Sun Life Phils - Peso MyFuture 2025
2019-12-06,2.7167,true,2019-12-05,6.2373,6.9104,MyFuture 2025,PHP,N,6,A,TDF25,Sun Life Phils - Peso MyFuture 2025
2019-12-05,2.7153,true,2019-12-04,5.5797,6.8553,MyFuture 2025,PHP,N,6,A,TDF25,Sun Life Phils - Peso MyFuture 2025
2019-12-04,2.7181,true,2019-12-03,5.2304,6.9655,MyFuture 2025,PHP,N,6,A,TDF25,Sun Life Phils - Peso MyFuture 2025
2019-12-02,2.725,true,2019-12-01,7.7544,7.237,MyFuture 2025,PHP,N,6,A,TDF25,Sun Life Phils - Peso MyFuture 2025
2019-11-29,2.7065,true,2019-11-28,7.0228,6.509,MyFuture 2025,PHP,N,6,A,TDF25,Sun Life Phils - Peso MyFuture 2025
2019-11-28,2.7103,true,2019-11-27,7.1773,6.6585,MyFuture 2025,PHP,N,6,A,TDF25,Sun Life Phils - Peso MyFuture 2025
2019-11-27,2.7193,true,2019-11-26,7.3592,7.0127,MyFuture 2025,PHP,N,6,A,TDF25,Sun Life Phils - Peso MyFuture 2025
2019-11-26,2.7018,true,2019-11-25,6.8116,6.324,MyFuture 2025,PHP,N,6,A,TDF25,Sun Life Phils - Peso MyFuture 2025
2019-11-25,2.7108,true,2019-11-24,7.6654,6.6782,MyFuture 2025,PHP,N,6,A,TDF25,Sun Life Phils - Peso MyFuture 2025
2019-11-22,2.7175,true,2019-11-21,8.5047,6.9419,MyFuture 2025,PHP,N,6,A,TDF25,Sun Life Phils - Peso MyFuture 2025
2019-11-21,2.7159,true,2019-11-20,8.5665,6.8789,MyFuture 2025,PHP,N,6,A,TDF25,Sun Life Phils - Peso MyFuture 2025
2019-11-20,2.7263,true,2019-11-19,8.7735,7.2882,MyFuture 2025,PHP,N,6,A,TDF25,Sun Life Phils - Peso MyFuture 2025
2019-11-19,2.7276,true,2019-11-18,9.0953,7.3393,MyFuture 2025,PHP,N,6,A,TDF25,Sun Life Phils - Peso MyFuture 2025
2019-11-18,2.7233,true,2019-11-17,10.2194,7.1701,MyFuture 2025,PHP,N,6,A,TDF25,Sun Life Phils - Peso MyFuture 2025
2019-11-15,2.7302,true,2019-11-14,11.5688,7.4417,MyFuture 2025,PHP,N,6,A,TDF25,Sun Life Phils - Peso MyFuture 2025
2019-11-14,2.73,true,2019-11-13,11.7524,7.4338,MyFuture 2025,PHP,N,6,A,TDF25,Sun Life Phils - Peso MyFuture 2025
2019-11-13,2.7316,true,2019-11-12,12.3699,7.4968,MyFuture 2025,PHP,N,6,A,TDF25,Sun Life Phils - Peso MyFuture 2025
2019-11-12,2.7402,true,2019-11-11,12.1516,7.8352,MyFuture 2025,PHP,N,6,A,TDF25,Sun Life Phils - Peso MyFuture 2025
2019-11-11,2.74,true,2019-11-10,11.8733,7.8273,MyFuture 2025,PHP,N,6,A,TDF25,Sun Life Phils - Peso MyFuture 2025
2019-11-08,2.7475,true,2019-11-07,11.737,8.1225,MyFuture 2025,PHP,N,6,A,TDF25,Sun Life Phils - Peso MyFuture 2025
2019-11-07,2.748,true,2019-11-06,11.8574,8.1421,MyFuture 2025,PHP,N,6,A,TDF25,Sun Life Phils - Peso MyFuture 2025
2019-11-06,2.7421,true,2019-11-05,10.5017,7.91,MyFuture 2025,PHP,N,6,A,TDF25,Sun Life Phils - Peso MyFuture 2025
2019-11-05,2.7689,true,2019-11-04,11.0893,8.9646,MyFuture 2025,PHP,N,6,A,TDF25,Sun Life Phils - Peso MyFuture 2025
2019-11-04,2.7478,true,2019-11-03,10.6378,8.1343,MyFuture 2025,PHP,N,6,A,TDF25,Sun Life Phils - Peso MyFuture 2025
2019-10-31,2.7373,true,2019-10-30,10.215,7.7211,MyFuture 2025,PHP,N,6,A,TDF25,Sun Life Phils - Peso MyFuture 2025
2019-10-30,2.7418,true,2019-10-29,11.2247,7.8982,MyFuture 2025,PHP,N,6,A,TDF25,Sun Life Phils - Peso MyFuture 2025
2019-10-29,2.7392,true,2019-10-28,10.3937,7.7958,MyFuture 2025,PHP,N,6,A,TDF25,Sun Life Phils - Peso MyFuture 2025
2019-10-28,2.7329,true,2019-10-27,10.4157,7.5479,MyFuture 2025,PHP,N,6,A,TDF25,Sun Life Phils - Peso MyFuture 2025
2019-10-25,2.73,true,2019-10-24,10.9576,7.4338,MyFuture 2025,PHP,N,6,A,TDF25,Sun Life Phils - Peso MyFuture 2025
2019-10-24,2.7334,true,2019-10-23,10.0004,7.5676,MyFuture 2025,PHP,N,6,A,TDF25,Sun Life Phils - Peso MyFuture 2025
2019-10-23,2.7311,true,2019-10-22,9.4498,7.4771,MyFuture 2025,PHP,N,6,A,TDF25,Sun Life Phils - Peso MyFuture 2025
2019-10-22,2.7338,true,2019-10-21,9.2995,7.5833,MyFuture 2025,PHP,N,6,A,TDF25,Sun Life Phils - Peso MyFuture 2025
2019-10-21,2.7255,true,2019-10-20,9.4842,7.2567,MyFuture 2025,PHP,N,6,A,TDF25,Sun Life Phils - Peso MyFuture 2025
2019-10-18,2.7242,true,2019-10-17,9.4628,7.2055,MyFuture 2025,PHP,N,6,A,TDF25,Sun Life Phils - Peso MyFuture 2025
2019-10-17,2.7303,true,2019-10-16,10.0085,7.4456,MyFuture 2025,PHP,N,6,A,TDF25,Sun Life Phils - Peso MyFuture 2025
2019-10-16,2.7281,true,2019-10-15,10.7004,7.359,MyFuture 2025,PHP,N,6,A,TDF25,Sun Life Phils - Peso MyFuture 2025
2019-10-15,2.7178,true,2019-10-14,10.6011,6.9537,MyFuture 2025,PHP,N,6,A,TDF25,Sun Life Phils - Peso MyFuture 2025
2019-10-14,2.7231,true,2019-10-13,10.2648,7.1623,MyFuture 2025,PHP,N,6,A,TDF25,Sun Life Phils - Peso MyFuture 2025
2019-10-11,2.7189,true,2019-10-10,10.9348,6.997,MyFuture 2025,PHP,N,6,A,TDF25,Sun Life Phils - Peso MyFuture 2025
2019-10-10,2.7086,true,2019-10-09,9.6599,6.5916,MyFuture 2025,PHP,N,6,A,TDF25,Sun Life Phils - Peso MyFuture 2025
2019-10-09,2.6989,true,2019-10-08,8.7608,6.2099,MyFuture 2025,PHP,N,6,A,TDF25,Sun Life Phils - Peso MyFuture 2025
2019-10-08,2.7088,true,2019-10-07,9.2082,6.5995,MyFuture 2025,PHP,N,6,A,TDF25,Sun Life Phils - Peso MyFuture 2025
2019-10-07,2.6993,true,2019-10-06,8.6019,6.2257,MyFuture 2025,PHP,N,6,A,TDF25,Sun Life Phils - Peso MyFuture 2025
2019-10-04,2.701,true,2019-10-03,8.6135,6.2926,MyFuture 2025,PHP,N,6,A,TDF25,Sun Life Phils - Peso MyFuture 2025
2019-10-03,2.6793,true,2019-10-02,6.9282,5.4386,MyFuture 2025,PHP,N,6,A,TDF25,Sun Life Phils - Peso MyFuture 2025
2019-10-02,2.6874,true,2019-10-01,7.746,5.7573,MyFuture 2025,PHP,N,6,A,TDF25,Sun Life Phils - Peso MyFuture 2025
2019-10-01,2.7044,true,2019-09-30,7.7493,6.4264,MyFuture 2025,PHP,N,6,A,TDF25,Sun Life Phils - Peso MyFuture 2025
2019-09-30,2.707,true,2019-09-29,7.4462,6.5287,MyFuture 2025,PHP,N,6,A,TDF25,Sun Life Phils - Peso MyFuture 2025
2019-09-27,2.7132,true,2019-09-26,7.4492,6.7727,MyFuture 2025,PHP,N,6,A,TDF25,Sun Life Phils - Peso MyFuture 2025
2019-09-26,2.724,true,2019-09-25,8.2843,7.1977,MyFuture 2025,PHP,N,6,A,TDF25,Sun Life Phils - Peso MyFuture 2025
2019-09-25,2.724,true,2019-09-24,7.8086,7.1977,MyFuture 2025,PHP,N,6,A,TDF25,Sun Life Phils - Peso MyFuture 2025
2019-09-24,2.7223,true,2019-09-23,7.0549,7.1308,MyFuture 2025,PHP,N,6,A,TDF25,Sun Life Phils - Peso MyFuture 2025
2019-09-23,2.719,true,2019-09-22,7.2499,7.0009,MyFuture 2025,PHP,N,6,A,TDF25,Sun Life Phils - Peso MyFuture 2025
2019-09-20,2.7179,true,2019-09-19,8.912,6.9576,MyFuture 2025,PHP,N,6,A,TDF25,Sun Life Phils - Peso MyFuture 2025
2019-09-19,2.7228,true,2019-09-18,8.4738,7.1504,MyFuture 2025,PHP,N,6,A,TDF25,Sun Life Phils - Peso MyFuture 2025
2019-09-18,2.7232,true,2019-09-17,7.9735,7.1662,MyFuture 2025,PHP,N,6,A,TDF25,Sun Life Phils - Peso MyFuture 2025
2019-09-17,2.7245,true,2019-09-16,6.9858,7.2173,MyFuture 2025,PHP,N,6,A,TDF25,Sun Life Phils - Peso MyFuture 2025
2019-09-16,2.7318,true,2019-09-15,7.2472,7.5046,MyFuture 2025,PHP,N,6,A,TDF25,Sun Life Phils - Peso MyFuture 2025
2019-09-13,2.7343,true,2019-09-12,6.6628,7.603,MyFuture 2025,PHP,N,6,A,TDF25,Sun Life Phils - Peso MyFuture 2025
2019-09-12,2.7261,true,2019-09-11,6.7593,7.2803,MyFuture 2025,PHP,N,6,A,TDF25,Sun Life Phils - Peso MyFuture 2025
2019-09-11,2.7308,true,2019-09-10,6.4805,7.4653,MyFuture 2025,PHP,N,6,A,TDF25,Sun Life Phils - Peso MyFuture 2025
2019-09-10,2.7271,true,2019-09-09,5.7302,7.3197,MyFuture 2025,PHP,N,6,A,TDF25,Sun Life Phils - Peso MyFuture 2025
2019-09-09,2.7317,true,2019-09-08,5.8881,7.5007,MyFuture 2025,PHP,N,6,A,TDF25,Sun Life Phils - Peso MyFuture 2025
2019-09-06,2.7292,true,2020-08-13,5.5089,7.4023,MyFuture 2025,PHP,N,6,A,TDF25,Sun Life Phils - Peso MyFuture 2025
2019-09-05,2.7251,true,2019-09-04,4.2861,7.241,MyFuture 2025,PHP,N,6,A,TDF25,Sun Life Phils - Peso MyFuture 2025
2019-09-04,2.7172,true,2019-09-03,3.0101,6.9301,MyFuture 2025,PHP,N,6,A,TDF25,Sun Life Phils - Peso MyFuture 2025
2019-09-03,2.712,true,2019-09-02,3.1767,6.7254,MyFuture 2025,PHP,N,6,A,TDF25,Sun Life Phils - Peso MyFuture 2025
2019-09-02,2.727,true,2019-09-01,3.6488,7.3157,MyFuture 2025,PHP,N,6,A,TDF25,Sun Life Phils - Peso MyFuture 2025
2019-08-30,2.7337,true,2019-08-29,3.9074,7.5794,MyFuture 2025,PHP,N,6,A,TDF25,Sun Life Phils - Peso MyFuture 2025
2019-08-29,2.7233,true,2019-08-28,3.7171,7.1701,MyFuture 2025,PHP,N,6,A,TDF25,Sun Life Phils - Peso MyFuture 2025
2019-08-28,2.7174,true,2019-08-27,3.4766,6.9379,MyFuture 2025,PHP,N,6,A,TDF25,Sun Life Phils - Peso MyFuture 2025
2019-08-27,2.7039,true,2019-08-26,3.5342,6.4067,MyFuture 2025,PHP,N,6,A,TDF25,Sun Life Phils - Peso MyFuture 2025
2019-08-23,2.7204,true,2019-08-22,3.9431,7.056,MyFuture 2025,PHP,N,6,A,TDF25,Sun Life Phils - Peso MyFuture 2025
2019-08-22,2.7169,true,2019-08-21,4.9199,6.9183,MyFuture 2025,PHP,N,6,A,TDF25,Sun Life Phils - Peso MyFuture 2025
2019-08-20,2.7198,true,2019-08-19,6.031,7.0324,MyFuture 2025,PHP,N,6,A,TDF25,Sun Life Phils - Peso MyFuture 2025
2019-08-19,2.7248,true,2019-08-18,5.7805,7.2292,MyFuture 2025,PHP,N,6,A,TDF25,Sun Life Phils - Peso MyFuture 2025
2019-08-16,2.707,true,2019-08-15,5.5073,6.5287,MyFuture 2025,PHP,N,6,A,TDF25,Sun Life Phils - Peso MyFuture 2025
2019-08-15,2.7097,true,2019-08-14,5.4604,6.6349,MyFuture 2025,PHP,N,6,A,TDF25,Sun Life Phils - Peso MyFuture 2025
2019-08-14,2.712,true,2019-08-13,5.628,6.7254,MyFuture 2025,PHP,N,6,A,TDF25,Sun Life Phils - Peso MyFuture 2025
2019-08-13,2.7032,true,2019-08-12,4.5604,6.3791,MyFuture 2025,PHP,N,6,A,TDF25,Sun Life Phils - Peso MyFuture 2025
2019-08-09,2.7077,true,2019-08-08,3.5964,6.5562,MyFuture 2025,PHP,N,6,A,TDF25,Sun Life Phils - Peso MyFuture 2025
2019-08-08,2.7125,true,2019-08-07,3.5978,6.7451,MyFuture 2025,PHP,N,6,A,TDF25,Sun Life Phils - Peso MyFuture 2025
2019-08-07,2.7134,true,2019-08-06,4.4379,6.7805,MyFuture 2025,PHP,N,6,A,TDF25,Sun Life Phils - Peso MyFuture 2025
2019-08-06,2.692,true,2019-08-05,3.2723,5.9384,MyFuture 2025,PHP,N,6,A,TDF25,Sun Life Phils - Peso MyFuture 2025
2019-08-05,2.7055,true,2019-08-04,3.7982,6.4696,MyFuture 2025,PHP,N,6,A,TDF25,Sun Life Phils - Peso MyFuture 2025
2019-08-02,2.7386,true,2019-08-01,5.4524,7.7722,MyFuture 2025,PHP,N,6,A,TDF25,Sun Life Phils - Peso MyFuture 2025
2019-08-01,2.7331,true,2019-07-31,4.7325,7.5558,MyFuture 2025,PHP,N,6,A,TDF25,Sun Life Phils - Peso MyFuture 2025
2019-07-31,2.7263,true,2019-07-30,5.5192,7.2882,MyFuture 2025,PHP,N,6,A,TDF25,Sun Life Phils - Peso MyFuture 2025
2019-07-30,2.7376,true,2019-07-29,5.2883,7.7329,MyFuture 2025,PHP,N,6,A,TDF25,Sun Life Phils - Peso MyFuture 2025
2019-07-29,2.7413,true,2019-07-28,5.8989,7.8785,MyFuture 2025,PHP,N,6,A,TDF25,Sun Life Phils - Peso MyFuture 2025
2019-07-26,2.7393,true,2019-07-25,6.1374,7.7998,MyFuture 2025,PHP,N,6,A,TDF25,Sun Life Phils - Peso MyFuture 2025
2019-07-25,2.7501,true,2019-07-24,7.3922,8.2248,MyFuture 2025,PHP,N,6,A,TDF25,Sun Life Phils - Peso MyFuture 2025
2019-07-24,2.7342,true,2019-07-23,7.2109,7.5991,MyFuture 2025,PHP,N,6,A,TDF25,Sun Life Phils - Peso MyFuture 2025
2019-07-23,2.746,true,2019-07-22,8.1443,8.0634,MyFuture 2025,PHP,N,6,A,TDF25,Sun Life Phils - Peso MyFuture 2025
2019-07-22,2.7434,true,2019-07-21,7.9484,7.9611,MyFuture 2025,PHP,N,6,A,TDF25,Sun Life Phils - Peso MyFuture 2025
2019-07-19,2.7483,true,2019-07-18,8.2178,8.1539,MyFuture 2025,PHP,N,6,A,TDF25,Sun Life Phils - Peso MyFuture 2025
2019-07-18,2.7414,true,2019-07-17,7.4764,7.8824,MyFuture 2025,PHP,N,6,A,TDF25,Sun Life Phils - Peso MyFuture 2025
2019-07-17,2.7386,true,2019-07-16,7.8444,7.7722,MyFuture 2025,PHP,N,6,A,TDF25,Sun Life Phils - Peso MyFuture 2025
2019-07-16,2.7417,true,2019-07-15,8.1155,7.8942,MyFuture 2025,PHP,N,6,A,TDF25,Sun Life Phils - Peso MyFuture 2025
2019-07-15,2.7521,true,2019-07-14,8.3248,8.3035,MyFuture 2025,PHP,N,6,A,TDF25,Sun Life Phils - Peso MyFuture 2025
2019-07-12,2.724,true,2019-07-11,7.5447,7.1977,MyFuture 2025,PHP,N,6,A,TDF25,Sun Life Phils - Peso MyFuture 2025
2019-07-11,2.7271,true,2019-07-10,7.799,7.3197,MyFuture 2025,PHP,N,6,A,TDF25,Sun Life Phils - Peso MyFuture 2025
2019-07-10,2.7158,true,2019-07-09,8.0571,6.875,MyFuture 2025,PHP,N,6,A,TDF25,Sun Life Phils - Peso MyFuture 2025
2019-07-09,2.7127,true,2019-07-08,8.4083,6.753,MyFuture 2025,PHP,N,6,A,TDF25,Sun Life Phils - Peso MyFuture 2025
2019-07-08,2.7127,true,2019-07-07,8.4906,6.753,MyFuture 2025,PHP,N,6,A,TDF25,Sun Life Phils - Peso MyFuture 2025
2019-07-05,2.7226,true,2019-07-04,8.5653,7.1426,MyFuture 2025,PHP,N,6,A,TDF25,Sun Life Phils - Peso MyFuture 2025
2019-07-04,2.716,true,2019-07-03,7.492,6.8828,MyFuture 2025,PHP,N,6,A,TDF25,Sun Life Phils - Peso MyFuture 2025
2019-07-03,2.7186,true,2019-07-02,8.1341,6.9852,MyFuture 2025,PHP,N,6,A,TDF25,Sun Life Phils - Peso MyFuture 2025
2019-07-02,2.7185,true,2019-07-01,8.3629,6.9812,MyFuture 2025,PHP,N,6,A,TDF25,Sun Life Phils - Peso MyFuture 2025
2019-07-01,2.7098,true,2019-06-30,8.34,6.6389,MyFuture 2025,PHP,N,6,A,TDF25,Sun Life Phils - Peso MyFuture 2025
2019-06-28,2.7007,true,2019-06-27,8.8948,6.2807,MyFuture 2025,PHP,N,6,A,TDF25,Sun Life Phils - Peso MyFuture 2025
2019-06-27,2.7085,true,2019-06-26,8.4528,6.5877,MyFuture 2025,PHP,N,6,A,TDF25,Sun Life Phils - Peso MyFuture 2025
2019-06-26,2.7008,true,2019-06-25,9.238,6.2847,MyFuture 2025,PHP,N,6,A,TDF25,Sun Life Phils - Peso MyFuture 2025
2019-06-25,2.7035,true,2019-06-24,9.4756,6.3909,MyFuture 2025,PHP,N,6,A,TDF25,Sun Life Phils - Peso MyFuture 2025
2019-06-24,2.7055,true,2019-06-23,9.0136,6.4696,MyFuture 2025,PHP,N,6,A,TDF25,Sun Life Phils - Peso MyFuture 2025
2019-06-21,2.7038,true,2019-06-20,8.6998,6.4027,MyFuture 2025,PHP,N,6,A,TDF25,Sun Life Phils - Peso MyFuture 2025
2019-06-20,2.6999,true,2019-06-19,7.4459,6.2493,MyFuture 2025,PHP,N,6,A,TDF25,Sun Life Phils - Peso MyFuture 2025
2019-06-19,2.6973,true,2019-06-18,6.9805,6.1469,MyFuture 2025,PHP,N,6,A,TDF25,Sun Life Phils - Peso MyFuture 2025
2019-06-18,2.684,true,2019-06-17,5.7234,5.6235,MyFuture 2025,PHP,N,6,A,TDF25,Sun Life Phils - Peso MyFuture 2025
2019-06-17,2.6812,true,2019-06-16,4.9599,5.5134,MyFuture 2025,PHP,N,6,A,TDF25,Sun Life Phils - Peso MyFuture 2025
2019-06-14,2.6919,true,2019-06-13,5.3787,5.9344,MyFuture 2025,PHP,N,6,A,TDF25,Sun Life Phils - Peso MyFuture 2025
2019-06-13,2.7006,true,2019-06-12,5.0408,6.2768,MyFuture 2025,PHP,N,6,A,TDF25,Sun Life Phils - Peso MyFuture 2025
2019-06-11,2.6972,true,2019-06-10,3.4996,6.143,MyFuture 2025,PHP,N,6,A,TDF25,Sun Life Phils - Peso MyFuture 2025
2019-06-10,2.6993,true,2019-06-09,3.7713,6.2257,MyFuture 2025,PHP,N,6,A,TDF25,Sun Life Phils - Peso MyFuture 2025
2019-06-07,2.6875,true,2019-06-06,2.926,5.7613,MyFuture 2025,PHP,N,6,A,TDF25,Sun Life Phils - Peso MyFuture 2025
2019-06-06,2.6836,true,2019-06-05,3.71,5.6078,MyFuture 2025,PHP,N,6,A,TDF25,Sun Life Phils - Peso MyFuture 2025
2019-06-04,2.6793,true,2019-06-03,4.2691,5.4386,MyFuture 2025,PHP,N,6,A,TDF25,Sun Life Phils - Peso MyFuture 2025
2019-06-03,2.6962,true,2019-06-02,4.4593,6.1037,MyFuture 2025,PHP,N,6,A,TDF25,Sun Life Phils - Peso MyFuture 2025
2019-05-31,2.6801,true,2019-05-30,4.6464,5.4701,MyFuture 2025,PHP,N,6,A,TDF25,Sun Life Phils - Peso MyFuture 2025
2019-05-30,2.6619,true,2019-05-29,4.2737,4.7538,MyFuture 2025,PHP,N,6,A,TDF25,Sun Life Phils - Peso MyFuture 2025
2019-05-29,2.6571,true,2019-05-28,3.2485,4.565,MyFuture 2025,PHP,N,6,A,TDF25,Sun Life Phils - Peso MyFuture 2025
2019-05-28,2.6517,true,2019-05-27,2.787,4.3524,MyFuture 2025,PHP,N,6,A,TDF25,Sun Life Phils - Peso MyFuture 2025
2019-05-27,2.6465,true,2019-05-26,2.5576,4.1478,MyFuture 2025,PHP,N,6,A,TDF25,Sun Life Phils - Peso MyFuture 2025
2019-05-24,2.6487,true,2019-05-23,2.6349,4.2344,MyFuture 2025,PHP,N,6,A,TDF25,Sun Life Phils - Peso MyFuture 2025
2019-05-23,2.6555,true,2019-05-22,3.4839,4.502,MyFuture 2025,PHP,N,6,A,TDF25,Sun Life Phils - Peso MyFuture 2025
2019-05-22,2.6565,true,2019-05-21,2.9731,4.5413,MyFuture 2025,PHP,N,6,A,TDF25,Sun Life Phils - Peso MyFuture 2025
2019-05-21,2.6435,true,2019-05-20,2.3938,4.0298,MyFuture 2025,PHP,N,6,A,TDF25,Sun Life Phils - Peso MyFuture 2025
2019-05-20,2.6343,true,2019-05-19,1.9466,3.6677,MyFuture 2025,PHP,N,6,A,TDF25,Sun Life Phils - Peso MyFuture 2025
2019-05-17,2.6238,true,2019-05-16,1.1761,3.2545,MyFuture 2025,PHP,N,6,A,TDF25,Sun Life Phils - Peso MyFuture 2025
2019-05-16,2.6101,true,2019-05-15,-0.2065,2.7154,MyFuture 2025,PHP,N,6,A,TDF25,Sun Life Phils - Peso MyFuture 2025
2019-05-15,2.6233,true,2019-05-14,0.1718,3.2348,MyFuture 2025,PHP,N,6,A,TDF25,Sun Life Phils - Peso MyFuture 2025
2019-05-14,2.6325,true,2019-05-13,1.2656,3.5969,MyFuture 2025,PHP,N,6,A,TDF25,Sun Life Phils - Peso MyFuture 2025
2019-05-10,2.6459,true,2019-05-09,2.7534,4.1242,MyFuture 2025,PHP,N,6,A,TDF25,Sun Life Phils - Peso MyFuture 2025
2019-05-09,2.6476,true,2019-05-08,2.8234,4.1911,MyFuture 2025,PHP,N,6,A,TDF25,Sun Life Phils - Peso MyFuture 2025
2019-05-08,2.6698,true,2019-05-07,3.5488,5.0647,MyFuture 2025,PHP,N,6,A,TDF25,Sun Life Phils - Peso MyFuture 2025
2019-05-07,2.6674,true,2019-05-06,3.7495,4.9703,MyFuture 2025,PHP,N,6,A,TDF25,Sun Life Phils - Peso MyFuture 2025
2019-05-06,2.6609,true,2019-05-05,3.541,4.7145,MyFuture 2025,PHP,N,6,A,TDF25,Sun Life Phils - Peso MyFuture 2025
2019-05-03,2.6734,true,2019-05-02,3.8577,5.2064,MyFuture 2025,PHP,N,6,A,TDF25,Sun Life Phils - Peso MyFuture 2025
2019-05-02,2.676,true,2019-05-01,2.6388,5.3087,MyFuture 2025,PHP,N,6,A,TDF25,Sun Life Phils - Peso MyFuture 2025
2019-04-30,2.6674,true,2019-04-29,1.782,4.9703,MyFuture 2025,PHP,N,6,A,TDF25,Sun Life Phils - Peso MyFuture 2025
2019-04-29,2.6594,true,2019-04-28,2.1,4.6555,MyFuture 2025,PHP,N,6,A,TDF25,Sun Life Phils - Peso MyFuture 2025
2019-04-26,2.6554,true,2019-04-25,2.7075,4.4981,MyFuture 2025,PHP,N,6,A,TDF25,Sun Life Phils - Peso MyFuture 2025
2019-04-25,2.6601,true,2019-04-24,2.945,4.683,MyFuture 2025,PHP,N,6,A,TDF25,Sun Life Phils - Peso MyFuture 2025
2019-04-24,2.6528,true,2019-04-23,2.2195,4.3957,MyFuture 2025,PHP,N,6,A,TDF25,Sun Life Phils - Peso MyFuture 2025
2019-04-23,2.6458,true,2019-04-22,0.8962,4.1203,MyFuture 2025,PHP,N,6,A,TDF25,Sun Life Phils - Peso MyFuture 2025
2019-04-22,2.6477,true,2019-04-21,1.0225,4.195,MyFuture 2025,PHP,N,6,A,TDF25,Sun Life Phils - Peso MyFuture 2025
2019-04-17,2.6486,true,2019-04-16,1.0607,4.2305,MyFuture 2025,PHP,N,6,A,TDF25,Sun Life Phils - Peso MyFuture 2025
2019-04-16,2.6468,true,2019-04-15,-0.0529,4.1596,MyFuture 2025,PHP,N,6,A,TDF25,Sun Life Phils - Peso MyFuture 2025
2019-04-15,2.6416,true,2019-04-14,-0.4335,3.955,MyFuture 2025,PHP,N,6,A,TDF25,Sun Life Phils - Peso MyFuture 2025
2019-04-12,2.6546,true,2019-04-11,-0.7737,4.4666,MyFuture 2025,PHP,N,6,A,TDF25,Sun Life Phils - Peso MyFuture 2025
2019-04-11,2.6649,true,2019-04-10,0.203,4.8719,MyFuture 2025,PHP,N,6,A,TDF25,Sun Life Phils - Peso MyFuture 2025
2019-04-10,2.6725,true,2019-04-09,0.538,5.171,MyFuture 2025,PHP,N,6,A,TDF25,Sun Life Phils - Peso MyFuture 2025
2019-04-08,2.6608,true,2019-04-07,0.1129,4.7106,MyFuture 2025,PHP,N,6,A,TDF25,Sun Life Phils - Peso MyFuture 2025
2019-04-05,2.6552,true,2019-04-04,-0.5357,4.4902,MyFuture 2025,PHP,N,6,A,TDF25,Sun Life Phils - Peso MyFuture 2025
2019-04-04,2.6531,true,2019-04-03,-0.4652,4.4075,MyFuture 2025,PHP,N,6,A,TDF25,Sun Life Phils - Peso MyFuture 2025
2019-04-03,2.6579,true,2019-04-02,-0.6021,4.5964,MyFuture 2025,PHP,N,6,A,TDF25,Sun Life Phils - Peso MyFuture 2025
2019-04-02,2.6563,true,2019-04-01,-0.5541,4.5335,MyFuture 2025,PHP,N,6,A,TDF25,Sun Life Phils - Peso MyFuture 2025
2019-04-01,2.6517,true,2019-03-31,-0.3495,4.3524,MyFuture 2025,PHP,N,6,A,TDF25,Sun Life Phils - Peso MyFuture 2025
2019-03-29,2.6626,true,2019-03-28,0.0601,4.7814,MyFuture 2025,PHP,N,6,A,TDF25,Sun Life Phils - Peso MyFuture 2025
2019-03-28,2.6567,true,2019-03-27,-0.1616,4.5492,MyFuture 2025,PHP,N,6,A,TDF25,Sun Life Phils - Peso MyFuture 2025
2019-03-27,2.6518,true,2019-03-26,-0.7225,4.3564,MyFuture 2025,PHP,N,6,A,TDF25,Sun Life Phils - Peso MyFuture 2025
2019-03-26,2.6558,true,2019-03-25,0.0904,4.5138,MyFuture 2025,PHP,N,6,A,TDF25,Sun Life Phils - Peso MyFuture 2025
2019-03-25,2.6495,true,2019-03-24,-0.4097,4.2659,MyFuture 2025,PHP,N,6,A,TDF25,Sun Life Phils - Peso MyFuture 2025
2019-03-22,2.6696,true,2019-03-21,-0.5736,5.0569,MyFuture 2025,PHP,N,6,A,TDF25,Sun Life Phils - Peso MyFuture 2025
2019-03-21,2.662,true,2019-03-20,0.4112,4.7578,MyFuture 2025,PHP,N,6,A,TDF25,Sun Life Phils - Peso MyFuture 2025
2019-03-20,2.6467,true,2019-03-19,-1.0764,4.1557,MyFuture 2025,PHP,N,6,A,TDF25,Sun Life Phils - Peso MyFuture 2025
2019-03-19,2.6438,true,2019-03-18,-2.1503,4.0416,MyFuture 2025,PHP,N,6,A,TDF25,Sun Life Phils - Peso MyFuture 2025
2019-03-18,2.6467,true,2019-03-17,-2.0611,4.1557,MyFuture 2025,PHP,N,6,A,TDF25,Sun Life Phils - Peso MyFuture 2025
2019-03-15,2.634,true,2019-03-14,-2.3142,3.6559,MyFuture 2025,PHP,N,6,A,TDF25,Sun Life Phils - Peso MyFuture 2025
2019-03-14,2.6272,true,2019-03-13,-3.4508,3.3883,MyFuture 2025,PHP,N,6,A,TDF25,Sun Life Phils - Peso MyFuture 2025
2019-03-13,2.6307,true,2019-03-12,-3.81,3.526,MyFuture 2025,PHP,N,6,A,TDF25,Sun Life Phils - Peso MyFuture 2025
2019-03-12,2.6278,true,2019-03-11,-4.287,3.4119,MyFuture 2025,PHP,N,6,A,TDF25,Sun Life Phils - Peso MyFuture 2025
2019-03-11,2.6225,true,2019-03-10,-4.0853,3.2033,MyFuture 2025,PHP,N,6,A,TDF25,Sun Life Phils - Peso MyFuture 2025
2019-03-08,2.6336,true,2019-03-07,-3.7321,3.6402,MyFuture 2025,PHP,N,6,A,TDF25,Sun Life Phils - Peso MyFuture 2025
2019-03-07,2.6443,true,2019-03-06,-3.4575,4.0612,MyFuture 2025,PHP,N,6,A,TDF25,Sun Life Phils - Peso MyFuture 2025
2019-03-06,2.6358,true,2019-03-05,-3.5212,3.7267,MyFuture 2025,PHP,N,6,A,TDF25,Sun Life Phils - Peso MyFuture 2025
2019-03-05,2.6161,true,2019-03-04,-4.4766,2.9515,MyFuture 2025,PHP,N,6,A,TDF25,Sun Life Phils - Peso MyFuture 2025
2019-03-04,2.6166,true,2019-03-03,-4.8198,2.9712,MyFuture 2025,PHP,N,6,A,TDF25,Sun Life Phils - Peso MyFuture 2025
2019-03-01,2.6116,true,2019-02-28,-5.0155,2.7744,MyFuture 2025,PHP,N,6,A,TDF25,Sun Life Phils - Peso MyFuture 2025
2019-02-28,2.6207,true,2019-02-27,-4.8126,3.1325,MyFuture 2025,PHP,N,6,A,TDF25,Sun Life Phils - Peso MyFuture 2025
2019-02-27,2.6455,true,2019-02-26,-4.5463,4.1085,MyFuture 2025,PHP,N,6,A,TDF25,Sun Life Phils - Peso MyFuture 2025
2019-02-26,2.6595,true,2019-02-25,-3.5295,4.6594,MyFuture 2025,PHP,N,6,A,TDF25,Sun Life Phils - Peso MyFuture 2025
2019-02-22,2.6553,true,2019-02-21,-3.8074,4.4941,MyFuture 2025,PHP,N,6,A,TDF25,Sun Life Phils - Peso MyFuture 2025
2019-02-21,2.6512,true,2019-02-20,-4.5644,4.3328,MyFuture 2025,PHP,N,6,A,TDF25,Sun Life Phils - Peso MyFuture 2025
2019-02-20,2.6517,true,2019-02-19,-5.0795,4.3524,MyFuture 2025,PHP,N,6,A,TDF25,Sun Life Phils - Peso MyFuture 2025
2019-02-19,2.6372,true,2019-02-18,-5.5478,3.7818,MyFuture 2025,PHP,N,6,A,TDF25,Sun Life Phils - Peso MyFuture 2025
2019-02-18,2.6459,true,2019-02-17,-4.7003,4.1242,MyFuture 2025,PHP,N,6,A,TDF25,Sun Life Phils - Peso MyFuture 2025
2019-02-15,2.6461,true,2019-02-14,-4.6931,4.1321,MyFuture 2025,PHP,N,6,A,TDF25,Sun Life Phils - Peso MyFuture 2025
2019-02-14,2.6558,true,2019-02-13,-4.2817,4.5138,MyFuture 2025,PHP,N,6,A,TDF25,Sun Life Phils - Peso MyFuture 2025
2019-02-13,2.6462,true,2019-02-12,-4.4797,4.136,MyFuture 2025,PHP,N,6,A,TDF25,Sun Life Phils - Peso MyFuture 2025
2019-02-12,2.6594,true,2019-02-11,-3.596,4.6555,MyFuture 2025,PHP,N,6,A,TDF25,Sun Life Phils - Peso MyFuture 2025
2019-02-11,2.6674,true,2019-02-10,-3.4216,4.9703,MyFuture 2025,PHP,N,6,A,TDF25,Sun Life Phils - Peso MyFuture 2025
2019-02-08,2.6679,true,2019-02-07,-4.1806,4.99,MyFuture 2025,PHP,N,6,A,TDF25,Sun Life Phils - Peso MyFuture 2025
2019-02-07,2.6736,true,2019-02-06,-4.1342,5.2143,MyFuture 2025,PHP,N,6,A,TDF25,Sun Life Phils - Peso MyFuture 2025
2019-02-06,2.6656,true,2019-02-05,-3.8245,4.8995,MyFuture 2025,PHP,N,6,A,TDF25,Sun Life Phils - Peso MyFuture 2025
2019-02-04,2.6656,true,2019-02-03,-5.213,4.8995,MyFuture 2025,PHP,N,6,A,TDF25,Sun Life Phils - Peso MyFuture 2025
2019-02-01,2.6783,true,2019-01-31,-4.3942,5.3992,MyFuture 2025,PHP,N,6,A,TDF25,Sun Life Phils - Peso MyFuture 2025
2019-01-31,2.6559,true,2019-01-30,-5.2682,4.5177,MyFuture 2025,PHP,N,6,A,TDF25,Sun Life Phils - Peso MyFuture 2025
2019-01-30,2.6498,true,2019-01-29,-6.2748,4.2777,MyFuture 2025,PHP,N,6,A,TDF25,Sun Life Phils - Peso MyFuture 2025
2019-01-29,2.6598,true,2019-01-28,-6.6639,4.6712,MyFuture 2025,PHP,N,6,A,TDF25,Sun Life Phils - Peso MyFuture 2025
2019-01-28,2.6607,true,2019-01-27,-6.478,4.7066,MyFuture 2025,PHP,N,6,A,TDF25,Sun Life Phils - Peso MyFuture 2025
2019-01-25,2.6599,true,2019-01-24,-6.2557,4.6751,MyFuture 2025,PHP,N,6,A,TDF25,Sun Life Phils - Peso MyFuture 2025
2019-01-24,2.6616,true,2019-01-23,-5.7774,4.742,MyFuture 2025,PHP,N,6,A,TDF25,Sun Life Phils - Peso MyFuture 2025
2019-01-23,2.65,true,2019-01-22,-6.5618,4.2855,MyFuture 2025,PHP,N,6,A,TDF25,Sun Life Phils - Peso MyFuture 2025
2019-01-22,2.6527,true,2019-01-21,-6.212,4.3918,MyFuture 2025,PHP,N,6,A,TDF25,Sun Life Phils - Peso MyFuture 2025
2019-01-21,2.6513,true,2019-01-20,-6.0755,4.3367,MyFuture 2025,PHP,N,6,A,TDF25,Sun Life Phils - Peso MyFuture 2025
2019-01-18,2.6549,true,2019-01-17,-5.4287,4.4784,MyFuture 2025,PHP,N,6,A,TDF25,Sun Life Phils - Peso MyFuture 2025
2019-01-17,2.6362,true,2019-01-16,-6.2418,3.7425,MyFuture 2025,PHP,N,6,A,TDF25,Sun Life Phils - Peso MyFuture 2025
2019-01-16,2.6221,true,2019-01-15,-6.7598,3.1876,MyFuture 2025,PHP,N,6,A,TDF25,Sun Life Phils - Peso MyFuture 2025
2019-01-15,2.6441,true,2019-01-14,-5.9441,4.0534,MyFuture 2025,PHP,N,6,A,TDF25,Sun Life Phils - Peso MyFuture 2025
2019-01-14,2.6447,true,2019-01-13,-5.6913,4.077,MyFuture 2025,PHP,N,6,A,TDF25,Sun Life Phils - Peso MyFuture 2025
2019-01-11,2.6225,true,2019-01-10,-6.4696,3.2033,MyFuture 2025,PHP,N,6,A,TDF25,Sun Life Phils - Peso MyFuture 2025
2019-01-10,2.6337,true,2019-01-09,-6.5898,3.6441,MyFuture 2025,PHP,N,6,A,TDF25,Sun Life Phils - Peso MyFuture 2025
2019-01-09,2.6218,true,2019-01-08,-7.1107,3.1758,MyFuture 2025,PHP,N,6,A,TDF25,Sun Life Phils - Peso MyFuture 2025
2019-01-08,2.5834,true,2019-01-07,-7.4912,1.6646,MyFuture 2025,PHP,N,6,A,TDF25,Sun Life Phils - Peso MyFuture 2025
2019-01-07,2.5947,true,2019-01-06,-7.2327,2.1093,MyFuture 2025,PHP,N,6,A,TDF25,Sun Life Phils - Peso MyFuture 2025
2019-01-04,2.589,true,2019-01-03,-7.2841,1.885,MyFuture 2025,PHP,N,6,A,TDF25,Sun Life Phils - Peso MyFuture 2025
2019-01-03,2.5756,true,2019-01-02,-7.6581,1.3577,MyFuture 2025,PHP,N,6,A,TDF25,Sun Life Phils - Peso MyFuture 2025
2019-01-02,2.5448,true,2019-01-01,-7.9272,0.1456,MyFuture 2025,PHP,N,6,A,TDF25,Sun Life Phils - Peso MyFuture 2025
2018-12-28,2.5411,true,2018-12-27,-7.9712,-8.0677,MyFuture 2025,PHP,N,6,A,TDF25,Sun Life Phils - Peso MyFuture 2025
2018-12-27,2.5446,true,2018-12-26,-7.6169,-7.9411,MyFuture 2025,PHP,N,6,A,TDF25,Sun Life Phils - Peso MyFuture 2025
2018-12-26,2.5376,true,2018-12-25,-7.606,-8.1943,MyFuture 2025,PHP,N,6,A,TDF25,Sun Life Phils - Peso MyFuture 2025
2018-12-21,2.5423,true,2018-12-20,-7.0967,-8.0243,MyFuture 2025,PHP,N,6,A,TDF25,Sun Life Phils - Peso MyFuture 2025
2018-12-20,2.556,true,2018-12-19,-6.5038,-7.5287,MyFuture 2025,PHP,N,6,A,TDF25,Sun Life Phils - Peso MyFuture 2025
2018-12-19,2.5582,true,2018-12-18,-6.4678,-7.4491,MyFuture 2025,PHP,N,6,A,TDF25,Sun Life Phils - Peso MyFuture 2025
2018-12-18,2.5343,true,2018-12-17,-7.6758,-8.3137,MyFuture 2025,PHP,N,6,A,TDF25,Sun Life Phils - Peso MyFuture 2025
2018-12-17,2.5505,true,2018-12-16,-6.5922,-7.7277,MyFuture 2025,PHP,N,6,A,TDF25,Sun Life Phils - Peso MyFuture 2025
2018-12-14,2.5514,true,2018-12-13,-7.2791,-7.6951,MyFuture 2025,PHP,N,6,A,TDF25,Sun Life Phils - Peso MyFuture 2025
2018-12-13,2.5508,true,2018-12-12,-6.7383,-7.7168,MyFuture 2025,PHP,N,6,A,TDF25,Sun Life Phils - Peso MyFuture 2025
2018-12-12,2.546,true,2018-12-11,-6.7604,-7.8905,MyFuture 2025,PHP,N,6,A,TDF25,Sun Life Phils - Peso MyFuture 2025
2018-12-11,2.5406,true,2018-12-10,-7.0909,-8.0858,MyFuture 2025,PHP,N,6,A,TDF25,Sun Life Phils - Peso MyFuture 2025
2018-12-10,2.5262,true,2018-12-09,-7.3056,-8.6068,MyFuture 2025,PHP,N,6,A,TDF25,Sun Life Phils - Peso MyFuture 2025
2018-12-07,2.5435,true,2018-12-06,-5.9043,-7.9809,MyFuture 2025,PHP,N,6,A,TDF25,Sun Life Phils - Peso MyFuture 2025
2018-12-06,2.5572,true,2018-12-05,-5.1237,-7.4853,MyFuture 2025,PHP,N,6,A,TDF25,Sun Life Phils - Peso MyFuture 2025
2018-12-05,2.5718,true,2018-12-04,-4.674,-6.9571,MyFuture 2025,PHP,N,6,A,TDF25,Sun Life Phils - Peso MyFuture 2025
2018-12-04,2.583,true,2018-12-03,-3.8776,-6.5519,MyFuture 2025,PHP,N,6,A,TDF25,Sun Life Phils - Peso MyFuture 2025
2018-12-03,2.5551,true,2018-12-02,-5.2965,-7.5612,MyFuture 2025,PHP,N,6,A,TDF25,Sun Life Phils - Peso MyFuture 2025
2018-11-29,2.5289,true,2018-11-28,-6.9094,-8.5091,MyFuture 2025,PHP,N,6,A,TDF25,Sun Life Phils - Peso MyFuture 2025
2018-11-28,2.5288,true,2018-11-27,-7.1523,-8.5127,MyFuture 2025,PHP,N,6,A,TDF25,Sun Life Phils - Peso MyFuture 2025
2018-11-27,2.5329,true,2018-11-26,-7.4029,-8.3644,MyFuture 2025,PHP,N,6,A,TDF25,Sun Life Phils - Peso MyFuture 2025
2018-11-26,2.5295,true,2018-11-25,-7.5408,-8.4874,MyFuture 2025,PHP,N,6,A,TDF25,Sun Life Phils - Peso MyFuture 2025
2018-11-23,2.5178,true,2018-11-22,-7.8505,-8.9107,MyFuture 2025,PHP,N,6,A,TDF25,Sun Life Phils - Peso MyFuture 2025
2018-11-22,2.5045,true,2018-11-21,-7.8923,-9.3918,MyFuture 2025,PHP,N,6,A,TDF25,Sun Life Phils - Peso MyFuture 2025
2018-11-21,2.5016,true,2018-11-20,-8.1206,-9.4968,MyFuture 2025,PHP,N,6,A,TDF25,Sun Life Phils - Peso MyFuture 2025
2018-11-20,2.5064,true,2018-11-19,-8.1299,-9.3231,MyFuture 2025,PHP,N,6,A,TDF25,Sun Life Phils - Peso MyFuture 2025
2018-11-19,2.5002,true,2018-11-18,-8.2563,-9.5474,MyFuture 2025,PHP,N,6,A,TDF25,Sun Life Phils - Peso MyFuture 2025
2018-11-16,2.4708,true,2018-11-15,-8.7289,-10.611,MyFuture 2025,PHP,N,6,A,TDF25,Sun Life Phils - Peso MyFuture 2025
2018-11-15,2.4471,true,2018-11-14,-9.9934,-11.4685,MyFuture 2025,PHP,N,6,A,TDF25,Sun Life Phils - Peso MyFuture 2025
2018-11-14,2.4429,true,2018-11-13,-10.7421,-11.6204,MyFuture 2025,PHP,N,6,A,TDF25,Sun Life Phils - Peso MyFuture 2025
2018-11-13,2.4309,true,2018-11-12,-10.8483,-12.0546,MyFuture 2025,PHP,N,6,A,TDF25,Sun Life Phils - Peso MyFuture 2025
2018-11-12,2.4433,true,2018-11-11,-11.0363,-11.6059,MyFuture 2025,PHP,N,6,A,TDF25,Sun Life Phils - Peso MyFuture 2025
2018-11-09,2.4492,true,2018-11-08,-11.3701,-11.3925,MyFuture 2025,PHP,N,6,A,TDF25,Sun Life Phils - Peso MyFuture 2025
2018-11-08,2.4589,true,2018-11-07,-10.961,-11.0416,MyFuture 2025,PHP,N,6,A,TDF25,Sun Life Phils - Peso MyFuture 2025
2018-11-07,2.4567,true,2018-11-06,-11.1437,-11.1212,MyFuture 2025,PHP,N,6,A,TDF25,Sun Life Phils - Peso MyFuture 2025
2018-11-06,2.4815,true,2018-11-05,-10.2369,-10.2239,MyFuture 2025,PHP,N,6,A,TDF25,Sun Life Phils - Peso MyFuture 2025
2018-11-05,2.4925,true,2018-11-04,-9.0362,-9.826,MyFuture 2025,PHP,N,6,A,TDF25,Sun Life Phils - Peso MyFuture 2025
2018-10-31,2.4836,true,2018-10-30,-9.3213,-10.148,MyFuture 2025,PHP,N,6,A,TDF25,Sun Life Phils - Peso MyFuture 2025
2018-10-30,2.4651,true,2018-10-29,-9.9967,-10.8173,MyFuture 2025,PHP,N,6,A,TDF25,Sun Life Phils - Peso MyFuture 2025
2018-10-29,2.4813,true,2018-10-28,-8.9732,-10.2312,MyFuture 2025,PHP,N,6,A,TDF25,Sun Life Phils - Peso MyFuture 2025
2018-10-26,2.4751,true,2018-10-25,-8.9635,-10.4555,MyFuture 2025,PHP,N,6,A,TDF25,Sun Life Phils - Peso MyFuture 2025
2018-10-25,2.4604,true,2018-10-24,-9.7862,-10.9873,MyFuture 2025,PHP,N,6,A,TDF25,Sun Life Phils - Peso MyFuture 2025
2018-10-24,2.4849,true,2018-10-23,-8.7541,-10.1009,MyFuture 2025,PHP,N,6,A,TDF25,Sun Life Phils - Peso MyFuture 2025
2018-10-23,2.4953,true,2018-10-22,-8.8042,-9.7247,MyFuture 2025,PHP,N,6,A,TDF25,Sun Life Phils - Peso MyFuture 2025
2018-10-22,2.5012,true,2018-10-21,-9.0009,-9.5112,MyFuture 2025,PHP,N,6,A,TDF25,Sun Life Phils - Peso MyFuture 2025
2018-10-19,2.4894,true,2018-10-18,-9.7749,-9.9381,MyFuture 2025,PHP,N,6,A,TDF25,Sun Life Phils - Peso MyFuture 2025
2018-10-18,2.4887,true,2018-10-17,-9.4887,-9.9635,MyFuture 2025,PHP,N,6,A,TDF25,Sun Life Phils - Peso MyFuture 2025
2018-10-17,2.4819,true,2018-10-16,-10.1021,-10.2095,MyFuture 2025,PHP,N,6,A,TDF25,Sun Life Phils - Peso MyFuture 2025
2018-10-16,2.4644,true,2018-10-15,-10.4376,-10.8426,MyFuture 2025,PHP,N,6,A,TDF25,Sun Life Phils - Peso MyFuture 2025
2018-10-15,2.4573,true,2018-10-14,-10.6988,-11.0995,MyFuture 2025,PHP,N,6,A,TDF25,Sun Life Phils - Peso MyFuture 2025
2018-10-12,2.4696,true,2018-10-11,-9.9442,-10.6545,MyFuture 2025,PHP,N,6,A,TDF25,Sun Life Phils - Peso MyFuture 2025
2018-10-11,2.4509,true,2018-10-10,-10.3613,-11.331,MyFuture 2025,PHP,N,6,A,TDF25,Sun Life Phils - Peso MyFuture 2025
2018-10-10,2.47,true,2018-10-09,-9.8869,-10.64,MyFuture 2025,PHP,N,6,A,TDF25,Sun Life Phils - Peso MyFuture 2025
2018-10-09,2.4815,true,2018-10-08,-9.2654,-10.2239,MyFuture 2025,PHP,N,6,A,TDF25,Sun Life Phils - Peso MyFuture 2025
2018-10-08,2.4804,true,2018-10-07,-8.9628,-10.2637,MyFuture 2025,PHP,N,6,A,TDF25,Sun Life Phils - Peso MyFuture 2025
2018-10-05,2.4855,true,2018-10-04,-8.675,-10.0792,MyFuture 2025,PHP,N,6,A,TDF25,Sun Life Phils - Peso MyFuture 2025
2018-10-04,2.4868,true,2018-10-03,-8.9218,-10.0322,MyFuture 2025,PHP,N,6,A,TDF25,Sun Life Phils - Peso MyFuture 2025
2018-10-03,2.5057,true,2018-10-02,-8.0308,-9.3484,MyFuture 2025,PHP,N,6,A,TDF25,Sun Life Phils - Peso MyFuture 2025
2018-10-02,2.4942,true,2018-10-01,-8.1427,-9.7645,MyFuture 2025,PHP,N,6,A,TDF25,Sun Life Phils - Peso MyFuture 2025
2018-10-01,2.5099,true,2018-09-30,-7.1336,-9.1965,MyFuture 2025,PHP,N,6,A,TDF25,Sun Life Phils - Peso MyFuture 2025
2018-09-28,2.5194,true,2018-09-27,-6.6923,-8.8528,MyFuture 2025,PHP,N,6,A,TDF25,Sun Life Phils - Peso MyFuture 2025
2018-09-27,2.5251,true,2018-09-26,-6.8332,-8.6466,MyFuture 2025,PHP,N,6,A,TDF25,Sun Life Phils - Peso MyFuture 2025
2018-09-26,2.5156,true,2018-09-25,-6.8951,-8.9903,MyFuture 2025,PHP,N,6,A,TDF25,Sun Life Phils - Peso MyFuture 2025
2018-09-25,2.5267,true,2018-09-24,-6.7879,-8.5887,MyFuture 2025,PHP,N,6,A,TDF25,Sun Life Phils - Peso MyFuture 2025
2018-09-24,2.5429,true,2018-09-23,-6.2836,-8.0026,MyFuture 2025,PHP,N,6,A,TDF25,Sun Life Phils - Peso MyFuture 2025
2018-09-21,2.5352,true,2018-09-20,-6.5708,-8.2812,MyFuture 2025,PHP,N,6,A,TDF25,Sun Life Phils - Peso MyFuture 2025
2018-09-20,2.4955,true,2018-09-19,-7.598,-9.7174,MyFuture 2025,PHP,N,6,A,TDF25,Sun Life Phils - Peso MyFuture 2025
2018-09-19,2.5101,true,2018-09-18,-6.7189,-9.1892,MyFuture 2025,PHP,N,6,A,TDF25,Sun Life Phils - Peso MyFuture 2025
2018-09-18,2.5221,true,2018-09-17,-7.0468,-8.7551,MyFuture 2025,PHP,N,6,A,TDF25,Sun Life Phils - Peso MyFuture 2025
2018-09-17,2.5466,true,2018-09-16,-5.4504,-7.8687,MyFuture 2025,PHP,N,6,A,TDF25,Sun Life Phils - Peso MyFuture 2025
2018-09-14,2.5472,true,2018-09-13,-5.2064,-7.847,MyFuture 2025,PHP,N,6,A,TDF25,Sun Life Phils - Peso MyFuture 2025
2018-09-13,2.5635,true,2018-09-12,-4.0642,-7.2573,MyFuture 2025,PHP,N,6,A,TDF25,Sun Life Phils - Peso MyFuture 2025
2018-09-12,2.5535,true,2018-09-11,-4.4671,-7.6191,MyFuture 2025,PHP,N,6,A,TDF25,Sun Life Phils - Peso MyFuture 2025
2018-09-11,2.5646,true,2018-09-10,-4.0518,-7.2175,MyFuture 2025,PHP,N,6,A,TDF25,Sun Life Phils - Peso MyFuture 2025
2018-09-10,2.5793,true,2018-09-09,-3.3644,-6.6857,MyFuture 2025,PHP,N,6,A,TDF25,Sun Life Phils - Peso MyFuture 2025
2018-09-07,2.5798,true,2018-09-06,-3.2551,-6.6676,MyFuture 2025,PHP,N,6,A,TDF25,Sun Life Phils - Peso MyFuture 2025
2018-09-06,2.5867,true,2018-09-05,-2.7374,-6.418,MyFuture 2025,PHP,N,6,A,TDF25,Sun Life Phils - Peso MyFuture 2025
2018-09-05,2.6131,true,2018-09-04,-2.1128,-5.4629,MyFuture 2025,PHP,N,6,A,TDF25,Sun Life Phils - Peso MyFuture 2025
2018-09-04,2.6378,true,2018-09-03,-1.0912,-4.5693,MyFuture 2025,PHP,N,6,A,TDF25,Sun Life Phils - Peso MyFuture 2025
2018-09-03,2.6285,true,2018-09-02,-0.9869,-4.9058,MyFuture 2025,PHP,N,6,A,TDF25,Sun Life Phils - Peso MyFuture 2025
2018-08-31,2.631,true,2018-08-30,-0.8928,-4.8153,MyFuture 2025,PHP,N,6,A,TDF25,Sun Life Phils - Peso MyFuture 2025
2018-08-30,2.6309,true,2018-08-29,-0.8517,-4.8189,MyFuture 2025,PHP,N,6,A,TDF25,Sun Life Phils - Peso MyFuture 2025
2018-08-29,2.6257,true,2018-08-28,-1.0253,-5.0071,MyFuture 2025,PHP,N,6,A,TDF25,Sun Life Phils - Peso MyFuture 2025
2018-08-28,2.6261,true,2018-08-27,-1.4264,-4.9926,MyFuture 2025,PHP,N,6,A,TDF25,Sun Life Phils - Peso MyFuture 2025
2018-08-24,2.6116,true,2018-08-23,-1.9375,-5.5172,MyFuture 2025,PHP,N,6,A,TDF25,Sun Life Phils - Peso MyFuture 2025
2018-08-23,2.6172,true,2018-08-22,-1.6977,-5.3146,MyFuture 2025,PHP,N,6,A,TDF25,Sun Life Phils - Peso MyFuture 2025
2018-08-22,2.5895,true,2018-08-21,-2.8403,-6.3167,MyFuture 2025,PHP,N,6,A,TDF25,Sun Life Phils - Peso MyFuture 2025
2018-08-20,2.5651,true,2018-08-19,-3.4479,-7.1995,MyFuture 2025,PHP,N,6,A,TDF25,Sun Life Phils - Peso MyFuture 2025
2018-08-17,2.5759,true,2018-08-16,-3.5063,-6.8087,MyFuture 2025,PHP,N,6,A,TDF25,Sun Life Phils - Peso MyFuture 2025
2018-08-16,2.5657,true,2018-08-15,-3.7586,-7.1777,MyFuture 2025,PHP,N,6,A,TDF25,Sun Life Phils - Peso MyFuture 2025
2018-08-15,2.5694,true,2018-08-14,-3.4931,-7.0439,MyFuture 2025,PHP,N,6,A,TDF25,Sun Life Phils - Peso MyFuture 2025
2018-08-14,2.5675,true,2018-08-13,-3.2775,-7.1126,MyFuture 2025,PHP,N,6,A,TDF25,Sun Life Phils - Peso MyFuture 2025
2018-08-13,2.5853,true,2018-08-12,-2.3936,-6.4687,MyFuture 2025,PHP,N,6,A,TDF25,Sun Life Phils - Peso MyFuture 2025
2018-08-10,2.6119,true,2018-08-09,-1.5752,-5.5063,MyFuture 2025,PHP,N,6,A,TDF25,Sun Life Phils - Peso MyFuture 2025
2018-08-09,2.6137,true,2018-08-08,-1.626,-5.4412,MyFuture 2025,PHP,N,6,A,TDF25,Sun Life Phils - Peso MyFuture 2025
2018-08-08,2.6183,true,2018-08-07,-1.4528,-5.2748,MyFuture 2025,PHP,N,6,A,TDF25,Sun Life Phils - Peso MyFuture 2025
2018-08-07,2.5981,true,2018-08-06,-2.2646,-6.0056,MyFuture 2025,PHP,N,6,A,TDF25,Sun Life Phils - Peso MyFuture 2025
2018-08-06,2.6067,true,2018-08-05,-1.5894,-5.6944,MyFuture 2025,PHP,N,6,A,TDF25,Sun Life Phils - Peso MyFuture 2025
2018-08-03,2.6065,true,2018-08-02,-1.2428,-5.7017,MyFuture 2025,PHP,N,6,A,TDF25,Sun Life Phils - Peso MyFuture 2025
2018-08-02,2.597,true,2018-08-01,-1.5617,-6.0454,MyFuture 2025,PHP,N,6,A,TDF25,Sun Life Phils - Peso MyFuture 2025
2018-08-01,2.6096,true,2018-07-31,-1.2525,-5.5895,MyFuture 2025,PHP,N,6,A,TDF25,Sun Life Phils - Peso MyFuture 2025
2018-07-31,2.5837,true,2018-07-30,-2.9997,-6.5265,MyFuture 2025,PHP,N,6,A,TDF25,Sun Life Phils - Peso MyFuture 2025
2018-07-30,2.6001,true,2018-07-29,-2.7018,-5.9332,MyFuture 2025,PHP,N,6,A,TDF25,Sun Life Phils - Peso MyFuture 2025
2018-07-27,2.5886,true,2018-07-26,-3.0196,-6.3493,MyFuture 2025,PHP,N,6,A,TDF25,Sun Life Phils - Peso MyFuture 2025
2018-07-26,2.5809,true,2018-07-25,-3.1812,-6.6278,MyFuture 2025,PHP,N,6,A,TDF25,Sun Life Phils - Peso MyFuture 2025
2018-07-25,2.5608,true,2018-07-24,-3.5117,-7.355,MyFuture 2025,PHP,N,6,A,TDF25,Sun Life Phils - Peso MyFuture 2025
2018-07-24,2.5503,true,2018-07-23,-3.9941,-7.7349,MyFuture 2025,PHP,N,6,A,TDF25,Sun Life Phils - Peso MyFuture 2025
2018-07-23,2.5392,true,2018-07-22,-4.5736,-8.1365,MyFuture 2025,PHP,N,6,A,TDF25,Sun Life Phils - Peso MyFuture 2025
2018-07-20,2.5414,true,2018-07-19,-3.9568,-8.0569,MyFuture 2025,PHP,N,6,A,TDF25,Sun Life Phils - Peso MyFuture 2025
2018-07-19,2.5396,true,2018-07-18,-4.5478,-8.122,MyFuture 2025,PHP,N,6,A,TDF25,Sun Life Phils - Peso MyFuture 2025
2018-07-18,2.5507,true,2018-07-17,-3.8814,-7.7204,MyFuture 2025,PHP,N,6,A,TDF25,Sun Life Phils - Peso MyFuture 2025
2018-07-17,2.5394,true,2018-07-16,-4.17,-8.1292,MyFuture 2025,PHP,N,6,A,TDF25,Sun Life Phils - Peso MyFuture 2025
2018-07-16,2.5359,true,2018-07-15,-4.0885,-8.2559,MyFuture 2025,PHP,N,6,A,TDF25,Sun Life Phils - Peso MyFuture 2025
2018-07-13,2.5406,true,2018-07-12,-4.2656,-8.0858,MyFuture 2025,PHP,N,6,A,TDF25,Sun Life Phils - Peso MyFuture 2025
2018-07-12,2.5329,true,2018-07-11,-4.5054,-8.3644,MyFuture 2025,PHP,N,6,A,TDF25,Sun Life Phils - Peso MyFuture 2025
2018-07-11,2.5298,true,2018-07-10,-4.1161,-8.4765,MyFuture 2025,PHP,N,6,A,TDF25,Sun Life Phils - Peso MyFuture 2025
2018-07-10,2.5133,true,2018-07-09,-4.7235,-9.0735,MyFuture 2025,PHP,N,6,A,TDF25,Sun Life Phils - Peso MyFuture 2025
2018-07-09,2.5023,true,2018-07-08,-5.413,-9.4714,MyFuture 2025,PHP,N,6,A,TDF25,Sun Life Phils - Peso MyFuture 2025
2018-07-06,2.5004,true,2018-07-05,-5.5348,-9.5402,MyFuture 2025,PHP,N,6,A,TDF25,Sun Life Phils - Peso MyFuture 2025
2018-07-05,2.5078,true,2018-07-04,-5.0148,-9.2725,MyFuture 2025,PHP,N,6,A,TDF25,Sun Life Phils - Peso MyFuture 2025
2018-07-04,2.5267,true,2018-07-03,-4.375,-8.5887,MyFuture 2025,PHP,N,6,A,TDF25,Sun Life Phils - Peso MyFuture 2025
2018-07-03,2.5141,true,2018-07-02,-4.9992,-9.0445,MyFuture 2025,PHP,N,6,A,TDF25,Sun Life Phils - Peso MyFuture 2025
2018-07-02,2.5087,true,2018-07-01,-5.049,-9.2399,MyFuture 2025,PHP,N,6,A,TDF25,Sun Life Phils - Peso MyFuture 2025
2018-06-29,2.5012,true,2018-06-28,-5.0454,-9.5112,MyFuture 2025,PHP,N,6,A,TDF25,Sun Life Phils - Peso MyFuture 2025
2018-06-28,2.4801,true,2018-06-27,-6.2273,-10.2746,MyFuture 2025,PHP,N,6,A,TDF25,Sun Life Phils - Peso MyFuture 2025
2018-06-27,2.4974,true,2018-06-26,-5.7229,-9.6487,MyFuture 2025,PHP,N,6,A,TDF25,Sun Life Phils - Peso MyFuture 2025
2018-06-26,2.4724,true,2018-06-25,-6.1245,-10.5532,MyFuture 2025,PHP,N,6,A,TDF25,Sun Life Phils - Peso MyFuture 2025
2018-06-25,2.4695,true,2018-06-24,-6.2346,-10.6581,MyFuture 2025,PHP,N,6,A,TDF25,Sun Life Phils - Peso MyFuture 2025
2018-06-22,2.4818,true,2018-06-21,-6.1346,-10.2131,MyFuture 2025,PHP,N,6,A,TDF25,Sun Life Phils - Peso MyFuture 2025
2018-06-21,2.4874,true,2018-06-20,-6.0614,-10.0105,MyFuture 2025,PHP,N,6,A,TDF25,Sun Life Phils - Peso MyFuture 2025
2018-06-20,2.5128,true,2018-06-19,-5.3167,-9.0916,MyFuture 2025,PHP,N,6,A,TDF25,Sun Life Phils - Peso MyFuture 2025
2018-06-19,2.5213,true,2018-06-18,-5.0751,-8.7841,MyFuture 2025,PHP,N,6,A,TDF25,Sun Life Phils - Peso MyFuture 2025
2018-06-18,2.5387,true,2018-06-17,-3.9717,-8.1546,MyFuture 2025,PHP,N,6,A,TDF25,Sun Life Phils - Peso MyFuture 2025
2018-06-14,2.5545,true,2018-06-13,-3.8541,-7.5829,MyFuture 2025,PHP,N,6,A,TDF25,Sun Life Phils - Peso MyFuture 2025
2018-06-13,2.571,true,2018-06-12,-2.8528,-6.986,MyFuture 2025,PHP,N,6,A,TDF25,Sun Life Phils - Peso MyFuture 2025
2018-06-11,2.606,true,2018-06-10,-1.8419,-5.7198,MyFuture 2025,PHP,N,6,A,TDF25,Sun Life Phils - Peso MyFuture 2025
2018-06-08,2.6012,true,2018-06-07,-1.8156,-5.8934,MyFuture 2025,PHP,N,6,A,TDF25,Sun Life Phils - Peso MyFuture 2025
2018-06-07,2.6111,true,2018-06-06,-1.7127,-5.5353,MyFuture 2025,PHP,N,6,A,TDF25,Sun Life Phils - Peso MyFuture 2025
2018-06-06,2.5876,true,2018-06-05,-2.292,-6.3854,MyFuture 2025,PHP,N,6,A,TDF25,Sun Life Phils - Peso MyFuture 2025
2018-06-05,2.5871,true,2018-06-04,-2.5868,-6.4035,MyFuture 2025,PHP,N,6,A,TDF25,Sun Life Phils - Peso MyFuture 2025
2018-06-04,2.5696,true,2018-06-03,-2.6261,-7.0366,MyFuture 2025,PHP,N,6,A,TDF25,Sun Life Phils - Peso MyFuture 2025
2018-06-01,2.5811,true,2018-05-31,-2.3273,-6.6206,MyFuture 2025,PHP,N,6,A,TDF25,Sun Life Phils - Peso MyFuture 2025
2018-05-31,2.5611,true,2018-05-30,-2.5308,-7.3442,MyFuture 2025,PHP,N,6,A,TDF25,Sun Life Phils - Peso MyFuture 2025
2018-05-30,2.5528,true,2018-05-29,-2.9649,-7.6444,MyFuture 2025,PHP,N,6,A,TDF25,Sun Life Phils - Peso MyFuture 2025
2018-05-29,2.5735,true,2018-05-28,-2.4043,-6.8956,MyFuture 2025,PHP,N,6,A,TDF25,Sun Life Phils - Peso MyFuture 2025
2018-05-28,2.5798,true,2018-05-27,-1.987,-6.6676,MyFuture 2025,PHP,N,6,A,TDF25,Sun Life Phils - Peso MyFuture 2025
2018-05-25,2.5805,true,2018-05-24,-2.0125,-6.6423,MyFuture 2025,PHP,N,6,A,TDF25,Sun Life Phils - Peso MyFuture 2025
2018-05-24,2.5807,true,2018-05-23,-1.7587,-6.6351,MyFuture 2025,PHP,N,6,A,TDF25,Sun Life Phils - Peso MyFuture 2025
2018-05-23,2.5661,true,2018-05-22,-2.1357,-7.1633,MyFuture 2025,PHP,N,6,A,TDF25,Sun Life Phils - Peso MyFuture 2025
2018-05-22,2.5798,true,2018-05-21,-1.5607,-6.6676,MyFuture 2025,PHP,N,6,A,TDF25,Sun Life Phils - Peso MyFuture 2025
2018-05-21,2.5817,true,2018-05-20,-1.2319,-6.5989,MyFuture 2025,PHP,N,6,A,TDF25,Sun Life Phils - Peso MyFuture 2025
2018-05-18,2.584,true,2018-05-17,-1.0606,-6.5157,MyFuture 2025,PHP,N,6,A,TDF25,Sun Life Phils - Peso MyFuture 2025
2018-05-17,2.5933,true,2018-05-16,-1.1398,-6.1792,MyFuture 2025,PHP,N,6,A,TDF25,Sun Life Phils - Peso MyFuture 2025
2018-05-16,2.6155,true,2018-05-15,-0.0764,-5.3761,MyFuture 2025,PHP,N,6,A,TDF25,Sun Life Phils - Peso MyFuture 2025
2018-05-15,2.6188,true,2018-05-14,0.1683,-5.2567,MyFuture 2025,PHP,N,6,A,TDF25,Sun Life Phils - Peso MyFuture 2025
2018-05-11,2.5996,true,2018-05-10,-0.7786,-5.9513,MyFuture 2025,PHP,N,6,A,TDF25,Sun Life Phils - Peso MyFuture 2025
2018-05-10,2.575,true,2018-05-09,-1.5334,-6.8413,MyFuture 2025,PHP,N,6,A,TDF25,Sun Life Phils - Peso MyFuture 2025
2018-05-09,2.5749,true,2018-05-08,-2.3587,-6.8449,MyFuture 2025,PHP,N,6,A,TDF25,Sun Life Phils - Peso MyFuture 2025
2018-05-08,2.5783,true,2018-05-07,-2.4443,-6.7219,MyFuture 2025,PHP,N,6,A,TDF25,Sun Life Phils - Peso MyFuture 2025
2018-05-07,2.571,true,2018-05-06,-1.9152,-6.986,MyFuture 2025,PHP,N,6,A,TDF25,Sun Life Phils - Peso MyFuture 2025
2018-05-04,2.5699,true,2018-05-03,-1.408,-7.0258,MyFuture 2025,PHP,N,6,A,TDF25,Sun Life Phils - Peso MyFuture 2025
2018-05-03,2.5741,true,2018-05-02,-0.7327,-6.8738,MyFuture 2025,PHP,N,6,A,TDF25,Sun Life Phils - Peso MyFuture 2025
2018-05-02,2.6072,true,2018-05-01,0.3812,-5.6764,MyFuture 2025,PHP,N,6,A,TDF25,Sun Life Phils - Peso MyFuture 2025
2018-04-30,2.6207,true,2018-04-29,1.2205,-5.1879,MyFuture 2025,PHP,N,6,A,TDF25,Sun Life Phils - Peso MyFuture 2025
2018-04-27,2.6047,true,2018-04-26,0.6025,-5.7668,MyFuture 2025,PHP,N,6,A,TDF25,Sun Life Phils - Peso MyFuture 2025
2018-04-26,2.5854,true,2018-04-25,-0.5501,-6.465,MyFuture 2025,PHP,N,6,A,TDF25,Sun Life Phils - Peso MyFuture 2025
2018-04-25,2.584,true,2018-04-24,-0.4162,-6.5157,MyFuture 2025,PHP,N,6,A,TDF25,Sun Life Phils - Peso MyFuture 2025
2018-04-24,2.5952,true,2018-04-23,0.7336,-6.1105,MyFuture 2025,PHP,N,6,A,TDF25,Sun Life Phils - Peso MyFuture 2025
2018-04-23,2.6223,true,2018-04-22,1.8685,-5.1301,MyFuture 2025,PHP,N,6,A,TDF25,Sun Life Phils - Peso MyFuture 2025
2018-04-20,2.6209,true,2018-04-19,1.9131,-5.1807,MyFuture 2025,PHP,N,6,A,TDF25,Sun Life Phils - Peso MyFuture 2025
2018-04-19,2.614,true,2018-04-18,1.9302,-5.4303,MyFuture 2025,PHP,N,6,A,TDF25,Sun Life Phils - Peso MyFuture 2025
2018-04-18,2.6318,true,2018-04-17,2.2098,-4.7864,MyFuture 2025,PHP,N,6,A,TDF25,Sun Life Phils - Peso MyFuture 2025
2018-04-17,2.6208,true,2018-04-16,1.8182,-5.1843,MyFuture 2025,PHP,N,6,A,TDF25,Sun Life Phils - Peso MyFuture 2025
2018-04-16,2.6482,true,2018-04-15,2.6474,-4.193,MyFuture 2025,PHP,N,6,A,TDF25,Sun Life Phils - Peso MyFuture 2025
2018-04-13,2.6531,true,2018-04-12,2.8373,-4.0158,MyFuture 2025,PHP,N,6,A,TDF25,Sun Life Phils - Peso MyFuture 2025
2018-04-12,2.6753,true,2018-04-11,3.6978,-3.2126,MyFuture 2025,PHP,N,6,A,TDF25,Sun Life Phils - Peso MyFuture 2025
2018-04-11,2.6595,true,2018-04-10,3.2655,-3.7842,MyFuture 2025,PHP,N,6,A,TDF25,Sun Life Phils - Peso MyFuture 2025
2018-04-10,2.6582,true,2018-04-09,3.167,-3.8313,MyFuture 2025,PHP,N,6,A,TDF25,Sun Life Phils - Peso MyFuture 2025
2018-04-06,2.6578,true,2018-04-05,3.4405,-3.8457,MyFuture 2025,PHP,N,6,A,TDF25,Sun Life Phils - Peso MyFuture 2025
2018-04-05,2.6695,true,2018-04-04,3.7747,-3.4225,MyFuture 2025,PHP,N,6,A,TDF25,Sun Life Phils - Peso MyFuture 2025
2018-04-04,2.6655,true,2018-04-03,4.5663,-3.5672,MyFuture 2025,PHP,N,6,A,TDF25,Sun Life Phils - Peso MyFuture 2025
2018-04-03,2.674,true,2018-04-02,5.6833,-3.2597,MyFuture 2025,PHP,N,6,A,TDF25,Sun Life Phils - Peso MyFuture 2025
2018-04-02,2.6711,true,2018-04-01,5.7903,-3.3646,MyFuture 2025,PHP,N,6,A,TDF25,Sun Life Phils - Peso MyFuture 2025
2018-03-28,2.661,true,2018-03-27,5.2361,-3.73,MyFuture 2025,PHP,N,6,A,TDF25,Sun Life Phils - Peso MyFuture 2025
2018-03-27,2.6711,true,2018-03-26,6.2406,-3.3646,MyFuture 2025,PHP,N,6,A,TDF25,Sun Life Phils - Peso MyFuture 2025
2018-03-26,2.6534,true,2018-03-25,5.3689,-4.0049,MyFuture 2025,PHP,N,6,A,TDF25,Sun Life Phils - Peso MyFuture 2025
2018-03-23,2.6604,true,2018-03-22,5.4919,-3.7517,MyFuture 2025,PHP,N,6,A,TDF25,Sun Life Phils - Peso MyFuture 2025
2018-03-22,2.685,true,2018-03-21,6.8019,-2.8617,MyFuture 2025,PHP,N,6,A,TDF25,Sun Life Phils - Peso MyFuture 2025
2018-03-21,2.6511,true,2018-03-20,5.0065,-4.0881,MyFuture 2025,PHP,N,6,A,TDF25,Sun Life Phils - Peso MyFuture 2025
2018-03-20,2.6755,true,2018-03-19,6.0024,-3.2054,MyFuture 2025,PHP,N,6,A,TDF25,Sun Life Phils - Peso MyFuture 2025
2018-03-19,2.7019,true,2018-03-18,6.9297,-2.2503,MyFuture 2025,PHP,N,6,A,TDF25,Sun Life Phils - Peso MyFuture 2025
2018-03-16,2.7024,true,2018-03-15,7.4257,-2.2322,MyFuture 2025,PHP,N,6,A,TDF25,Sun Life Phils - Peso MyFuture 2025
2018-03-15,2.6964,true,2018-03-14,7.787,-2.4493,MyFuture 2025,PHP,N,6,A,TDF25,Sun Life Phils - Peso MyFuture 2025
2018-03-14,2.7211,true,2018-03-13,8.757,-1.5557,MyFuture 2025,PHP,N,6,A,TDF25,Sun Life Phils - Peso MyFuture 2025
2018-03-13,2.7349,true,2018-03-12,9.488,-1.0564,MyFuture 2025,PHP,N,6,A,TDF25,Sun Life Phils - Peso MyFuture 2025
2018-03-12,2.7455,true,2018-03-11,10.6343,-0.6729,MyFuture 2025,PHP,N,6,A,TDF25,Sun Life Phils - Peso MyFuture 2025
2018-03-09,2.7342,true,2018-03-08,8.8759,-1.0817,MyFuture 2025,PHP,N,6,A,TDF25,Sun Life Phils - Peso MyFuture 2025
2018-03-08,2.7357,true,2018-03-07,8.7537,-1.0275,MyFuture 2025,PHP,N,6,A,TDF25,Sun Life Phils - Peso MyFuture 2025
2018-03-07,2.739,true,2018-03-06,8.8849,-0.9081,MyFuture 2025,PHP,N,6,A,TDF25,Sun Life Phils - Peso MyFuture 2025
2018-03-06,2.732,true,2018-03-05,8.3267,-1.1613,MyFuture 2025,PHP,N,6,A,TDF25,Sun Life Phils - Peso MyFuture 2025
2018-03-05,2.7387,true,2018-03-04,9.0594,-0.9189,MyFuture 2025,PHP,N,6,A,TDF25,Sun Life Phils - Peso MyFuture 2025
2018-03-02,2.7491,true,2018-03-01,9.4518,-0.5427,MyFuture 2025,PHP,N,6,A,TDF25,Sun Life Phils - Peso MyFuture 2025
2018-03-01,2.7495,true,2018-02-28,9.9668,-0.5282,MyFuture 2025,PHP,N,6,A,TDF25,Sun Life Phils - Peso MyFuture 2025
2018-02-28,2.7532,true,2018-02-27,9.7505,-0.3943,MyFuture 2025,PHP,N,6,A,TDF25,Sun Life Phils - Peso MyFuture 2025
2018-02-27,2.7715,true,2018-02-26,10.3128,0.2677,MyFuture 2025,PHP,N,6,A,TDF25,Sun Life Phils - Peso MyFuture 2025
2018-02-26,2.7568,true,2018-02-25,9.6143,-0.2641,MyFuture 2025,PHP,N,6,A,TDF25,Sun Life Phils - Peso MyFuture 2025
2018-02-23,2.7521,true,2018-02-22,8.8819,-0.4341,MyFuture 2025,PHP,N,6,A,TDF25,Sun Life Phils - Peso MyFuture 2025
2018-02-22,2.7604,true,2018-02-21,9.4832,-0.1339,MyFuture 2025,PHP,N,6,A,TDF25,Sun Life Phils - Peso MyFuture 2025
2018-02-21,2.778,true,2018-02-20,10.2162,0.5029,MyFuture 2025,PHP,N,6,A,TDF25,Sun Life Phils - Peso MyFuture 2025
2018-02-20,2.7936,true,2018-02-19,10.7034,1.0673,MyFuture 2025,PHP,N,6,A,TDF25,Sun Life Phils - Peso MyFuture 2025
2018-02-19,2.7921,true,2018-02-18,10.9165,1.013,MyFuture 2025,PHP,N,6,A,TDF25,Sun Life Phils - Peso MyFuture 2025
2018-02-15,2.7764,true,2018-02-14,10.852,0.445,MyFuture 2025,PHP,N,6,A,TDF25,Sun Life Phils - Peso MyFuture 2025
2018-02-14,2.7746,true,2018-02-13,10.4802,0.3799,MyFuture 2025,PHP,N,6,A,TDF25,Sun Life Phils - Peso MyFuture 2025
2018-02-13,2.7703,true,2018-02-12,9.8454,0.2243,MyFuture 2025,PHP,N,6,A,TDF25,Sun Life Phils - Peso MyFuture 2025
2018-02-12,2.7586,true,2018-02-11,10.0622,-0.199,MyFuture 2025,PHP,N,6,A,TDF25,Sun Life Phils - Peso MyFuture 2025
2018-02-09,2.7619,true,2018-02-08,10.0315,-0.0796,MyFuture 2025,PHP,N,6,A,TDF25,Sun Life Phils - Peso MyFuture 2025
2018-02-08,2.7843,true,2018-02-07,11.1541,0.7308,MyFuture 2025,PHP,N,6,A,TDF25,Sun Life Phils - Peso MyFuture 2025
2018-02-07,2.7889,true,2018-02-06,11.2933,0.8972,MyFuture 2025,PHP,N,6,A,TDF25,Sun Life Phils - Peso MyFuture 2025
2018-02-06,2.7716,true,2018-02-05,10.251,0.2713,MyFuture 2025,PHP,N,6,A,TDF25,Sun Life Phils - Peso MyFuture 2025
2018-02-05,2.7818,true,2018-02-04,11.2631,0.6404,MyFuture 2025,PHP,N,6,A,TDF25,Sun Life Phils - Peso MyFuture 2025
2018-02-02,2.8122,true,2018-02-01,12.479,1.7402,MyFuture 2025,PHP,N,6,A,TDF25,Sun Life Phils - Peso MyFuture 2025
2018-02-01,2.8014,true,2018-01-31,12.0964,1.3494,MyFuture 2025,PHP,N,6,A,TDF25,Sun Life Phils - Peso MyFuture 2025
2018-01-31,2.8036,true,2018-01-30,12.1305,1.429,MyFuture 2025,PHP,N,6,A,TDF25,Sun Life Phils - Peso MyFuture 2025
2018-01-30,2.8272,true,2018-01-29,12.1771,2.2828,MyFuture 2025,PHP,N,6,A,TDF25,Sun Life Phils - Peso MyFuture 2025
2018-01-29,2.8497,true,2018-01-28,13.0878,3.0968,MyFuture 2025,PHP,N,6,A,TDF25,Sun Life Phils - Peso MyFuture 2025
2018-01-26,2.845,true,2018-01-25,13.0314,2.9268,MyFuture 2025,PHP,N,6,A,TDF25,Sun Life Phils - Peso MyFuture 2025
2018-01-25,2.8374,true,2018-01-24,12.8729,2.6519,MyFuture 2025,PHP,N,6,A,TDF25,Sun Life Phils - Peso MyFuture 2025
2018-01-24,2.8248,true,2018-01-23,12.0063,2.196,MyFuture 2025,PHP,N,6,A,TDF25,Sun Life Phils - Peso MyFuture 2025
2018-01-23,2.8361,true,2018-01-22,12.4366,2.6048,MyFuture 2025,PHP,N,6,A,TDF25,Sun Life Phils - Peso MyFuture 2025
2018-01-22,2.8284,true,2018-01-21,13.2855,2.3263,MyFuture 2025,PHP,N,6,A,TDF25,Sun Life Phils - Peso MyFuture 2025
2018-01-19,2.8228,true,2018-01-18,13.0296,2.1237,MyFuture 2025,PHP,N,6,A,TDF25,Sun Life Phils - Peso MyFuture 2025
2018-01-18,2.8073,true,2018-01-17,13.3988,1.5629,MyFuture 2025,PHP,N,6,A,TDF25,Sun Life Phils - Peso MyFuture 2025
2018-01-17,2.8117,true,2018-01-16,13.8386,1.7221,MyFuture 2025,PHP,N,6,A,TDF25,Sun Life Phils - Peso MyFuture 2025
2018-01-16,2.8122,true,2018-01-15,12.9216,1.7402,MyFuture 2025,PHP,N,6,A,TDF25,Sun Life Phils - Peso MyFuture 2025
2018-01-15,2.8112,true,2018-01-14,12.8815,1.704,MyFuture 2025,PHP,N,6,A,TDF25,Sun Life Phils - Peso MyFuture 2025
2018-01-12,2.8043,true,2018-01-11,12.5547,1.4544,MyFuture 2025,PHP,N,6,A,TDF25,Sun Life Phils - Peso MyFuture 2025
2018-01-11,2.8039,true,2018-01-10,12.1246,1.4399,MyFuture 2025,PHP,N,6,A,TDF25,Sun Life Phils - Peso MyFuture 2025
2018-01-10,2.8195,true,2018-01-09,12.4965,2.0043,MyFuture 2025,PHP,N,6,A,TDF25,Sun Life Phils - Peso MyFuture 2025
2018-01-09,2.8225,true,2018-01-08,13.2488,2.1128,MyFuture 2025,PHP,N,6,A,TDF25,Sun Life Phils - Peso MyFuture 2025
2018-01-08,2.7926,true,2018-01-07,12.1301,1.0311,MyFuture 2025,PHP,N,6,A,TDF25,Sun Life Phils - Peso MyFuture 2025
2018-01-05,2.797,true,2018-01-04,12.6415,1.1903,MyFuture 2025,PHP,N,6,A,TDF25,Sun Life Phils - Peso MyFuture 2025
2018-01-04,2.7924,true,2018-01-03,14.0826,1.0238,MyFuture 2025,PHP,N,6,A,TDF25,Sun Life Phils - Peso MyFuture 2025
2018-01-03,2.7892,true,2018-01-02,15.5953,0.9081,MyFuture 2025,PHP,N,6,A,TDF25,Sun Life Phils - Peso MyFuture 2025
2018-01-02,2.7639,true,2018-01-01,14.7037,-0.0072,MyFuture 2025,PHP,N,6,A,TDF25,Sun Life Phils - Peso MyFuture 2025
2017-12-29,2.7641,true,2017-12-28,14.712,14.712,MyFuture 2025,PHP,N,6,A,TDF25,Sun Life Phils - Peso MyFuture 2025
2017-12-28,2.7612,true,2017-12-27,14.5821,14.5916,MyFuture 2025,PHP,N,6,A,TDF25,Sun Life Phils - Peso MyFuture 2025
2017-12-27,2.7544,true,2017-12-26,16.3028,14.3094,MyFuture 2025,PHP,N,6,A,TDF25,Sun Life Phils - Peso MyFuture 2025
2017-12-26,2.7465,true,2017-12-25,17.0018,13.9816,MyFuture 2025,PHP,N,6,A,TDF25,Sun Life Phils - Peso MyFuture 2025
2017-12-22,2.7466,true,2017-12-21,16.7971,13.9857,MyFuture 2025,PHP,N,6,A,TDF25,Sun Life Phils - Peso MyFuture 2025
2017-12-21,2.7365,true,2017-12-20,15.2987,13.5666,MyFuture 2025,PHP,N,6,A,TDF25,Sun Life Phils - Peso MyFuture 2025
2017-12-20,2.7338,true,2017-12-19,15.5355,13.4545,MyFuture 2025,PHP,N,6,A,TDF25,Sun Life Phils - Peso MyFuture 2025
2017-12-19,2.7351,true,2017-12-18,14.8574,13.5085,MyFuture 2025,PHP,N,6,A,TDF25,Sun Life Phils - Peso MyFuture 2025
2017-12-18,2.745,true,2017-12-17,13.674,13.9193,MyFuture 2025,PHP,N,6,A,TDF25,Sun Life Phils - Peso MyFuture 2025
2017-12-15,2.7305,true,2017-12-14,12.9706,13.3176,MyFuture 2025,PHP,N,6,A,TDF25,Sun Life Phils - Peso MyFuture 2025
2017-12-14,2.7517,true,2017-12-13,13.0247,14.1974,MyFuture 2025,PHP,N,6,A,TDF25,Sun Life Phils - Peso MyFuture 2025
2017-12-13,2.7351,true,2017-12-12,12.8621,13.5085,MyFuture 2025,PHP,N,6,A,TDF25,Sun Life Phils - Peso MyFuture 2025
2017-12-12,2.7306,true,2017-12-11,12.8347,13.3217,MyFuture 2025,PHP,N,6,A,TDF25,Sun Life Phils - Peso MyFuture 2025
2017-12-11,2.7345,true,2017-12-10,11.1811,13.4836,MyFuture 2025,PHP,N,6,A,TDF25,Sun Life Phils - Peso MyFuture 2025
2017-12-08,2.7253,true,2017-12-07,11.0102,13.1018,MyFuture 2025,PHP,N,6,A,TDF25,Sun Life Phils - Peso MyFuture 2025
2017-12-07,2.7031,true,2017-12-06,11.7076,12.1804,MyFuture 2025,PHP,N,6,A,TDF25,Sun Life Phils - Peso MyFuture 2025
2017-12-06,2.6953,true,2017-12-05,12.0008,11.8567,MyFuture 2025,PHP,N,6,A,TDF25,Sun Life Phils - Peso MyFuture 2025
2017-12-05,2.6979,true,2017-12-04,12.4219,11.9646,MyFuture 2025,PHP,N,6,A,TDF25,Sun Life Phils - Peso MyFuture 2025
2017-12-04,2.6872,true,2017-12-04,10.8764,11.5206,MyFuture 2025,PHP,N,6,A,TDF25,Sun Life Phils - Peso MyFuture 2025
2017-12-01,2.698,true,2017-12-01,11.5521,11.9688,MyFuture 2025,PHP,N,6,A,TDF25,Sun Life Phils - Peso MyFuture 2025
2017-11-29,2.7166,true,2017-11-29,13.2153,12.7407,MyFuture 2025,PHP,N,6,A,TDF25,Sun Life Phils - Peso MyFuture 2025
2017-11-28,2.7236,false,2017-11-28,13.0828,13.0312,MyFuture 2025,PHP,N,6,A,TDF25,Sun Life Phils - Peso MyFuture 2025
2017-11-27,2.7354,true,2017-11-27,12.9211,13.5209,MyFuture 2025,PHP,N,6,A,TDF25,Sun Life Phils - Peso MyFuture 2025
2017-11-24,2.7358,true,2017-11-24,13.1057,13.5375,MyFuture 2025,PHP,N,6,A,TDF25,Sun Life Phils - Peso MyFuture 2025
2017-11-23,2.7323,true,2017-11-23,13.3546,13.3923,MyFuture 2025,PHP,N,6,A,TDF25,Sun Life Phils - Peso MyFuture 2025
2017-11-22,2.7191,true,2017-11-22,13.1827,12.8445,MyFuture 2025,PHP,N,6,A,TDF25,Sun Life Phils - Peso MyFuture 2025
2017-11-21,2.7227,true,2017-11-21,11.5449,12.9939,MyFuture 2025,PHP,N,6,A,TDF25,Sun Life Phils - Peso MyFuture 2025
2017-11-20,2.7282,true,2017-11-20,10.9069,13.2221,MyFuture 2025,PHP,N,6,A,TDF25,Sun Life Phils - Peso MyFuture 2025
2017-11-17,2.7252,true,2017-11-17,10.8075,13.0976,MyFuture 2025,PHP,N,6,A,TDF25,Sun Life Phils - Peso MyFuture 2025
2017-11-16,2.7071,true,2017-11-16,10.9649,12.3464,MyFuture 2025,PHP,N,6,A,TDF25,Sun Life Phils - Peso MyFuture 2025
2017-11-15,2.7188,true,2017-11-15,11.655,12.832,MyFuture 2025,PHP,N,6,A,TDF25,Sun Life Phils - Peso MyFuture 2025
2017-11-14,2.7369,false,2017-11-14,12.2877,13.5832,MyFuture 2025,PHP,N,6,A,TDF25,Sun Life Phils - Peso MyFuture 2025
2017-11-13,2.7267,true,2017-11-13,10.6211,13.1599,MyFuture 2025,PHP,N,6,A,TDF25,Sun Life Phils - Peso MyFuture 2025
2017-11-10,2.7464,true,2017-11-10,9.4009,13.9774,MyFuture 2025,PHP,N,6,A,TDF25,Sun Life Phils - Peso MyFuture 2025
2017-11-09,2.7634,true,2017-11-09,10.5316,14.6829,MyFuture 2025,PHP,N,6,A,TDF25,Sun Life Phils - Peso MyFuture 2025
2017-11-08,2.7616,true,2017-11-08,8.6004,14.6082,MyFuture 2025,PHP,N,6,A,TDF25,Sun Life Phils - Peso MyFuture 2025
2017-11-07,2.7648,false,2017-11-07,9.8058,14.741,MyFuture 2025,PHP,N,6,A,TDF25,Sun Life Phils - Peso MyFuture 2025
2017-11-06,2.7645,true,2017-11-06,9.4288,14.7286,MyFuture 2025,PHP,N,6,A,TDF25,Sun Life Phils - Peso MyFuture 2025
2017-11-03,2.7401,true,2017-11-03,9.1152,13.716,MyFuture 2025,PHP,N,6,A,TDF25,Sun Life Phils - Peso MyFuture 2025
2017-11-02,2.7627,true,2017-11-02,9.0597,14.6539,MyFuture 2025,PHP,N,6,A,TDF25,Sun Life Phils - Peso MyFuture 2025
2017-10-30,2.7389,false,2017-10-30,6.5513,13.6662,MyFuture 2025,PHP,N,6,A,TDF25,Sun Life Phils - Peso MyFuture 2025
2017-10-27,2.7259,false,2017-10-27,5.6018,13.1267,MyFuture 2025,PHP,N,6,A,TDF25,Sun Life Phils - Peso MyFuture 2025
2017-10-26,2.7188,false,2017-10-26,4.8232,12.832,MyFuture 2025,PHP,N,6,A,TDF25,Sun Life Phils - Peso MyFuture 2025
2017-10-25,2.7273,false,2017-10-25,4.3783,13.1848,MyFuture 2025,PHP,N,6,A,TDF25,Sun Life Phils - Peso MyFuture 2025
2017-10-24,2.7233,true,2017-10-23,3.9745,13.0188,MyFuture 2025,PHP,N,6,A,TDF25,Sun Life Phils - Peso MyFuture 2025
2017-10-23,2.7362,true,2017-10-22,4.0618,13.5541,MyFuture 2025,PHP,N,6,A,TDF25,Sun Life Phils - Peso MyFuture 2025
2017-10-20,2.7486,true,2017-10-19,4.0112,14.0687,MyFuture 2025,PHP,N,6,A,TDF25,Sun Life Phils - Peso MyFuture 2025
2017-10-19,2.7591,true,2017-10-18,4.2626,14.5045,MyFuture 2025,PHP,N,6,A,TDF25,Sun Life Phils - Peso MyFuture 2025
2017-10-18,2.7496,true,2017-10-17,5.268,14.1102,MyFuture 2025,PHP,N,6,A,TDF25,Sun Life Phils - Peso MyFuture 2025
2017-10-17,2.7608,true,2017-10-16,7.5203,14.575,MyFuture 2025,PHP,N,6,A,TDF25,Sun Life Phils - Peso MyFuture 2025
2017-10-16,2.7516,true,2017-10-15,6.8251,14.1932,MyFuture 2025,PHP,N,6,A,TDF25,Sun Life Phils - Peso MyFuture 2025
2017-10-13,2.7517,true,2017-10-12,7.5261,14.1974,MyFuture 2025,PHP,N,6,A,TDF25,Sun Life Phils - Peso MyFuture 2025
2017-10-12,2.7423,true,2017-10-11,6.0605,13.8073,MyFuture 2025,PHP,N,6,A,TDF25,Sun Life Phils - Peso MyFuture 2025
2017-10-11,2.7342,true,2017-10-10,4.9194,13.4711,MyFuture 2025,PHP,N,6,A,TDF25,Sun Life Phils - Peso MyFuture 2025
2017-10-10,2.741,true,2017-10-09,5.0916,13.7533,MyFuture 2025,PHP,N,6,A,TDF25,Sun Life Phils - Peso MyFuture 2025
2017-10-09,2.7349,true,2017-10-08,4.4293,13.5002,MyFuture 2025,PHP,N,6,A,TDF25,Sun Life Phils - Peso MyFuture 2025
2017-10-06,2.7246,true,2017-10-05,3.6797,13.0727,MyFuture 2025,PHP,N,6,A,TDF25,Sun Life Phils - Peso MyFuture 2025
2017-10-05,2.7216,true,2017-10-04,3.3454,12.9482,MyFuture 2025,PHP,N,6,A,TDF25,Sun Life Phils - Peso MyFuture 2025
2017-10-04,2.7304,true,2017-10-03,3.0573,13.3134,MyFuture 2025,PHP,N,6,A,TDF25,Sun Life Phils - Peso MyFuture 2025
2017-10-03,2.7245,true,2017-10-02,3.1148,13.0686,MyFuture 2025,PHP,N,6,A,TDF25,Sun Life Phils - Peso MyFuture 2025
2017-10-02,2.7153,true,2017-10-01,3.1806,12.6868,MyFuture 2025,PHP,N,6,A,TDF25,Sun Life Phils - Peso MyFuture 2025
2017-09-29,2.7027,true,2017-09-28,1.981,12.1638,MyFuture 2025,PHP,N,6,A,TDF25,Sun Life Phils - Peso MyFuture 2025
2017-09-28,2.7001,true,2017-09-27,2.9708,12.0559,MyFuture 2025,PHP,N,6,A,TDF25,Sun Life Phils - Peso MyFuture 2025
2017-09-27,2.7103,true,2017-09-26,3.5256,12.4792,MyFuture 2025,PHP,N,6,A,TDF25,Sun Life Phils - Peso MyFuture 2025
2017-09-26,2.7019,true,2017-09-25,2.5156,12.1306,MyFuture 2025,PHP,N,6,A,TDF25,Sun Life Phils - Peso MyFuture 2025
2017-09-25,2.7107,true,2017-09-24,2.0518,12.4958,MyFuture 2025,PHP,N,6,A,TDF25,Sun Life Phils - Peso MyFuture 2025
2017-09-22,2.7134,true,2017-09-21,1.8047,12.6079,MyFuture 2025,PHP,N,6,A,TDF25,Sun Life Phils - Peso MyFuture 2025
2017-09-21,2.7135,true,2017-09-20,2.5782,12.6121,MyFuture 2025,PHP,N,6,A,TDF25,Sun Life Phils - Peso MyFuture 2025
2017-09-20,2.7007,true,2017-09-19,2.0788,12.0808,MyFuture 2025,PHP,N,6,A,TDF25,Sun Life Phils - Peso MyFuture 2025
2017-09-19,2.6909,true,2017-09-18,2.4714,11.6741,MyFuture 2025,PHP,N,6,A,TDF25,Sun Life Phils - Peso MyFuture 2025
2017-09-18,2.7133,true,2017-09-17,3.5216,12.6038,MyFuture 2025,PHP,N,6,A,TDF25,Sun Life Phils - Peso MyFuture 2025
2017-09-15,2.6934,true,2017-09-14,1.3776,11.7779,MyFuture 2025,PHP,N,6,A,TDF25,Sun Life Phils - Peso MyFuture 2025
2017-09-14,2.6871,true,2017-09-13,2.4828,11.5164,MyFuture 2025,PHP,N,6,A,TDF25,Sun Life Phils - Peso MyFuture 2025
2017-09-13,2.6721,true,2017-09-12,1.7749,10.8939,MyFuture 2025,PHP,N,6,A,TDF25,Sun Life Phils - Peso MyFuture 2025
2017-09-12,2.6729,true,2017-09-11,1.554,10.9271,MyFuture 2025,PHP,N,6,A,TDF25,Sun Life Phils - Peso MyFuture 2025
2017-09-11,2.6729,true,2017-09-10,1.554,10.9271,MyFuture 2025,PHP,N,6,A,TDF25,Sun Life Phils - Peso MyFuture 2025
2017-09-08,2.6691,true,2017-09-07,0.7208,10.7694,MyFuture 2025,PHP,N,6,A,TDF25,Sun Life Phils - Peso MyFuture 2025
2017-09-07,2.6666,true,2017-09-06,0.9846,10.6657,MyFuture 2025,PHP,N,6,A,TDF25,Sun Life Phils - Peso MyFuture 2025
2017-09-06,2.6595,true,2017-09-05,-0.1314,10.371,MyFuture 2025,PHP,N,6,A,TDF25,Sun Life Phils - Peso MyFuture 2025
2017-09-05,2.6695,true,2017-09-04,-0.1272,10.786,MyFuture 2025,PHP,N,6,A,TDF25,Sun Life Phils - Peso MyFuture 2025
2017-09-04,2.6669,true,2017-09-03,-0.6519,10.6781,MyFuture 2025,PHP,N,6,A,TDF25,Sun Life Phils - Peso MyFuture 2025
2017-08-31,2.6547,true,2017-08-30,-0.9292,10.1718,MyFuture 2025,PHP,N,6,A,TDF25,Sun Life Phils - Peso MyFuture 2025
2017-08-30,2.6535,true,2017-08-29,-1.0184,10.122,MyFuture 2025,PHP,N,6,A,TDF25,Sun Life Phils - Peso MyFuture 2025
2017-08-29,2.6529,true,2017-08-28,-1.4305,10.0971,MyFuture 2025,PHP,N,6,A,TDF25,Sun Life Phils - Peso MyFuture 2025
2017-08-25,2.6641,true,2017-08-24,-1.0842,10.5619,MyFuture 2025,PHP,N,6,A,TDF25,Sun Life Phils - Peso MyFuture 2025
2017-08-24,2.6632,true,2017-08-23,-1.2349,10.5246,MyFuture 2025,PHP,N,6,A,TDF25,Sun Life Phils - Peso MyFuture 2025
2017-08-23,2.6624,true,2017-08-22,-1.8289,10.4914,MyFuture 2025,PHP,N,6,A,TDF25,Sun Life Phils - Peso MyFuture 2025
2017-08-22,2.6652,true,2017-08-21,-2.0867,10.6076,MyFuture 2025,PHP,N,6,A,TDF25,Sun Life Phils - Peso MyFuture 2025
2017-08-18,2.6567,true,2017-08-17,-2.1257,10.2548,MyFuture 2025,PHP,N,6,A,TDF25,Sun Life Phils - Peso MyFuture 2025
2017-08-17,2.6695,true,2017-08-16,-1.5744,10.786,MyFuture 2025,PHP,N,6,A,TDF25,Sun Life Phils - Peso MyFuture 2025
2017-08-16,2.6659,true,2017-08-15,-2.007,10.6366,MyFuture 2025,PHP,N,6,A,TDF25,Sun Life Phils - Peso MyFuture 2025
2017-08-15,2.6624,true,2017-08-14,-2.0132,10.4914,MyFuture 2025,PHP,N,6,A,TDF25,Sun Life Phils - Peso MyFuture 2025
2017-08-14,2.6545,true,2017-08-13,-2.3111,10.1635,MyFuture 2025,PHP,N,6,A,TDF25,Sun Life Phils - Peso MyFuture 2025
2017-08-11,2.6487,true,2017-08-10,-2.8962,9.9228,MyFuture 2025,PHP,N,6,A,TDF25,Sun Life Phils - Peso MyFuture 2025
2017-08-10,2.6537,true,2017-08-09,-3.2485,10.1303,MyFuture 2025,PHP,N,6,A,TDF25,Sun Life Phils - Peso MyFuture 2025
2017-08-09,2.6569,true,2017-08-08,-3.146,10.2631,MyFuture 2025,PHP,N,6,A,TDF25,Sun Life Phils - Peso MyFuture 2025
2017-08-08,2.6569,true,2017-08-07,-2.6242,10.2631,MyFuture 2025,PHP,N,6,A,TDF25,Sun Life Phils - Peso MyFuture 2025
2017-08-07,2.6583,true,2017-08-06,-2.3258,10.3212,MyFuture 2025,PHP,N,6,A,TDF25,Sun Life Phils - Peso MyFuture 2025
2017-08-04,2.6488,true,2017-08-03,-2.6999,9.927,MyFuture 2025,PHP,N,6,A,TDF25,Sun Life Phils - Peso MyFuture 2025
2017-08-03,2.6393,true,2017-08-02,-2.2988,9.5327,MyFuture 2025,PHP,N,6,A,TDF25,Sun Life Phils - Peso MyFuture 2025
2017-08-02,2.6382,true,2017-08-01,-3.571,9.4871,MyFuture 2025,PHP,N,6,A,TDF25,Sun Life Phils - Peso MyFuture 2025
2017-08-01,2.6427,true,2017-07-31,-3.5757,9.6738,MyFuture 2025,PHP,N,6,A,TDF25,Sun Life Phils - Peso MyFuture 2025
2017-07-31,2.6636,true,2017-07-30,-1.9618,10.5412,MyFuture 2025,PHP,N,6,A,TDF25,Sun Life Phils - Peso MyFuture 2025
2017-07-28,2.6723,true,2017-07-27,-2.1351,10.9022,MyFuture 2025,PHP,N,6,A,TDF25,Sun Life Phils - Peso MyFuture 2025
2017-07-27,2.6692,true,2017-07-26,-2.8711,10.7736,MyFuture 2025,PHP,N,6,A,TDF25,Sun Life Phils - Peso MyFuture 2025
2017-07-26,2.6657,true,2017-07-25,-2.3732,10.6283,MyFuture 2025,PHP,N,6,A,TDF25,Sun Life Phils - Peso MyFuture 2025
2017-07-25,2.654,true,2017-07-24,-3.0325,10.1428,MyFuture 2025,PHP,N,6,A,TDF25,Sun Life Phils - Peso MyFuture 2025
2017-07-24,2.6564,true,2017-07-23,-2.7779,10.2424,MyFuture 2025,PHP,N,6,A,TDF25,Sun Life Phils - Peso MyFuture 2025
2017-07-21,2.6609,true,2017-07-20,-3.2294,10.4291,MyFuture 2025,PHP,N,6,A,TDF25,Sun Life Phils - Peso MyFuture 2025
2017-07-20,2.6461,true,2017-07-19,-3.2328,9.8149,MyFuture 2025,PHP,N,6,A,TDF25,Sun Life Phils - Peso MyFuture 2025
2017-07-19,2.6606,true,2017-07-18,-2.5278,10.4167,MyFuture 2025,PHP,N,6,A,TDF25,Sun Life Phils - Peso MyFuture 2025
2017-07-18,2.6537,true,2017-07-17,-2.337,10.1303,MyFuture 2025,PHP,N,6,A,TDF25,Sun Life Phils - Peso MyFuture 2025
2017-07-17,2.6499,true,2017-07-16,-2.731,9.9726,MyFuture 2025,PHP,N,6,A,TDF25,Sun Life Phils - Peso MyFuture 2025
2017-07-14,2.644,true,2017-07-13,-2.4066,9.7278,MyFuture 2025,PHP,N,6,A,TDF25,Sun Life Phils - Peso MyFuture 2025
2017-07-13,2.6538,true,2017-07-12,-1.9508,10.1345,MyFuture 2025,PHP,N,6,A,TDF25,Sun Life Phils - Peso MyFuture 2025
2017-07-12,2.6524,true,2017-07-11,-1.9119,10.0764,MyFuture 2025,PHP,N,6,A,TDF25,Sun Life Phils - Peso MyFuture 2025
2017-07-11,2.6384,true,2017-07-10,-1.8671,9.4954,MyFuture 2025,PHP,N,6,A,TDF25,Sun Life Phils - Peso MyFuture 2025
2017-07-10,2.6379,true,2017-07-09,-0.4002,9.4746,MyFuture 2025,PHP,N,6,A,TDF25,Sun Life Phils - Peso MyFuture 2025
2017-07-07,2.6455,true,2017-07-06,-0.3578,9.79,MyFuture 2025,PHP,N,6,A,TDF25,Sun Life Phils - Peso MyFuture 2025
2017-07-06,2.6469,true,2017-07-05,-0.5934,9.8481,MyFuture 2025,PHP,N,6,A,TDF25,Sun Life Phils - Peso MyFuture 2025
2017-07-05,2.6402,true,2017-07-04,-0.845,9.5701,MyFuture 2025,PHP,N,6,A,TDF25,Sun Life Phils - Peso MyFuture 2025
2017-07-04,2.6423,true,2017-07-03,-1.2667,9.6572,MyFuture 2025,PHP,N,6,A,TDF25,Sun Life Phils - Peso MyFuture 2025
2017-07-03,2.6464,true,2017-07-02,-0.7315,9.8274,MyFuture 2025,PHP,N,6,A,TDF25,Sun Life Phils - Peso MyFuture 2025
2017-06-30,2.6421,true,2017-06-29,-0.5383,9.6489,MyFuture 2025,PHP,N,6,A,TDF25,Sun Life Phils - Peso MyFuture 2025
2017-06-29,2.6341,true,2017-06-28,-0.8693,9.3169,MyFuture 2025,PHP,N,6,A,TDF25,Sun Life Phils - Peso MyFuture 2025
2017-06-28,2.6448,true,2017-06-27,0.6699,9.761,MyFuture 2025,PHP,N,6,A,TDF25,Sun Life Phils - Peso MyFuture 2025
2017-06-27,2.649,true,2017-06-26,0.4322,9.9353,MyFuture 2025,PHP,N,6,A,TDF25,Sun Life Phils - Peso MyFuture 2025
2017-06-23,2.6337,true,2017-06-22,-0.2008,9.3003,MyFuture 2025,PHP,N,6,A,TDF25,Sun Life Phils - Peso MyFuture 2025
2017-06-22,2.644,true,2017-06-21,-0.0038,9.7278,MyFuture 2025,PHP,N,6,A,TDF25,Sun Life Phils - Peso MyFuture 2025
2017-06-21,2.6479,true,2017-06-20,0.0642,9.8896,MyFuture 2025,PHP,N,6,A,TDF25,Sun Life Phils - Peso MyFuture 2025
2017-06-20,2.6539,true,2017-06-19,1.2012,10.1386,MyFuture 2025,PHP,N,6,A,TDF25,Sun Life Phils - Peso MyFuture 2025
2017-06-19,2.6561,true,2017-06-18,1.7117,10.2299,MyFuture 2025,PHP,N,6,A,TDF25,Sun Life Phils - Peso MyFuture 2025
2017-06-16,2.6437,true,2017-06-15,1.7082,9.7153,MyFuture 2025,PHP,N,6,A,TDF25,Sun Life Phils - Peso MyFuture 2025
2017-06-15,2.6581,true,2017-06-14,2.8239,10.3129,MyFuture 2025,PHP,N,6,A,TDF25,Sun Life Phils - Peso MyFuture 2025
2017-06-14,2.6569,true,2017-06-13,3.1966,10.2631,MyFuture 2025,PHP,N,6,A,TDF25,Sun Life Phils - Peso MyFuture 2025
2017-06-13,2.6465,true,2017-06-12,1.8904,9.8315,MyFuture 2025,PHP,N,6,A,TDF25,Sun Life Phils - Peso MyFuture 2025
2017-06-09,2.6549,true,2017-06-08,2.4465,10.1801,MyFuture 2025,PHP,N,6,A,TDF25,Sun Life Phils - Peso MyFuture 2025
2017-06-08,2.6493,true,2017-06-07,0.5465,9.9477,MyFuture 2025,PHP,N,6,A,TDF25,Sun Life Phils - Peso MyFuture 2025
2017-06-07,2.6566,true,2017-06-06,0.8618,10.2507,MyFuture 2025,PHP,N,6,A,TDF25,Sun Life Phils - Peso MyFuture 2025
2017-06-06,2.6483,true,2017-06-05,1.5608,9.9062,MyFuture 2025,PHP,N,6,A,TDF25,Sun Life Phils - Peso MyFuture 2025
2017-06-05,2.6558,true,2017-06-04,2.5801,10.2175,MyFuture 2025,PHP,N,6,A,TDF25,Sun Life Phils - Peso MyFuture 2025
2017-06-02,2.6389,true,2017-06-01,2.3345,9.5161,MyFuture 2025,PHP,N,6,A,TDF25,Sun Life Phils - Peso MyFuture 2025
2017-06-01,2.6426,true,2017-05-31,2.1808,9.6697,MyFuture 2025,PHP,N,6,A,TDF25,Sun Life Phils - Peso MyFuture 2025
2017-05-31,2.6276,true,2017-05-30,2.4725,9.0471,MyFuture 2025,PHP,N,6,A,TDF25,Sun Life Phils - Peso MyFuture 2025
2017-05-30,2.6308,true,2017-05-29,1.7993,9.1799,MyFuture 2025,PHP,N,6,A,TDF25,Sun Life Phils - Peso MyFuture 2025
2017-05-29,2.6369,true,2017-05-28,2.3046,9.4331,MyFuture 2025,PHP,N,6,A,TDF25,Sun Life Phils - Peso MyFuture 2025
2017-05-26,2.6321,true,2017-05-25,2.4004,9.2339,MyFuture 2025,PHP,N,6,A,TDF25,Sun Life Phils - Peso MyFuture 2025
2017-05-25,2.6335,true,2017-05-24,1.6913,9.292,MyFuture 2025,PHP,N,6,A,TDF25,Sun Life Phils - Peso MyFuture 2025
2017-05-24,2.6269,true,2017-05-23,2.3335,9.0181,MyFuture 2025,PHP,N,6,A,TDF25,Sun Life Phils - Peso MyFuture 2025
2017-05-23,2.6221,true,2017-05-22,2.7106,8.8189,MyFuture 2025,PHP,N,6,A,TDF25,Sun Life Phils - Peso MyFuture 2025
2017-05-22,2.6207,true,2017-05-21,2.7846,8.7608,MyFuture 2025,PHP,N,6,A,TDF25,Sun Life Phils - Peso MyFuture 2025
2017-05-19,2.6139,true,2017-05-18,1.1845,8.4786,MyFuture 2025,PHP,N,6,A,TDF25,Sun Life Phils - Peso MyFuture 2025
2017-05-18,2.6117,true,2017-05-17,0.0268,8.3873,MyFuture 2025,PHP,N,6,A,TDF25,Sun Life Phils - Peso MyFuture 2025
2017-05-17,2.6232,true,2017-05-16,0.579,8.8645,MyFuture 2025,PHP,N,6,A,TDF25,Sun Life Phils - Peso MyFuture 2025
2017-05-16,2.6175,true,2017-05-15,0.5184,8.628,MyFuture 2025,PHP,N,6,A,TDF25,Sun Life Phils - Peso MyFuture 2025
2017-05-15,2.6144,true,2017-05-14,1.1178,8.4993,MyFuture 2025,PHP,N,6,A,TDF25,Sun Life Phils - Peso MyFuture 2025
2017-05-12,2.6211,true,2017-05-11,2.3627,8.7774,MyFuture 2025,PHP,N,6,A,TDF25,Sun Life Phils - Peso MyFuture 2025
2017-05-11,2.62,true,2017-05-10,1.7041,8.7317,MyFuture 2025,PHP,N,6,A,TDF25,Sun Life Phils - Peso MyFuture 2025
2017-05-10,2.6151,true,2017-05-09,3.6586,8.5284,MyFuture 2025,PHP,N,6,A,TDF25,Sun Life Phils - Peso MyFuture 2025
2017-05-09,2.6371,true,2017-05-08,6.4248,9.4414,MyFuture 2025,PHP,N,6,A,TDF25,Sun Life Phils - Peso MyFuture 2025
2017-05-08,2.6429,true,2017-05-07,6.6589,9.6821,MyFuture 2025,PHP,N,6,A,TDF25,Sun Life Phils - Peso MyFuture 2025
2017-05-05,2.6212,true,2017-05-04,5.7917,8.7815,MyFuture 2025,PHP,N,6,A,TDF25,Sun Life Phils - Peso MyFuture 2025
2017-05-04,2.6066,true,2017-05-03,4.4018,8.1756,MyFuture 2025,PHP,N,6,A,TDF25,Sun Life Phils - Peso MyFuture 2025
2017-05-03,2.5931,true,2017-05-02,4.2285,7.6154,MyFuture 2025,PHP,N,6,A,TDF25,Sun Life Phils - Peso MyFuture 2025
2017-05-02,2.5973,true,2017-05-01,4.3009,7.7897,MyFuture 2025,PHP,N,6,A,TDF25,Sun Life Phils - Peso MyFuture 2025
2017-04-27,2.5891,true,2017-04-26,2.7747,7.4494,MyFuture 2025,PHP,N,6,A,TDF25,Sun Life Phils - Peso MyFuture 2025
2017-04-26,2.5997,true,2017-04-25,2.881,7.8893,MyFuture 2025,PHP,N,6,A,TDF25,Sun Life Phils - Peso MyFuture 2025
2017-04-25,2.5948,true,2017-04-24,2.4438,7.6859,MyFuture 2025,PHP,N,6,A,TDF25,Sun Life Phils - Peso MyFuture 2025
2017-04-24,2.5763,true,2017-04-23,1.6092,6.9182,MyFuture 2025,PHP,N,6,A,TDF25,Sun Life Phils - Peso MyFuture 2025
2017-04-21,2.5742,true,2017-04-20,1.5263,6.831,MyFuture 2025,PHP,N,6,A,TDF25,Sun Life Phils - Peso MyFuture 2025
2017-04-20,2.5717,true,2017-04-19,1.9222,6.7273,MyFuture 2025,PHP,N,6,A,TDF25,Sun Life Phils - Peso MyFuture 2025
2017-04-19,2.5645,true,2017-04-18,1.5161,6.4285,MyFuture 2025,PHP,N,6,A,TDF25,Sun Life Phils - Peso MyFuture 2025
2017-04-18,2.5749,true,2017-04-17,1.6782,6.8601,MyFuture 2025,PHP,N,6,A,TDF25,Sun Life Phils - Peso MyFuture 2025
2017-04-17,2.574,true,2017-04-16,0.87,6.8227,MyFuture 2025,PHP,N,6,A,TDF25,Sun Life Phils - Peso MyFuture 2025
2017-04-12,2.5799,true,2017-04-11,1.1924,7.0676,MyFuture 2025,PHP,N,6,A,TDF25,Sun Life Phils - Peso MyFuture 2025
2017-04-11,2.5754,true,2017-04-10,1.1905,6.8808,MyFuture 2025,PHP,N,6,A,TDF25,Sun Life Phils - Peso MyFuture 2025
2017-04-10,2.5766,true,2017-04-09,1.6691,6.9306,MyFuture 2025,PHP,N,6,A,TDF25,Sun Life Phils - Peso MyFuture 2025
2017-04-07,2.5714,true,2017-04-06,1.6083,6.7148,MyFuture 2025,PHP,N,6,A,TDF25,Sun Life Phils - Peso MyFuture 2025
2017-04-06,2.5694,true,2017-04-05,2.0373,6.6318,MyFuture 2025,PHP,N,6,A,TDF25,Sun Life Phils - Peso MyFuture 2025
2017-04-05,2.5724,true,2017-04-04,1.8208,6.7563,MyFuture 2025,PHP,N,6,A,TDF25,Sun Life Phils - Peso MyFuture 2025
2017-04-04,2.5491,true,2017-04-03,0.5126,5.7893,MyFuture 2025,PHP,N,6,A,TDF25,Sun Life Phils - Peso MyFuture 2025
2017-04-03,2.5302,true,2017-04-02,-0.2169,5.005,MyFuture 2025,PHP,N,6,A,TDF25,Sun Life Phils - Peso MyFuture 2025
2017-03-31,2.5249,true,2017-03-30,-0.5475,4.785,MyFuture 2025,PHP,N,6,A,TDF25,Sun Life Phils - Peso MyFuture 2025
2017-03-30,2.5287,true,2017-03-29,-0.6756,4.9427,MyFuture 2025,PHP,N,6,A,TDF25,Sun Life Phils - Peso MyFuture 2025
2017-03-29,2.5267,true,2017-03-28,-0.5236,4.8597,MyFuture 2025,PHP,N,6,A,TDF25,Sun Life Phils - Peso MyFuture 2025
2017-03-28,2.5286,true,2017-03-27,-0.9325,4.9386,MyFuture 2025,PHP,N,6,A,TDF25,Sun Life Phils - Peso MyFuture 2025
2017-03-27,2.5142,true,2017-03-26,-1.7161,4.341,MyFuture 2025,PHP,N,6,A,TDF25,Sun Life Phils - Peso MyFuture 2025
2017-03-24,2.5182,true,2017-03-23,-1.5598,4.507,MyFuture 2025,PHP,N,6,A,TDF25,Sun Life Phils - Peso MyFuture 2025
2017-03-23,2.5219,true,2017-03-22,-1.4151,4.6605,MyFuture 2025,PHP,N,6,A,TDF25,Sun Life Phils - Peso MyFuture 2025
2017-03-22,2.514,true,2017-03-21,-1.1404,4.3327,MyFuture 2025,PHP,N,6,A,TDF25,Sun Life Phils - Peso MyFuture 2025
2017-03-21,2.5247,true,2017-03-20,-1.5712,4.7767,MyFuture 2025,PHP,N,6,A,TDF25,Sun Life Phils - Peso MyFuture 2025
2017-03-20,2.524,true,2017-03-19,-0.8602,4.7477,MyFuture 2025,PHP,N,6,A,TDF25,Sun Life Phils - Peso MyFuture 2025
2017-03-17,2.5268,true,2017-03-16,0.0673,4.8639,MyFuture 2025,PHP,N,6,A,TDF25,Sun Life Phils - Peso MyFuture 2025
2017-03-16,2.5156,true,2017-03-15,1.089,4.3991,MyFuture 2025,PHP,N,6,A,TDF25,Sun Life Phils - Peso MyFuture 2025
2017-03-15,2.5016,true,2017-03-14,0.3409,3.8181,MyFuture 2025,PHP,N,6,A,TDF25,Sun Life Phils - Peso MyFuture 2025
2017-03-14,2.502,true,2017-03-13,0.5708,3.8347,MyFuture 2025,PHP,N,6,A,TDF25,Sun Life Phils - Peso MyFuture 2025
2017-03-13,2.4979,true,2017-03-12,0.1604,3.6645,MyFuture 2025,PHP,N,6,A,TDF25,Sun Life Phils - Peso MyFuture 2025
2017-03-10,2.4816,true,2017-03-09,-0.1931,2.988,MyFuture 2025,PHP,N,6,A,TDF25,Sun Life Phils - Peso MyFuture 2025
2017-03-09,2.5113,true,2017-03-08,2.6949,4.2206,MyFuture 2025,PHP,N,6,A,TDF25,Sun Life Phils - Peso MyFuture 2025
2017-03-08,2.5155,true,2017-03-07,2.5814,4.3949,MyFuture 2025,PHP,N,6,A,TDF25,Sun Life Phils - Peso MyFuture 2025
2017-03-07,2.5155,true,2017-03-06,2.9213,4.3949,MyFuture 2025,PHP,N,6,A,TDF25,Sun Life Phils - Peso MyFuture 2025
2017-03-06,2.522,true,2017-03-05,3.065,4.6647,MyFuture 2025,PHP,N,6,A,TDF25,Sun Life Phils - Peso MyFuture 2025
2017-03-03,2.5112,true,2017-03-02,2.0025,4.2165,MyFuture 2025,PHP,N,6,A,TDF25,Sun Life Phils - Peso MyFuture 2025
2017-03-02,2.5117,true,2017-03-01,2.8163,4.2372,MyFuture 2025,PHP,N,6,A,TDF25,Sun Life Phils - Peso MyFuture 2025
2017-03-01,2.5003,true,2017-02-28,3.8115,3.7641,MyFuture 2025,PHP,N,6,A,TDF25,Sun Life Phils - Peso MyFuture 2025
2017-02-28,2.5086,true,2017-02-27,3.992,4.1086,MyFuture 2025,PHP,N,6,A,TDF25,Sun Life Phils - Peso MyFuture 2025
2017-02-27,2.5124,true,2017-02-26,4.1496,4.2663,MyFuture 2025,PHP,N,6,A,TDF25,Sun Life Phils - Peso MyFuture 2025
2017-02-24,2.515,true,2017-02-23,3.9471,4.3742,MyFuture 2025,PHP,N,6,A,TDF25,Sun Life Phils - Peso MyFuture 2025
2017-02-23,2.5276,true,2017-02-22,4.025,4.8971,MyFuture 2025,PHP,N,6,A,TDF25,Sun Life Phils - Peso MyFuture 2025
2017-02-22,2.5213,true,2017-02-21,4.173,4.6356,MyFuture 2025,PHP,N,6,A,TDF25,Sun Life Phils - Peso MyFuture 2025
2017-02-21,2.5205,true,2017-02-20,4.2347,4.6024,MyFuture 2025,PHP,N,6,A,TDF25,Sun Life Phils - Peso MyFuture 2025
2017-02-20,2.5235,true,2017-02-19,4.3588,4.7269,MyFuture 2025,PHP,N,6,A,TDF25,Sun Life Phils - Peso MyFuture 2025
2017-02-17,2.5173,true,2017-02-16,4.5781,4.4696,MyFuture 2025,PHP,N,6,A,TDF25,Sun Life Phils - Peso MyFuture 2025
2017-02-16,2.5235,true,2017-02-15,5.0889,4.7269,MyFuture 2025,PHP,N,6,A,TDF25,Sun Life Phils - Peso MyFuture 2025
2017-02-15,2.5046,true,2017-02-14,4.7205,3.9426,MyFuture 2025,PHP,N,6,A,TDF25,Sun Life Phils - Peso MyFuture 2025
2017-02-14,2.5114,true,2017-02-13,5.2248,4.2248,MyFuture 2025,PHP,N,6,A,TDF25,Sun Life Phils - Peso MyFuture 2025
2017-02-13,2.522,true,2017-02-12,5.6689,4.6647,MyFuture 2025,PHP,N,6,A,TDF25,Sun Life Phils - Peso MyFuture 2025
2017-02-10,2.5064,true,2017-02-09,5.435,4.0173,MyFuture 2025,PHP,N,6,A,TDF25,Sun Life Phils - Peso MyFuture 2025
2017-02-09,2.5101,true,2017-02-08,5.974,4.1708,MyFuture 2025,PHP,N,6,A,TDF25,Sun Life Phils - Peso MyFuture 2025
2017-02-08,2.5049,true,2017-02-07,4.0587,3.955,MyFuture 2025,PHP,N,6,A,TDF25,Sun Life Phils - Peso MyFuture 2025
2017-02-07,2.5059,true,2017-02-06,4.1002,3.9965,MyFuture 2025,PHP,N,6,A,TDF25,Sun Life Phils - Peso MyFuture 2025
2017-02-06,2.5139,true,2017-02-05,4.4325,4.3285,MyFuture 2025,PHP,N,6,A,TDF25,Sun Life Phils - Peso MyFuture 2025
2017-02-03,2.5002,true,2017-02-02,6.764,3.76,MyFuture 2025,PHP,N,6,A,TDF25,Sun Life Phils - Peso MyFuture 2025
2017-02-02,2.5002,true,2017-02-01,5.6854,3.76,MyFuture 2025,PHP,N,6,A,TDF25,Sun Life Phils - Peso MyFuture 2025
2017-02-01,2.4991,true,2017-01-31,4.6393,3.7143,MyFuture 2025,PHP,N,6,A,TDF25,Sun Life Phils - Peso MyFuture 2025
2017-01-31,2.5003,true,2017-01-30,4.8916,3.7641,MyFuture 2025,PHP,N,6,A,TDF25,Sun Life Phils - Peso MyFuture 2025
2017-01-30,2.5203,true,2017-01-29,5.7306,4.5941,MyFuture 2025,PHP,N,6,A,TDF25,Sun Life Phils - Peso MyFuture 2025
2017-01-27,2.5199,true,2017-01-26,7.7433,4.5775,MyFuture 2025,PHP,N,6,A,TDF25,Sun Life Phils - Peso MyFuture 2025
2017-01-26,2.517,true,2017-01-25,9.9463,4.4572,MyFuture 2025,PHP,N,6,A,TDF25,Sun Life Phils - Peso MyFuture 2025
2017-01-25,2.5138,true,2017-01-24,8.3254,4.3244,MyFuture 2025,PHP,N,6,A,TDF25,Sun Life Phils - Peso MyFuture 2025
2017-01-24,2.522,true,2017-01-23,11.6769,4.6647,MyFuture 2025,PHP,N,6,A,TDF25,Sun Life Phils - Peso MyFuture 2025
2017-01-23,2.5224,true,2017-01-22,11.6946,4.6813,MyFuture 2025,PHP,N,6,A,TDF25,Sun Life Phils - Peso MyFuture 2025
2017-01-20,2.4967,true,2017-01-19,9.948,3.6147,MyFuture 2025,PHP,N,6,A,TDF25,Sun Life Phils - Peso MyFuture 2025
2017-01-19,2.4974,true,2017-01-18,8.493,3.6438,MyFuture 2025,PHP,N,6,A,TDF25,Sun Life Phils - Peso MyFuture 2025
2017-01-18,2.4756,true,2017-01-17,7.954,2.739,MyFuture 2025,PHP,N,6,A,TDF25,Sun Life Phils - Peso MyFuture 2025
2017-01-17,2.4699,true,2017-01-16,6.3191,2.5025,MyFuture 2025,PHP,N,6,A,TDF25,Sun Life Phils - Peso MyFuture 2025
2017-01-16,2.4904,true,2017-01-15,7.2016,3.3533,MyFuture 2025,PHP,N,6,A,TDF25,Sun Life Phils - Peso MyFuture 2025
2017-01-13,2.4904,true,2017-01-12,6.1687,3.3533,MyFuture 2025,PHP,N,6,A,TDF25,Sun Life Phils - Peso MyFuture 2025
2017-01-12,2.4915,true,2017-01-11,8.4015,3.3989,MyFuture 2025,PHP,N,6,A,TDF25,Sun Life Phils - Peso MyFuture 2025
2017-01-11,2.5007,true,2017-01-10,9.1961,3.7807,MyFuture 2025,PHP,N,6,A,TDF25,Sun Life Phils - Peso MyFuture 2025
2017-01-10,2.5063,true,2017-01-09,5.8761,4.0131,MyFuture 2025,PHP,N,6,A,TDF25,Sun Life Phils - Peso MyFuture 2025
2017-01-09,2.4923,true,2017-01-08,5.2847,3.4321,MyFuture 2025,PHP,N,6,A,TDF25,Sun Life Phils - Peso MyFuture 2025
2017-01-06,2.4905,true,2017-01-05,2.4771,3.3574,MyFuture 2025,PHP,N,6,A,TDF25,Sun Life Phils - Peso MyFuture 2025
2017-01-05,2.4831,true,2017-01-04,2.1137,3.0503,MyFuture 2025,PHP,N,6,A,TDF25,Sun Life Phils - Peso MyFuture 2025
2017-01-04,2.4477,true,2017-01-03,0.7408,1.5812,MyFuture 2025,PHP,N,6,A,TDF25,Sun Life Phils - Peso MyFuture 2025
2017-01-03,2.4129,true,2017-01-02,-2.288,0.137,MyFuture 2025,PHP,N,6,A,TDF25,Sun Life Phils - Peso MyFuture 2025
2016-12-29,2.4096,true,2016-12-28,-2.4216,-2.4216,MyFuture 2025,PHP,N,6,A,TDF25,Sun Life Phils - Peso MyFuture 2025
2016-12-28,2.4098,true,2016-12-27,-2.7679,-2.4135,MyFuture 2025,PHP,N,6,A,TDF25,Sun Life Phils - Peso MyFuture 2025
2016-12-27,2.3683,true,2016-12-26,-4.3536,-4.0941,MyFuture 2025,PHP,N,6,A,TDF25,Sun Life Phils - Peso MyFuture 2025
2016-12-23,2.3474,true,2016-12-22,-5.1977,-4.9405,MyFuture 2025,PHP,N,6,A,TDF25,Sun Life Phils - Peso MyFuture 2025
2016-12-22,2.3516,true,2016-12-21,-5.0357,-4.7704,MyFuture 2025,PHP,N,6,A,TDF25,Sun Life Phils - Peso MyFuture 2025
2016-12-21,2.3734,true,2016-12-20,-3.316,-3.8876,MyFuture 2025,PHP,N,6,A,TDF25,Sun Life Phils - Peso MyFuture 2025
2016-12-20,2.3662,true,2016-12-19,-3.5385,-4.1792,MyFuture 2025,PHP,N,6,A,TDF25,Sun Life Phils - Peso MyFuture 2025
2016-12-19,2.3813,true,2016-12-18,-2.923,-3.5677,MyFuture 2025,PHP,N,6,A,TDF25,Sun Life Phils - Peso MyFuture 2025
2016-12-16,2.4148,true,2016-12-15,-0.9475,-2.2111,MyFuture 2025,PHP,N,6,A,TDF25,Sun Life Phils - Peso MyFuture 2025
2016-12-15,2.417,true,2016-12-14,0.3988,-2.122,MyFuture 2025,PHP,N,6,A,TDF25,Sun Life Phils - Peso MyFuture 2025
2016-12-14,2.4346,true,2016-12-13,0.4539,-1.4092,MyFuture 2025,PHP,N,6,A,TDF25,Sun Life Phils - Peso MyFuture 2025
2016-12-13,2.4234,true,2016-12-12,0.4476,-1.8628,MyFuture 2025,PHP,N,6,A,TDF25,Sun Life Phils - Peso MyFuture 2025
2016-12-12,2.42,true,2016-12-11,0.3067,-2.0005,MyFuture 2025,PHP,N,6,A,TDF25,Sun Life Phils - Peso MyFuture 2025
2016-12-09,2.4595,true,2016-12-08,0.824,-0.4009,MyFuture 2025,PHP,N,6,A,TDF25,Sun Life Phils - Peso MyFuture 2025
2016-12-08,2.455,true,2016-12-07,0.4871,-0.5831,MyFuture 2025,PHP,N,6,A,TDF25,Sun Life Phils - Peso MyFuture 2025
2016-12-07,2.4198,true,2016-12-06,-1.514,-2.0086,MyFuture 2025,PHP,N,6,A,TDF25,Sun Life Phils - Peso MyFuture 2025
2016-12-06,2.4065,true,2016-12-05,-2.135,-2.5472,MyFuture 2025,PHP,N,6,A,TDF25,Sun Life Phils - Peso MyFuture 2025
2016-12-05,2.3998,true,2016-12-04,-2.4075,-2.8185,MyFuture 2025,PHP,N,6,A,TDF25,Sun Life Phils - Peso MyFuture 2025
2016-12-02,2.4236,true,2016-12-01,-2.889,-1.8547,MyFuture 2025,PHP,N,6,A,TDF25,Sun Life Phils - Peso MyFuture 2025
2016-12-01,2.4186,true,2016-11-30,-3.1592,-2.0572,MyFuture 2025,PHP,N,6,A,TDF25,Sun Life Phils - Peso MyFuture 2025
2016-11-29,2.3995,true,2016-11-28,-2.811,-2.8306,MyFuture 2025,PHP,N,6,A,TDF25,Sun Life Phils - Peso MyFuture 2025
2016-11-28,2.4085,true,2016-11-27,-2.4464,-2.4662,MyFuture 2025,PHP,N,6,A,TDF25,Sun Life Phils - Peso MyFuture 2025
2016-11-25,2.4224,true,2016-11-24,-3.1311,-1.9033,MyFuture 2025,PHP,N,6,A,TDF25,Sun Life Phils - Peso MyFuture 2025
2016-11-24,2.4188,true,2016-11-23,-2.5463,-2.0491,MyFuture 2025,PHP,N,6,A,TDF25,Sun Life Phils - Peso MyFuture 2025
2016-11-23,2.4104,true,2016-11-22,-2.6927,-2.3892,MyFuture 2025,PHP,N,6,A,TDF25,Sun Life Phils - Peso MyFuture 2025
2016-11-22,2.4024,true,2016-11-21,-2.4406,-2.7132,MyFuture 2025,PHP,N,6,A,TDF25,Sun Life Phils - Peso MyFuture 2025
2016-11-21,2.4409,true,2016-11-20,-0.8772,-1.1541,MyFuture 2025,PHP,N,6,A,TDF25,Sun Life Phils - Peso MyFuture 2025
2016-11-18,2.4599,true,2016-11-17,0.9604,-0.3847,MyFuture 2025,PHP,N,6,A,TDF25,Sun Life Phils - Peso MyFuture 2025
2016-11-17,2.4594,true,2016-11-16,0.9399,-0.405,MyFuture 2025,PHP,N,6,A,TDF25,Sun Life Phils - Peso MyFuture 2025
2016-11-16,2.4396,true,2016-11-15,0.6809,-1.2068,MyFuture 2025,PHP,N,6,A,TDF25,Sun Life Phils - Peso MyFuture 2025
2016-11-15,2.435,true,2016-11-14,-0.9236,-1.3931,MyFuture 2025,PHP,N,6,A,TDF25,Sun Life Phils - Peso MyFuture 2025
2016-11-14,2.4374,true,2016-11-13,-0.826,-1.2959,MyFuture 2025,PHP,N,6,A,TDF25,Sun Life Phils - Peso MyFuture 2025
2016-11-11,2.4649,true,2016-11-10,-1.02,-0.1822,MyFuture 2025,PHP,N,6,A,TDF25,Sun Life Phils - Peso MyFuture 2025
2016-11-10,2.5104,true,2016-11-09,0.7545,1.6603,MyFuture 2025,PHP,N,6,A,TDF25,Sun Life Phils - Peso MyFuture 2025
2016-11-09,2.5001,true,2016-11-08,-0.4975,1.2432,MyFuture 2025,PHP,N,6,A,TDF25,Sun Life Phils - Peso MyFuture 2025
2016-11-08,2.5429,true,2016-11-07,0.49,2.9764,MyFuture 2025,PHP,N,6,A,TDF25,Sun Life Phils - Peso MyFuture 2025
2016-11-07,2.5179,true,2016-11-06,-0.4979,1.964,MyFuture 2025,PHP,N,6,A,TDF25,Sun Life Phils - Peso MyFuture 2025
2016-11-04,2.5263,true,2016-11-03,-1.3126,2.3042,MyFuture 2025,PHP,N,6,A,TDF25,Sun Life Phils - Peso MyFuture 2025
2016-11-03,2.5112,true,2016-11-02,-1.8372,1.6927,MyFuture 2025,PHP,N,6,A,TDF25,Sun Life Phils - Peso MyFuture 2025
2016-11-02,2.5332,true,2016-11-01,-1.0121,2.5836,MyFuture 2025,PHP,N,6,A,TDF25,Sun Life Phils - Peso MyFuture 2025
2016-10-28,2.5705,true,2016-10-27,-0.4724,4.0941,MyFuture 2025,PHP,N,6,A,TDF25,Sun Life Phils - Peso MyFuture 2025
2016-10-27,2.5813,true,2016-10-26,-0.3667,4.5315,MyFuture 2025,PHP,N,6,A,TDF25,Sun Life Phils - Peso MyFuture 2025
2016-10-26,2.5937,true,2016-10-25,0.2202,5.0336,MyFuture 2025,PHP,N,6,A,TDF25,Sun Life Phils - Peso MyFuture 2025
2016-10-25,2.6129,true,2016-10-24,1.6258,5.8111,MyFuture 2025,PHP,N,6,A,TDF25,Sun Life Phils - Peso MyFuture 2025
2016-10-24,2.6192,true,2016-10-23,1.8708,6.0663,MyFuture 2025,PHP,N,6,A,TDF25,Sun Life Phils - Peso MyFuture 2025
2016-10-21,2.6294,true,2016-10-20,4.0317,6.4793,MyFuture 2025,PHP,N,6,A,TDF25,Sun Life Phils - Peso MyFuture 2025
2016-10-20,2.6426,true,2016-10-19,4.558,7.0138,MyFuture 2025,PHP,N,6,A,TDF25,Sun Life Phils - Peso MyFuture 2025
2016-10-19,2.6463,true,2016-10-18,5.0786,7.1637,MyFuture 2025,PHP,N,6,A,TDF25,Sun Life Phils - Peso MyFuture 2025
2016-10-18,2.612,true,2016-10-17,3.7372,5.7747,MyFuture 2025,PHP,N,6,A,TDF25,Sun Life Phils - Peso MyFuture 2025
2016-10-17,2.5677,true,2016-10-16,1.9778,3.9807,MyFuture 2025,PHP,N,6,A,TDF25,Sun Life Phils - Peso MyFuture 2025
2016-10-14,2.5758,true,2016-10-13,3.2592,4.3087,MyFuture 2025,PHP,N,6,A,TDF25,Sun Life Phils - Peso MyFuture 2025
2016-10-13,2.5591,true,2016-10-12,1.5758,3.6325,MyFuture 2025,PHP,N,6,A,TDF25,Sun Life Phils - Peso MyFuture 2025
2016-10-12,2.5856,true,2016-10-11,1.2175,4.7056,MyFuture 2025,PHP,N,6,A,TDF25,Sun Life Phils - Peso MyFuture 2025
2016-10-11,2.606,true,2016-10-10,2.6146,5.5317,MyFuture 2025,PHP,N,6,A,TDF25,Sun Life Phils - Peso MyFuture 2025
2016-10-10,2.6082,true,2016-10-09,2.7012,5.6208,MyFuture 2025,PHP,N,6,A,TDF25,Sun Life Phils - Peso MyFuture 2025
2016-10-07,2.6189,true,2016-10-06,3.1632,6.0541,MyFuture 2025,PHP,N,6,A,TDF25,Sun Life Phils - Peso MyFuture 2025
2016-10-06,2.6279,true,2016-10-05,4.5514,6.4186,MyFuture 2025,PHP,N,6,A,TDF25,Sun Life Phils - Peso MyFuture 2025
2016-10-05,2.6335,true,2016-10-04,5.2558,6.6453,MyFuture 2025,PHP,N,6,A,TDF25,Sun Life Phils - Peso MyFuture 2025
2016-10-04,2.6494,true,2016-10-03,7.0508,7.2892,MyFuture 2025,PHP,N,6,A,TDF25,Sun Life Phils - Peso MyFuture 2025
2016-10-03,2.6422,true,2016-10-02,6.7599,6.9977,MyFuture 2025,PHP,N,6,A,TDF25,Sun Life Phils - Peso MyFuture 2025
2016-09-30,2.6316,true,2016-09-29,5.6316,6.5684,MyFuture 2025,PHP,N,6,A,TDF25,Sun Life Phils - Peso MyFuture 2025
2016-09-29,2.6502,true,2016-09-28,7.1221,7.3216,MyFuture 2025,PHP,N,6,A,TDF25,Sun Life Phils - Peso MyFuture 2025
2016-09-28,2.6222,true,2016-09-27,6.2222,6.1877,MyFuture 2025,PHP,N,6,A,TDF25,Sun Life Phils - Peso MyFuture 2025
2016-09-27,2.618,true,2016-09-26,4.8542,6.0177,MyFuture 2025,PHP,N,6,A,TDF25,Sun Life Phils - Peso MyFuture 2025
2016-09-26,2.6356,true,2016-09-25,5.5591,6.7304,MyFuture 2025,PHP,N,6,A,TDF25,Sun Life Phils - Peso MyFuture 2025
2016-09-23,2.6562,true,2016-09-22,6.3714,7.5646,MyFuture 2025,PHP,N,6,A,TDF25,Sun Life Phils - Peso MyFuture 2025
2016-09-22,2.6653,true,2016-09-21,5.1359,7.9331,MyFuture 2025,PHP,N,6,A,TDF25,Sun Life Phils - Peso MyFuture 2025
2016-09-21,2.6453,true,2016-09-20,3.8798,7.1232,MyFuture 2025,PHP,N,6,A,TDF25,Sun Life Phils - Peso MyFuture 2025
2016-09-20,2.6457,true,2016-09-19,3.5499,7.1394,MyFuture 2025,PHP,N,6,A,TDF25,Sun Life Phils - Peso MyFuture 2025
2016-09-19,2.626,true,2016-09-18,2.7789,6.3416,MyFuture 2025,PHP,N,6,A,TDF25,Sun Life Phils - Peso MyFuture 2025
2016-09-16,2.621,true,2016-09-15,3.2418,6.1391,MyFuture 2025,PHP,N,6,A,TDF25,Sun Life Phils - Peso MyFuture 2025
2016-09-15,2.6568,true,2016-09-14,4.6479,7.5889,MyFuture 2025,PHP,N,6,A,TDF25,Sun Life Phils - Peso MyFuture 2025
2016-09-14,2.622,true,2016-09-13,3.3667,6.1796,MyFuture 2025,PHP,N,6,A,TDF25,Sun Life Phils - Peso MyFuture 2025
2016-09-13,2.6255,true,2016-09-12,5.2558,6.3214,MyFuture 2025,PHP,N,6,A,TDF25,Sun Life Phils - Peso MyFuture 2025
2016-09-09,2.632,true,2016-09-08,5.007,6.5846,MyFuture 2025,PHP,N,6,A,TDF25,Sun Life Phils - Peso MyFuture 2025
2016-09-08,2.65,true,2016-09-07,6.3019,7.3135,MyFuture 2025,PHP,N,6,A,TDF25,Sun Life Phils - Peso MyFuture 2025
2016-09-07,2.6406,true,2016-09-06,5.9121,6.9329,MyFuture 2025,PHP,N,6,A,TDF25,Sun Life Phils - Peso MyFuture 2025
2016-09-06,2.663,true,2016-09-05,5.386,7.84,MyFuture 2025,PHP,N,6,A,TDF25,Sun Life Phils - Peso MyFuture 2025
2016-09-05,2.6729,true,2016-09-04,5.7778,8.2409,MyFuture 2025,PHP,N,6,A,TDF25,Sun Life Phils - Peso MyFuture 2025
2016-09-02,2.6844,true,2016-09-01,6.0567,8.7066,MyFuture 2025,PHP,N,6,A,TDF25,Sun Life Phils - Peso MyFuture 2025
2016-09-01,2.6773,true,2016-08-31,5.5135,8.419,MyFuture 2025,PHP,N,6,A,TDF25,Sun Life Phils - Peso MyFuture 2025
2016-08-31,2.6796,true,2016-08-30,5.1772,8.5122,MyFuture 2025,PHP,N,6,A,TDF25,Sun Life Phils - Peso MyFuture 2025
2016-08-30,2.6808,true,2016-08-29,5.2243,8.5608,MyFuture 2025,PHP,N,6,A,TDF25,Sun Life Phils - Peso MyFuture 2025
2016-08-26,2.6914,true,2016-08-25,8.2536,8.99,MyFuture 2025,PHP,N,6,A,TDF25,Sun Life Phils - Peso MyFuture 2025
2016-08-25,2.6933,true,2016-08-24,9.1554,9.067,MyFuture 2025,PHP,N,6,A,TDF25,Sun Life Phils - Peso MyFuture 2025
2016-08-24,2.6965,true,2016-08-23,9.4004,9.1966,MyFuture 2025,PHP,N,6,A,TDF25,Sun Life Phils - Peso MyFuture 2025
2016-08-23,2.712,true,2016-08-22,4.913,9.8242,MyFuture 2025,PHP,N,6,A,TDF25,Sun Life Phils - Peso MyFuture 2025
2016-08-22,2.722,true,2016-08-21,5.2998,10.2292,MyFuture 2025,PHP,N,6,A,TDF25,Sun Life Phils - Peso MyFuture 2025
2016-08-19,2.7109,true,2016-08-18,4.2574,9.7797,MyFuture 2025,PHP,N,6,A,TDF25,Sun Life Phils - Peso MyFuture 2025
2016-08-18,2.7144,true,2016-08-17,4.5166,9.9214,MyFuture 2025,PHP,N,6,A,TDF25,Sun Life Phils - Peso MyFuture 2025
2016-08-17,2.7122,true,2016-08-16,4.3877,9.8323,MyFuture 2025,PHP,N,6,A,TDF25,Sun Life Phils - Peso MyFuture 2025
2016-08-16,2.7205,true,2016-08-15,3.939,10.1685,MyFuture 2025,PHP,N,6,A,TDF25,Sun Life Phils - Peso MyFuture 2025
2016-08-15,2.7171,true,2016-08-14,3.8091,10.0308,MyFuture 2025,PHP,N,6,A,TDF25,Sun Life Phils - Peso MyFuture 2025
2016-08-12,2.7173,true,2016-08-11,2.8735,10.0389,MyFuture 2025,PHP,N,6,A,TDF25,Sun Life Phils - Peso MyFuture 2025
2016-08-11,2.7277,true,2016-08-10,2.5027,10.46,MyFuture 2025,PHP,N,6,A,TDF25,Sun Life Phils - Peso MyFuture 2025
2016-08-10,2.7428,true,2016-08-09,3.5566,11.0715,MyFuture 2025,PHP,N,6,A,TDF25,Sun Life Phils - Peso MyFuture 2025
2016-08-09,2.7432,true,2016-08-08,3.6735,11.0877,MyFuture 2025,PHP,N,6,A,TDF25,Sun Life Phils - Peso MyFuture 2025
2016-08-08,2.7285,true,2016-08-07,3.1179,10.4924,MyFuture 2025,PHP,N,6,A,TDF25,Sun Life Phils - Peso MyFuture 2025
2016-08-05,2.7216,true,2016-08-04,1.6167,10.213,MyFuture 2025,PHP,N,6,A,TDF25,Sun Life Phils - Peso MyFuture 2025
2016-08-04,2.7223,true,2016-08-03,2.3152,10.2414,MyFuture 2025,PHP,N,6,A,TDF25,Sun Life Phils - Peso MyFuture 2025
2016-08-03,2.7014,true,2016-08-02,1.8052,9.395,MyFuture 2025,PHP,N,6,A,TDF25,Sun Life Phils - Peso MyFuture 2025
2016-08-02,2.7359,true,2016-08-01,3.2961,10.7921,MyFuture 2025,PHP,N,6,A,TDF25,Sun Life Phils - Peso MyFuture 2025
2016-08-01,2.7407,true,2016-07-31,3.4773,10.9865,MyFuture 2025,PHP,N,6,A,TDF25,Sun Life Phils - Peso MyFuture 2025
2016-07-29,2.7169,true,2016-07-28,3.3789,10.0227,MyFuture 2025,PHP,N,6,A,TDF25,Sun Life Phils - Peso MyFuture 2025
2016-07-28,2.7306,true,2016-07-27,3.9555,10.5775,MyFuture 2025,PHP,N,6,A,TDF25,Sun Life Phils - Peso MyFuture 2025
2016-07-27,2.7481,true,2016-07-26,3.9529,11.2861,MyFuture 2025,PHP,N,6,A,TDF25,Sun Life Phils - Peso MyFuture 2025
2016-07-26,2.7305,true,2016-07-25,2.2736,10.5734,MyFuture 2025,PHP,N,6,A,TDF25,Sun Life Phils - Peso MyFuture 2025
2016-07-25,2.737,true,2016-07-24,2.517,10.8366,MyFuture 2025,PHP,N,6,A,TDF25,Sun Life Phils - Peso MyFuture 2025
2016-07-22,2.7323,true,2016-07-21,2.3717,10.6463,MyFuture 2025,PHP,N,6,A,TDF25,Sun Life Phils - Peso MyFuture 2025
2016-07-21,2.7497,true,2016-07-20,3.1009,11.3509,MyFuture 2025,PHP,N,6,A,TDF25,Sun Life Phils - Peso MyFuture 2025
2016-07-20,2.7345,true,2016-07-19,3.3916,10.7354,MyFuture 2025,PHP,N,6,A,TDF25,Sun Life Phils - Peso MyFuture 2025
2016-07-19,2.7296,true,2016-07-18,2.6243,10.537,MyFuture 2025,PHP,N,6,A,TDF25,Sun Life Phils - Peso MyFuture 2025
2016-07-18,2.7172,true,2016-07-17,2.1581,10.0348,MyFuture 2025,PHP,N,6,A,TDF25,Sun Life Phils - Peso MyFuture 2025
2016-07-15,2.7243,true,2016-07-14,2.9864,10.3223,MyFuture 2025,PHP,N,6,A,TDF25,Sun Life Phils - Peso MyFuture 2025
2016-07-14,2.7092,true,2016-07-13,2.373,9.7109,MyFuture 2025,PHP,N,6,A,TDF25,Sun Life Phils - Peso MyFuture 2025
2016-07-13,2.7066,true,2016-07-12,2.6744,9.6056,MyFuture 2025,PHP,N,6,A,TDF25,Sun Life Phils - Peso MyFuture 2025
2016-07-12,2.7041,true,2016-07-11,3.653,9.5043,MyFuture 2025,PHP,N,6,A,TDF25,Sun Life Phils - Peso MyFuture 2025
2016-07-11,2.6886,true,2016-07-10,3.0589,8.8767,MyFuture 2025,PHP,N,6,A,TDF25,Sun Life Phils - Peso MyFuture 2025
2016-07-08,2.6485,true,2016-07-07,1.8067,7.2528,MyFuture 2025,PHP,N,6,A,TDF25,Sun Life Phils - Peso MyFuture 2025
2016-07-07,2.655,true,2016-07-06,1.2586,7.516,MyFuture 2025,PHP,N,6,A,TDF25,Sun Life Phils - Peso MyFuture 2025
2016-07-05,2.6627,true,2016-07-04,0.6616,7.8278,MyFuture 2025,PHP,N,6,A,TDF25,Sun Life Phils - Peso MyFuture 2025
2016-07-04,2.6762,true,2016-07-03,1.1719,8.3745,MyFuture 2025,PHP,N,6,A,TDF25,Sun Life Phils - Peso MyFuture 2025
2016-07-01,2.6659,true,2016-06-30,0.3614,7.9574,MyFuture 2025,PHP,N,6,A,TDF25,Sun Life Phils - Peso MyFuture 2025
2016-06-30,2.6564,true,2016-06-29,0.0942,7.5727,MyFuture 2025,PHP,N,6,A,TDF25,Sun Life Phils - Peso MyFuture 2025
2016-06-29,2.6572,true,2016-06-28,0.147,7.6051,MyFuture 2025,PHP,N,6,A,TDF25,Sun Life Phils - Peso MyFuture 2025
2016-06-28,2.6272,true,2016-06-27,-1.5477,6.3902,MyFuture 2025,PHP,N,6,A,TDF25,Sun Life Phils - Peso MyFuture 2025
2016-06-27,2.6376,true,2016-06-26,-1.158,6.8114,MyFuture 2025,PHP,N,6,A,TDF25,Sun Life Phils - Peso MyFuture 2025
2016-06-24,2.6166,true,2016-06-23,-2.0587,5.961,MyFuture 2025,PHP,N,6,A,TDF25,Sun Life Phils - Peso MyFuture 2025
2016-06-23,2.639,true,2016-06-22,-0.4076,6.8681,MyFuture 2025,PHP,N,6,A,TDF25,Sun Life Phils - Peso MyFuture 2025
2016-06-22,2.6441,true,2016-06-21,-2.8476,7.0746,MyFuture 2025,PHP,N,6,A,TDF25,Sun Life Phils - Peso MyFuture 2025
2016-06-21,2.6462,true,2016-06-20,-0.5637,7.1596,MyFuture 2025,PHP,N,6,A,TDF25,Sun Life Phils - Peso MyFuture 2025
2016-06-20,2.6224,true,2016-06-19,-1.458,6.1958,MyFuture 2025,PHP,N,6,A,TDF25,Sun Life Phils - Peso MyFuture 2025
2016-06-17,2.6114,true,2016-06-16,-1.3114,5.7504,MyFuture 2025,PHP,N,6,A,TDF25,Sun Life Phils - Peso MyFuture 2025
2016-06-16,2.5993,true,2016-06-15,-1.1259,5.2604,MyFuture 2025,PHP,N,6,A,TDF25,Sun Life Phils - Peso MyFuture 2025
2016-06-15,2.5851,true,2016-06-14,-1.2001,4.6853,MyFuture 2025,PHP,N,6,A,TDF25,Sun Life Phils - Peso MyFuture 2025
2016-06-14,2.5746,true,2016-06-13,-2.3071,4.2601,MyFuture 2025,PHP,N,6,A,TDF25,Sun Life Phils - Peso MyFuture 2025
2016-06-13,2.5974,true,2016-06-12,-1.4419,5.1834,MyFuture 2025,PHP,N,6,A,TDF25,Sun Life Phils - Peso MyFuture 2025
2016-06-10,2.5852,true,2016-06-09,-0.9198,4.6894,MyFuture 2025,PHP,N,6,A,TDF25,Sun Life Phils - Peso MyFuture 2025
2016-06-09,2.5915,true,2016-06-08,0.1894,4.9445,MyFuture 2025,PHP,N,6,A,TDF25,Sun Life Phils - Peso MyFuture 2025
2016-06-08,2.6349,true,2016-06-07,0.213,6.702,MyFuture 2025,PHP,N,6,A,TDF25,Sun Life Phils - Peso MyFuture 2025
2016-06-07,2.6339,true,2016-06-06,-0.1062,6.6615,MyFuture 2025,PHP,N,6,A,TDF25,Sun Life Phils - Peso MyFuture 2025
2016-06-06,2.6076,true,2016-06-05,-1.1037,5.5965,MyFuture 2025,PHP,N,6,A,TDF25,Sun Life Phils - Peso MyFuture 2025
2016-06-03,2.589,true,2016-06-02,-2.5226,4.8433,MyFuture 2025,PHP,N,6,A,TDF25,Sun Life Phils - Peso MyFuture 2025
2016-06-02,2.5787,true,2016-06-01,-2.8299,4.4262,MyFuture 2025,PHP,N,6,A,TDF25,Sun Life Phils - Peso MyFuture 2025
2016-06-01,2.5862,true,2016-05-31,-3.6546,4.7299,MyFuture 2025,PHP,N,6,A,TDF25,Sun Life Phils - Peso MyFuture 2025
2016-05-31,2.5642,true,2016-05-30,-3.6884,3.839,MyFuture 2025,PHP,N,6,A,TDF25,Sun Life Phils - Peso MyFuture 2025
2016-05-30,2.5843,true,2016-05-29,-2.9334,4.653,MyFuture 2025,PHP,N,6,A,TDF25,Sun Life Phils - Peso MyFuture 2025
2016-05-27,2.5775,true,2016-05-26,-3.2252,4.3776,MyFuture 2025,PHP,N,6,A,TDF25,Sun Life Phils - Peso MyFuture 2025
2016-05-26,2.5704,true,2016-05-25,-4.7965,4.0901,MyFuture 2025,PHP,N,6,A,TDF25,Sun Life Phils - Peso MyFuture 2025
2016-05-25,2.5897,true,2016-05-24,-4.4321,4.8716,MyFuture 2025,PHP,N,6,A,TDF25,Sun Life Phils - Peso MyFuture 2025
2016-05-24,2.567,true,2016-05-23,-5.6805,3.9524,MyFuture 2025,PHP,N,6,A,TDF25,Sun Life Phils - Peso MyFuture 2025
2016-05-23,2.5529,true,2016-05-22,-6.1986,3.3814,MyFuture 2025,PHP,N,6,A,TDF25,Sun Life Phils - Peso MyFuture 2025
2016-05-20,2.5497,true,2016-05-19,-6.7683,3.2518,MyFuture 2025,PHP,N,6,A,TDF25,Sun Life Phils - Peso MyFuture 2025
2016-05-19,2.5833,true,2016-05-18,-5.6018,4.6125,MyFuture 2025,PHP,N,6,A,TDF25,Sun Life Phils - Peso MyFuture 2025
2016-05-18,2.611,true,2016-05-17,-5.02,5.7342,MyFuture 2025,PHP,N,6,A,TDF25,Sun Life Phils - Peso MyFuture 2025
2016-05-17,2.6081,true,2016-05-16,-4.6085,5.6167,MyFuture 2025,PHP,N,6,A,TDF25,Sun Life Phils - Peso MyFuture 2025
2016-05-16,2.604,true,2016-05-15,-4.7584,5.4507,MyFuture 2025,PHP,N,6,A,TDF25,Sun Life Phils - Peso MyFuture 2025
2016-05-13,2.5855,true,2016-05-12,-5.0844,4.7015,MyFuture 2025,PHP,N,6,A,TDF25,Sun Life Phils - Peso MyFuture 2025
2016-05-12,2.5606,true,2016-05-11,-5.8187,3.6932,MyFuture 2025,PHP,N,6,A,TDF25,Sun Life Phils - Peso MyFuture 2025
2016-05-11,2.5761,true,2016-05-10,-5.137,4.3209,MyFuture 2025,PHP,N,6,A,TDF25,Sun Life Phils - Peso MyFuture 2025
2016-05-10,2.5228,true,2016-05-09,-6.894,2.1625,MyFuture 2025,PHP,N,6,A,TDF25,Sun Life Phils - Peso MyFuture 2025
2016-05-06,2.4779,true,2016-05-05,-9.6218,0.3442,MyFuture 2025,PHP,N,6,A,TDF25,Sun Life Phils - Peso MyFuture 2025
2016-05-05,2.4777,true,2016-05-04,-9.9771,0.3361,MyFuture 2025,PHP,N,6,A,TDF25,Sun Life Phils - Peso MyFuture 2025
2016-05-04,2.4967,true,2016-05-03,-7.8028,1.1055,MyFuture 2025,PHP,N,6,A,TDF25,Sun Life Phils - Peso MyFuture 2025
2016-05-03,2.4879,true,2016-05-02,-7.9612,0.7492,MyFuture 2025,PHP,N,6,A,TDF25,Sun Life Phils - Peso MyFuture 2025
2016-05-02,2.4902,true,2016-05-01,-7.8761,0.8423,MyFuture 2025,PHP,N,6,A,TDF25,Sun Life Phils - Peso MyFuture 2025
2016-04-29,2.5157,true,2016-04-28,-7.7451,1.8749,MyFuture 2025,PHP,N,6,A,TDF25,Sun Life Phils - Peso MyFuture 2025
2016-04-28,2.5174,true,2016-04-27,-8.171,1.9438,MyFuture 2025,PHP,N,6,A,TDF25,Sun Life Phils - Peso MyFuture 2025
2016-04-27,2.5192,true,2016-04-26,-8.8039,2.0167,MyFuture 2025,PHP,N,6,A,TDF25,Sun Life Phils - Peso MyFuture 2025
2016-04-26,2.5269,true,2016-04-25,-8.4821,2.3285,MyFuture 2025,PHP,N,6,A,TDF25,Sun Life Phils - Peso MyFuture 2025
2016-04-25,2.5329,true,2016-04-24,-8.2648,2.5715,MyFuture 2025,PHP,N,6,A,TDF25,Sun Life Phils - Peso MyFuture 2025
2016-04-22,2.5355,true,2016-04-21,-7.2774,2.6768,MyFuture 2025,PHP,N,6,A,TDF25,Sun Life Phils - Peso MyFuture 2025
2016-04-21,2.5355,true,2016-04-20,-7.4094,2.6768,MyFuture 2025,PHP,N,6,A,TDF25,Sun Life Phils - Peso MyFuture 2025
2016-04-20,2.5232,true,2016-04-19,-7.9964,2.1787,MyFuture 2025,PHP,N,6,A,TDF25,Sun Life Phils - Peso MyFuture 2025
2016-04-19,2.5262,true,2016-04-18,-8.524,2.3002,MyFuture 2025,PHP,N,6,A,TDF25,Sun Life Phils - Peso MyFuture 2025
2016-04-18,2.5324,true,2016-04-17,-8.2995,2.5512,MyFuture 2025,PHP,N,6,A,TDF25,Sun Life Phils - Peso MyFuture 2025
2016-04-15,2.5518,true,2016-04-14,-7.305,3.3368,MyFuture 2025,PHP,N,6,A,TDF25,Sun Life Phils - Peso MyFuture 2025
2016-04-14,2.5623,true,2016-04-13,-7.5683,3.762,MyFuture 2025,PHP,N,6,A,TDF25,Sun Life Phils - Peso MyFuture 2025
2016-04-13,2.558,true,2016-04-12,-8.5023,3.5879,MyFuture 2025,PHP,N,6,A,TDF25,Sun Life Phils - Peso MyFuture 2025
2016-04-12,2.5495,true,2016-04-11,-9.2801,3.2437,MyFuture 2025,PHP,N,6,A,TDF25,Sun Life Phils - Peso MyFuture 2025
2016-04-11,2.5451,true,2016-04-10,-9.4367,3.0655,MyFuture 2025,PHP,N,6,A,TDF25,Sun Life Phils - Peso MyFuture 2025
2016-04-08,2.5343,true,2016-04-07,-9.3598,2.6282,MyFuture 2025,PHP,N,6,A,TDF25,Sun Life Phils - Peso MyFuture 2025
2016-04-07,2.5307,true,2016-04-06,-9.9106,2.4824,MyFuture 2025,PHP,N,6,A,TDF25,Sun Life Phils - Peso MyFuture 2025
2016-04-06,2.5181,true,2016-04-05,-10.1128,1.9721,MyFuture 2025,PHP,N,6,A,TDF25,Sun Life Phils - Peso MyFuture 2025
2016-04-05,2.5264,true,2016-04-04,-9.3148,2.3083,MyFuture 2025,PHP,N,6,A,TDF25,Sun Life Phils - Peso MyFuture 2025
2016-04-04,2.5361,true,2016-04-03,-8.9666,2.7011,MyFuture 2025,PHP,N,6,A,TDF25,Sun Life Phils - Peso MyFuture 2025
2016-04-01,2.5357,true,2016-03-31,-8.9809,2.6849,MyFuture 2025,PHP,N,6,A,TDF25,Sun Life Phils - Peso MyFuture 2025
2016-03-31,2.5388,true,2016-03-30,-8.4457,2.8104,MyFuture 2025,PHP,N,6,A,TDF25,Sun Life Phils - Peso MyFuture 2025
2016-03-30,2.5459,true,2016-03-29,-7.804,3.0979,MyFuture 2025,PHP,N,6,A,TDF25,Sun Life Phils - Peso MyFuture 2025
2016-03-29,2.54,true,2016-03-28,-7.8441,2.859,MyFuture 2025,PHP,N,6,A,TDF25,Sun Life Phils - Peso MyFuture 2025
2016-03-28,2.5524,true,2016-03-27,-7.3942,3.3611,MyFuture 2025,PHP,N,6,A,TDF25,Sun Life Phils - Peso MyFuture 2025
2016-03-23,2.5581,true,2016-03-22,-6.9003,3.592,MyFuture 2025,PHP,N,6,A,TDF25,Sun Life Phils - Peso MyFuture 2025
2016-03-22,2.543,true,2016-03-21,-7.2811,2.9805,MyFuture 2025,PHP,N,6,A,TDF25,Sun Life Phils - Peso MyFuture 2025
2016-03-21,2.565,true,2016-03-20,-6.479,3.8714,MyFuture 2025,PHP,N,6,A,TDF25,Sun Life Phils - Peso MyFuture 2025
2016-03-18,2.5459,true,2016-03-17,-6.3801,3.0979,MyFuture 2025,PHP,N,6,A,TDF25,Sun Life Phils - Peso MyFuture 2025
2016-03-17,2.5251,true,2016-03-16,-7.3868,2.2556,MyFuture 2025,PHP,N,6,A,TDF25,Sun Life Phils - Peso MyFuture 2025
2016-03-16,2.4885,true,2016-03-15,-8.2107,0.7735,MyFuture 2025,PHP,N,6,A,TDF25,Sun Life Phils - Peso MyFuture 2025
2016-03-15,2.4931,true,2016-03-14,-8.7311,0.9597,MyFuture 2025,PHP,N,6,A,TDF25,Sun Life Phils - Peso MyFuture 2025
2016-03-14,2.4878,true,2016-03-13,-8.9252,0.7451,MyFuture 2025,PHP,N,6,A,TDF25,Sun Life Phils - Peso MyFuture 2025
2016-03-11,2.4939,true,2016-03-10,-8.3529,0.9921,MyFuture 2025,PHP,N,6,A,TDF25,Sun Life Phils - Peso MyFuture 2025
2016-03-10,2.4864,true,2016-03-09,-9.0097,0.6884,MyFuture 2025,PHP,N,6,A,TDF25,Sun Life Phils - Peso MyFuture 2025
2016-03-09,2.4454,true,2016-03-08,-10.356,-0.9719,MyFuture 2025,PHP,N,6,A,TDF25,Sun Life Phils - Peso MyFuture 2025
2016-03-08,2.4522,true,2016-03-07,-10.6113,-0.6965,MyFuture 2025,PHP,N,6,A,TDF25,Sun Life Phils - Peso MyFuture 2025
2016-03-07,2.4441,true,2016-03-06,-10.9066,-1.0245,MyFuture 2025,PHP,N,6,A,TDF25,Sun Life Phils - Peso MyFuture 2025
2016-03-04,2.447,true,2016-03-03,-10.8886,-0.9071,MyFuture 2025,PHP,N,6,A,TDF25,Sun Life Phils - Peso MyFuture 2025
2016-03-03,2.4619,true,2016-03-02,-9.9294,-0.3037,MyFuture 2025,PHP,N,6,A,TDF25,Sun Life Phils - Peso MyFuture 2025
2016-03-02,2.4429,true,2016-03-01,-10.5492,-1.0731,MyFuture 2025,PHP,N,6,A,TDF25,Sun Life Phils - Peso MyFuture 2025
2016-03-01,2.4085,true,2016-02-29,-11.5075,-2.4662,MyFuture 2025,PHP,N,6,A,TDF25,Sun Life Phils - Peso MyFuture 2025
2016-02-29,2.3879,true,2016-02-28,-12.2644,-3.3004,MyFuture 2025,PHP,N,6,A,TDF25,Sun Life Phils - Peso MyFuture 2025
2016-02-26,2.4123,true,2016-02-25,-11.4882,-2.3123,MyFuture 2025,PHP,N,6,A,TDF25,Sun Life Phils - Peso MyFuture 2025
2016-02-24,2.4195,true,2016-02-23,-11.6068,-2.0207,MyFuture 2025,PHP,N,6,A,TDF25,Sun Life Phils - Peso MyFuture 2025
2016-02-23,2.4298,true,2016-02-22,-11.1558,-1.6036,MyFuture 2025,PHP,N,6,A,TDF25,Sun Life Phils - Peso MyFuture 2025
2016-02-22,2.4203,true,2016-02-21,-11.6163,-1.9883,MyFuture 2025,PHP,N,6,A,TDF25,Sun Life Phils - Peso MyFuture 2025
2016-02-19,2.4181,true,2016-02-18,-11.5027,-2.0774,MyFuture 2025,PHP,N,6,A,TDF25,Sun Life Phils - Peso MyFuture 2025
2016-02-18,2.4209,true,2016-02-17,-11.4002,-1.964,MyFuture 2025,PHP,N,6,A,TDF25,Sun Life Phils - Peso MyFuture 2025
2016-02-17,2.4071,true,2016-02-16,-11.915,-2.5229,MyFuture 2025,PHP,N,6,A,TDF25,Sun Life Phils - Peso MyFuture 2025
2016-02-16,2.4013,true,2016-02-15,-12.1561,-2.7578,MyFuture 2025,PHP,N,6,A,TDF25,Sun Life Phils - Peso MyFuture 2025
2016-02-15,2.3917,true,2016-02-14,-12.4657,-3.1465,MyFuture 2025,PHP,N,6,A,TDF25,Sun Life Phils - Peso MyFuture 2025
2016-02-12,2.3867,true,2016-02-11,-12.0305,-3.349,MyFuture 2025,PHP,N,6,A,TDF25,Sun Life Phils - Peso MyFuture 2025
2016-02-11,2.3792,true,2016-02-10,-12.0671,-3.6527,MyFuture 2025,PHP,N,6,A,TDF25,Sun Life Phils - Peso MyFuture 2025
2016-02-10,2.3772,true,2016-02-09,-12.4936,-3.7337,MyFuture 2025,PHP,N,6,A,TDF25,Sun Life Phils - Peso MyFuture 2025
2016-02-09,2.3686,true,2016-02-08,-13.4821,-4.082,MyFuture 2025,PHP,N,6,A,TDF25,Sun Life Phils - Peso MyFuture 2025
2016-02-05,2.4072,true,2016-02-04,-11.5423,-2.5188,MyFuture 2025,PHP,N,6,A,TDF25,Sun Life Phils - Peso MyFuture 2025
2016-02-04,2.3782,true,2016-02-03,-12.9407,-3.6932,MyFuture 2025,PHP,N,6,A,TDF25,Sun Life Phils - Peso MyFuture 2025
2016-02-03,2.3418,true,2016-02-02,-13.7236,-5.1672,MyFuture 2025,PHP,N,6,A,TDF25,Sun Life Phils - Peso MyFuture 2025
2016-02-02,2.3657,true,2016-02-01,-13.0065,-4.1994,MyFuture 2025,PHP,N,6,A,TDF25,Sun Life Phils - Peso MyFuture 2025
2016-02-01,2.3883,true,2016-01-31,-12.5485,-3.2842,MyFuture 2025,PHP,N,6,A,TDF25,Sun Life Phils - Peso MyFuture 2025
2016-01-29,2.3837,true,2016-01-28,-12.1638,-3.4705,MyFuture 2025,PHP,N,6,A,TDF25,Sun Life Phils - Peso MyFuture 2025
2016-01-28,2.3531,true,2016-01-27,-13.5398,-4.7096,MyFuture 2025,PHP,N,6,A,TDF25,Sun Life Phils - Peso MyFuture 2025
2016-01-27,2.3388,true,2016-01-26,-13.7833,-5.2887,MyFuture 2025,PHP,N,6,A,TDF25,Sun Life Phils - Peso MyFuture 2025
2016-01-26,2.2893,true,2016-01-25,-15.1294,-7.2933,MyFuture 2025,PHP,N,6,A,TDF25,Sun Life Phils - Peso MyFuture 2025
2016-01-25,2.3206,true,2016-01-24,-13.7099,-6.0258,MyFuture 2025,PHP,N,6,A,TDF25,Sun Life Phils - Peso MyFuture 2025
2016-01-22,2.2583,true,2016-01-21,-14.8422,-8.5486,MyFuture 2025,PHP,N,6,A,TDF25,Sun Life Phils - Peso MyFuture 2025
2016-01-21,2.2274,true,2016-01-20,-16.3512,-9.8,MyFuture 2025,PHP,N,6,A,TDF25,Sun Life Phils - Peso MyFuture 2025
2016-01-20,2.2708,true,2016-01-19,-14.6284,-8.0424,MyFuture 2025,PHP,N,6,A,TDF25,Sun Life Phils - Peso MyFuture 2025
2016-01-19,2.3019,true,2016-01-18,-13.7801,-6.783,MyFuture 2025,PHP,N,6,A,TDF25,Sun Life Phils - Peso MyFuture 2025
2016-01-18,2.2932,true,2016-01-17,-14.212,-7.1353,MyFuture 2025,PHP,N,6,A,TDF25,Sun Life Phils - Peso MyFuture 2025
2016-01-15,2.3231,true,2016-01-14,-13.0934,-5.9245,MyFuture 2025,PHP,N,6,A,TDF25,Sun Life Phils - Peso MyFuture 2025
2016-01-14,2.3186,true,2016-01-13,-13.2618,-6.1067,MyFuture 2025,PHP,N,6,A,TDF25,Sun Life Phils - Peso MyFuture 2025
2016-01-13,2.3457,true,2016-01-12,-11.5164,-5.0093,MyFuture 2025,PHP,N,6,A,TDF25,Sun Life Phils - Peso MyFuture 2025
2016-01-12,2.2984,true,2016-01-11,-13.0415,-6.9248,MyFuture 2025,PHP,N,6,A,TDF25,Sun Life Phils - Peso MyFuture 2025
2016-01-11,2.2901,true,2016-01-10,-13.6821,-7.2609,MyFuture 2025,PHP,N,6,A,TDF25,Sun Life Phils - Peso MyFuture 2025
2016-01-08,2.3672,true,2016-01-07,-10.5434,-4.1387,MyFuture 2025,PHP,N,6,A,TDF25,Sun Life Phils - Peso MyFuture 2025
2016-01-07,2.378,true,2016-01-06,-9.6916,-3.7013,MyFuture 2025,PHP,N,6,A,TDF25,Sun Life Phils - Peso MyFuture 2025
2016-01-06,2.4303,true,2016-01-05,-7.3501,-1.5834,MyFuture 2025,PHP,N,6,A,TDF25,Sun Life Phils - Peso MyFuture 2025
2016-01-05,2.4317,true,2016-01-04,-7.1587,-1.5267,MyFuture 2025,PHP,N,6,A,TDF25,Sun Life Phils - Peso MyFuture 2025
2016-01-04,2.4297,true,2016-01-03,-7.0327,-1.6077,MyFuture 2025,PHP,N,6,A,TDF25,Sun Life Phils - Peso MyFuture 2025
2015-12-29,2.4694,true,2015-12-28,-5.5137,-5.5137,MyFuture 2025,PHP,N,6,A,TDF25,Sun Life Phils - Peso MyFuture 2025
2015-12-28,2.4784,true,2015-12-27,-4.6292,-5.1693,MyFuture 2025,PHP,N,6,A,TDF25,Sun Life Phils - Peso MyFuture 2025
2015-12-23,2.4761,true,2015-12-22,-4.7177,-5.2573,MyFuture 2025,PHP,N,6,A,TDF25,Sun Life Phils - Peso MyFuture 2025
2015-12-22,2.4763,true,2015-12-21,-4.2347,-5.2497,MyFuture 2025,PHP,N,6,A,TDF25,Sun Life Phils - Peso MyFuture 2025
2015-12-21,2.4548,true,2015-12-20,-4.9485,-6.0723,MyFuture 2025,PHP,N,6,A,TDF25,Sun Life Phils - Peso MyFuture 2025
2015-12-18,2.453,true,2015-12-17,-4.1198,-6.1412,MyFuture 2025,PHP,N,6,A,TDF25,Sun Life Phils - Peso MyFuture 2025
2015-12-17,2.4618,true,2015-12-16,-3.3337,-5.8045,MyFuture 2025,PHP,N,6,A,TDF25,Sun Life Phils - Peso MyFuture 2025
2015-12-16,2.4379,true,2015-12-15,-6.1371,-6.719,MyFuture 2025,PHP,N,6,A,TDF25,Sun Life Phils - Peso MyFuture 2025
2015-12-15,2.4074,true,2015-12-14,-8.3,-7.886,MyFuture 2025,PHP,N,6,A,TDF25,Sun Life Phils - Peso MyFuture 2025
2015-12-14,2.4236,true,2015-12-13,-7.2235,-7.2661,MyFuture 2025,PHP,N,6,A,TDF25,Sun Life Phils - Peso MyFuture 2025
2015-12-11,2.4126,true,2015-12-10,-6.4086,-7.687,MyFuture 2025,PHP,N,6,A,TDF25,Sun Life Phils - Peso MyFuture 2025
2015-12-10,2.4356,true,2015-12-09,-6.4167,-6.807,MyFuture 2025,PHP,N,6,A,TDF25,Sun Life Phils - Peso MyFuture 2025
2015-12-09,2.4394,true,2015-12-08,-6.4683,-6.6616,MyFuture 2025,PHP,N,6,A,TDF25,Sun Life Phils - Peso MyFuture 2025
2015-12-08,2.4431,true,2015-12-07,-6.3264,-6.52,MyFuture 2025,PHP,N,6,A,TDF25,Sun Life Phils - Peso MyFuture 2025
2015-12-07,2.457,true,2015-12-06,-6.2142,-5.9881,MyFuture 2025,PHP,N,6,A,TDF25,Sun Life Phils - Peso MyFuture 2025
2015-12-04,2.459,true,2015-12-03,-6.8702,-5.9116,MyFuture 2025,PHP,N,6,A,TDF25,Sun Life Phils - Peso MyFuture 2025
2015-12-03,2.478,true,2015-12-02,-6.6139,-5.1846,MyFuture 2025,PHP,N,6,A,TDF25,Sun Life Phils - Peso MyFuture 2025
2015-12-02,2.4957,true,2015-12-01,-5.7871,-4.5074,MyFuture 2025,PHP,N,6,A,TDF25,Sun Life Phils - Peso MyFuture 2025
2015-12-01,2.4975,true,2015-11-30,-5.6015,-4.4385,MyFuture 2025,PHP,N,6,A,TDF25,Sun Life Phils - Peso MyFuture 2025
2015-11-27,2.4689,true,2015-11-26,-6.0469,-5.5328,MyFuture 2025,PHP,N,6,A,TDF25,Sun Life Phils - Peso MyFuture 2025
2015-11-26,2.4918,true,2015-11-25,-6.1045,-4.6566,MyFuture 2025,PHP,N,6,A,TDF25,Sun Life Phils - Peso MyFuture 2025
2015-11-25,2.5007,true,2015-11-24,-5.1364,-4.3161,MyFuture 2025,PHP,N,6,A,TDF25,Sun Life Phils - Peso MyFuture 2025
2015-11-24,2.482,true,2015-11-23,-6.1626,-5.0316,MyFuture 2025,PHP,N,6,A,TDF25,Sun Life Phils - Peso MyFuture 2025
2015-11-23,2.4771,true,2015-11-22,-5.7169,-5.2191,MyFuture 2025,PHP,N,6,A,TDF25,Sun Life Phils - Peso MyFuture 2025
2015-11-20,2.4625,true,2015-11-19,-6.2083,-5.7777,MyFuture 2025,PHP,N,6,A,TDF25,Sun Life Phils - Peso MyFuture 2025
2015-11-17,2.4365,true,2015-11-16,-6.7975,-6.7725,MyFuture 2025,PHP,N,6,A,TDF25,Sun Life Phils - Peso MyFuture 2025
2015-11-16,2.4231,true,2015-11-15,-7.0683,-7.2852,MyFuture 2025,PHP,N,6,A,TDF25,Sun Life Phils - Peso MyFuture 2025
2015-11-13,2.4577,true,2015-11-12,-5.611,-5.9614,MyFuture 2025,PHP,N,6,A,TDF25,Sun Life Phils - Peso MyFuture 2025
2015-11-12,2.457,true,2015-11-11,-6.0385,-5.9881,MyFuture 2025,PHP,N,6,A,TDF25,Sun Life Phils - Peso MyFuture 2025
2015-11-11,2.4903,true,2015-11-10,-4.4104,-4.714,MyFuture 2025,PHP,N,6,A,TDF25,Sun Life Phils - Peso MyFuture 2025
2015-11-10,2.4916,true,2015-11-09,-4.2061,-4.6642,MyFuture 2025,PHP,N,6,A,TDF25,Sun Life Phils - Peso MyFuture 2025
2015-11-09,2.5126,true,2015-11-08,-3.5803,-3.8607,MyFuture 2025,PHP,N,6,A,TDF25,Sun Life Phils - Peso MyFuture 2025
2015-11-06,2.5305,true,2015-11-05,-3.0608,-3.1758,MyFuture 2025,PHP,N,6,A,TDF25,Sun Life Phils - Peso MyFuture 2025
2015-11-05,2.5327,true,2015-11-04,-2.6596,-3.0916,MyFuture 2025,PHP,N,6,A,TDF25,Sun Life Phils - Peso MyFuture 2025
2015-11-04,2.5599,true,2015-11-03,-1.7577,-2.0509,MyFuture 2025,PHP,N,6,A,TDF25,Sun Life Phils - Peso MyFuture 2025
2015-11-03,2.5582,true,2015-11-02,-2.73,-2.1159,MyFuture 2025,PHP,N,6,A,TDF25,Sun Life Phils - Peso MyFuture 2025
2015-11-02,2.5591,true,2015-11-01,-1.762,-2.0815,MyFuture 2025,PHP,N,6,A,TDF25,Sun Life Phils - Peso MyFuture 2025
2015-10-30,2.5416,true,2015-10-29,-1.8801,-2.7511,MyFuture 2025,PHP,N,6,A,TDF25,Sun Life Phils - Peso MyFuture 2025
2015-10-29,2.5605,true,2015-10-28,-0.4703,-2.0279,MyFuture 2025,PHP,N,6,A,TDF25,Sun Life Phils - Peso MyFuture 2025
2015-10-28,2.5827,true,2015-10-27,0.7175,-1.1785,MyFuture 2025,PHP,N,6,A,TDF25,Sun Life Phils - Peso MyFuture 2025
2015-10-27,2.5908,true,2015-10-26,0.6879,-0.8686,MyFuture 2025,PHP,N,6,A,TDF25,Sun Life Phils - Peso MyFuture 2025
2015-10-26,2.588,true,2015-10-25,0.5322,-0.9757,MyFuture 2025,PHP,N,6,A,TDF25,Sun Life Phils - Peso MyFuture 2025
2015-10-23,2.5711,true,2015-10-22,-0.2831,-1.6223,MyFuture 2025,PHP,N,6,A,TDF25,Sun Life Phils - Peso MyFuture 2025
2015-10-22,2.5434,true,2015-10-21,-1.6321,-2.6822,MyFuture 2025,PHP,N,6,A,TDF25,Sun Life Phils - Peso MyFuture 2025
2015-10-21,2.5275,true,2015-10-20,-1.3697,-3.2906,MyFuture 2025,PHP,N,6,A,TDF25,Sun Life Phils - Peso MyFuture 2025
2015-10-20,2.5274,true,2015-10-19,-1.3043,-3.2944,MyFuture 2025,PHP,N,6,A,TDF25,Sun Life Phils - Peso MyFuture 2025
2015-10-19,2.5184,true,2015-10-18,-0.979,-3.6388,MyFuture 2025,PHP,N,6,A,TDF25,Sun Life Phils - Peso MyFuture 2025
2015-10-16,2.5179,true,2015-10-15,-1.2743,-3.6579,MyFuture 2025,PHP,N,6,A,TDF25,Sun Life Phils - Peso MyFuture 2025
2015-10-15,2.5157,true,2015-10-14,-1.1474,-3.7421,MyFuture 2025,PHP,N,6,A,TDF25,Sun Life Phils - Peso MyFuture 2025
2015-10-14,2.4945,true,2015-10-13,-1.5355,-4.5533,MyFuture 2025,PHP,N,6,A,TDF25,Sun Life Phils - Peso MyFuture 2025
2015-10-13,2.5194,true,2015-10-12,-0.6546,-3.6005,MyFuture 2025,PHP,N,6,A,TDF25,Sun Life Phils - Peso MyFuture 2025
2015-10-12,2.5545,true,2015-10-11,-1.2257,-2.2575,MyFuture 2025,PHP,N,6,A,TDF25,Sun Life Phils - Peso MyFuture 2025
2015-10-09,2.5396,true,2015-10-08,-2.2328,-2.8276,MyFuture 2025,PHP,N,6,A,TDF25,Sun Life Phils - Peso MyFuture 2025
2015-10-08,2.53,true,2015-10-07,-2.4371,-3.1949,MyFuture 2025,PHP,N,6,A,TDF25,Sun Life Phils - Peso MyFuture 2025
2015-10-07,2.5386,true,2015-10-06,-2.6909,-2.8659,MyFuture 2025,PHP,N,6,A,TDF25,Sun Life Phils - Peso MyFuture 2025
2015-10-06,2.5135,true,2015-10-05,-3.8079,-3.8263,MyFuture 2025,PHP,N,6,A,TDF25,Sun Life Phils - Peso MyFuture 2025
2015-10-05,2.502,true,2015-10-04,-4.248,-4.2663,MyFuture 2025,PHP,N,6,A,TDF25,Sun Life Phils - Peso MyFuture 2025
2015-10-02,2.4749,true,2015-10-01,-4.8628,-5.3032,MyFuture 2025,PHP,N,6,A,TDF25,Sun Life Phils - Peso MyFuture 2025
2015-10-01,2.4895,true,2015-09-30,-5.0606,-4.7446,MyFuture 2025,PHP,N,6,A,TDF25,Sun Life Phils - Peso MyFuture 2025
2015-09-30,2.4913,true,2015-09-29,-5.1078,-4.6757,MyFuture 2025,PHP,N,6,A,TDF25,Sun Life Phils - Peso MyFuture 2025
2015-09-29,2.474,true,2015-09-28,-5.6409,-5.3377,MyFuture 2025,PHP,N,6,A,TDF25,Sun Life Phils - Peso MyFuture 2025
2015-09-28,2.4686,true,2015-09-27,-5.6562,-5.5443,MyFuture 2025,PHP,N,6,A,TDF25,Sun Life Phils - Peso MyFuture 2025
2015-09-24,2.4968,true,2015-09-23,-5.4135,-4.4653,MyFuture 2025,PHP,N,6,A,TDF25,Sun Life Phils - Peso MyFuture 2025
2015-09-23,2.4971,true,2015-09-22,-4.4099,-4.4538,MyFuture 2025,PHP,N,6,A,TDF25,Sun Life Phils - Peso MyFuture 2025
2015-09-22,2.5351,true,2015-09-21,-3.0072,-2.9998,MyFuture 2025,PHP,N,6,A,TDF25,Sun Life Phils - Peso MyFuture 2025
2015-09-21,2.5465,true,2015-09-20,-2.6381,-2.5636,MyFuture 2025,PHP,N,6,A,TDF25,Sun Life Phils - Peso MyFuture 2025
2015-09-18,2.555,true,2015-09-17,-2.3131,-2.2384,MyFuture 2025,PHP,N,6,A,TDF25,Sun Life Phils - Peso MyFuture 2025
2015-09-17,2.5485,true,2015-09-16,-2.0411,-2.4871,MyFuture 2025,PHP,N,6,A,TDF25,Sun Life Phils - Peso MyFuture 2025
2015-09-16,2.5387,true,2015-09-15,-1.8253,-2.8621,MyFuture 2025,PHP,N,6,A,TDF25,Sun Life Phils - Peso MyFuture 2025
2015-09-15,2.5388,true,2015-09-14,-1.6007,-2.8582,MyFuture 2025,PHP,N,6,A,TDF25,Sun Life Phils - Peso MyFuture 2025
2015-09-14,2.5366,true,2015-09-13,-2.1449,-2.9424,MyFuture 2025,PHP,N,6,A,TDF25,Sun Life Phils - Peso MyFuture 2025
2015-09-11,2.4944,true,2015-09-10,-3.7914,-4.5571,MyFuture 2025,PHP,N,6,A,TDF25,Sun Life Phils - Peso MyFuture 2025
2015-09-10,2.491,true,2015-09-09,-3.8929,-4.6872,MyFuture 2025,PHP,N,6,A,TDF25,Sun Life Phils - Peso MyFuture 2025
2015-09-09,2.5065,true,2015-09-08,-3.7701,-4.0941,MyFuture 2025,PHP,N,6,A,TDF25,Sun Life Phils - Peso MyFuture 2025
2015-09-08,2.4929,true,2015-09-07,-4.8439,-4.6145,MyFuture 2025,PHP,N,6,A,TDF25,Sun Life Phils - Peso MyFuture 2025
2015-09-07,2.4932,true,2015-09-06,-4.4971,-4.603,MyFuture 2025,PHP,N,6,A,TDF25,Sun Life Phils - Peso MyFuture 2025
2015-09-04,2.5269,true,2015-09-03,-2.6093,-3.3136,MyFuture 2025,PHP,N,6,A,TDF25,Sun Life Phils - Peso MyFuture 2025
2015-09-03,2.5445,true,2015-09-02,-2.0291,-2.6401,MyFuture 2025,PHP,N,6,A,TDF25,Sun Life Phils - Peso MyFuture 2025
2015-09-02,2.5311,true,2015-09-01,-1.6972,-3.1529,MyFuture 2025,PHP,N,6,A,TDF25,Sun Life Phils - Peso MyFuture 2025
2015-09-01,2.5374,true,2015-08-31,-1.207,-2.9118,MyFuture 2025,PHP,N,6,A,TDF25,Sun Life Phils - Peso MyFuture 2025
2015-08-28,2.5477,true,2015-08-27,-0.8793,-2.5177,MyFuture 2025,PHP,N,6,A,TDF25,Sun Life Phils - Peso MyFuture 2025
2015-08-27,2.5263,true,2015-08-26,-2.2292,-3.3365,MyFuture 2025,PHP,N,6,A,TDF25,Sun Life Phils - Peso MyFuture 2025
2015-08-26,2.4862,true,2015-08-25,-3.602,-4.8709,MyFuture 2025,PHP,N,6,A,TDF25,Sun Life Phils - Peso MyFuture 2025
2015-08-25,2.4674,true,2015-08-24,-4.1153,-5.5902,MyFuture 2025,PHP,N,6,A,TDF25,Sun Life Phils - Peso MyFuture 2025
2015-08-24,2.4648,true,2015-08-23,-4.2164,-5.6897,MyFuture 2025,PHP,N,6,A,TDF25,Sun Life Phils - Peso MyFuture 2025
2015-08-20,2.585,true,2015-08-19,0.8623,-1.0905,MyFuture 2025,PHP,N,6,A,TDF25,Sun Life Phils - Peso MyFuture 2025
2015-08-19,2.6002,true,2015-08-18,1.5743,-0.5089,MyFuture 2025,PHP,N,6,A,TDF25,Sun Life Phils - Peso MyFuture 2025
2015-08-18,2.5971,true,2015-08-17,1.883,-0.6275,MyFuture 2025,PHP,N,6,A,TDF25,Sun Life Phils - Peso MyFuture 2025
2015-08-17,2.5982,true,2015-08-16,2.1626,-0.5854,MyFuture 2025,PHP,N,6,A,TDF25,Sun Life Phils - Peso MyFuture 2025
2015-08-14,2.6174,true,2015-08-13,2.4383,0.1492,MyFuture 2025,PHP,N,6,A,TDF25,Sun Life Phils - Peso MyFuture 2025
2015-08-13,2.6256,true,2015-08-12,3.4597,0.463,MyFuture 2025,PHP,N,6,A,TDF25,Sun Life Phils - Peso MyFuture 2025
2015-08-12,2.6414,true,2015-08-11,4.07,1.0675,MyFuture 2025,PHP,N,6,A,TDF25,Sun Life Phils - Peso MyFuture 2025
2015-08-11,2.6611,true,2015-08-10,5.0987,1.8213,MyFuture 2025,PHP,N,6,A,TDF25,Sun Life Phils - Peso MyFuture 2025
2015-08-10,2.6486,true,2015-08-09,5.3582,1.343,MyFuture 2025,PHP,N,6,A,TDF25,Sun Life Phils - Peso MyFuture 2025
2015-08-07,2.646,true,2015-08-06,4.4735,1.2435,MyFuture 2025,PHP,N,6,A,TDF25,Sun Life Phils - Peso MyFuture 2025
2015-08-06,2.6599,true,2015-08-05,5.1302,1.7754,MyFuture 2025,PHP,N,6,A,TDF25,Sun Life Phils - Peso MyFuture 2025
2015-08-05,2.6783,true,2015-08-04,5.5571,2.4794,MyFuture 2025,PHP,N,6,A,TDF25,Sun Life Phils - Peso MyFuture 2025
2015-08-04,2.6607,true,2015-08-03,4.8221,1.806,MyFuture 2025,PHP,N,6,A,TDF25,Sun Life Phils - Peso MyFuture 2025
2015-08-03,2.6535,true,2015-08-02,5.7045,1.5305,MyFuture 2025,PHP,N,6,A,TDF25,Sun Life Phils - Peso MyFuture 2025
2015-07-31,2.6486,true,2015-07-30,5.8762,1.343,MyFuture 2025,PHP,N,6,A,TDF25,Sun Life Phils - Peso MyFuture 2025
2015-07-30,2.6352,true,2015-07-29,5.3153,0.8303,MyFuture 2025,PHP,N,6,A,TDF25,Sun Life Phils - Peso MyFuture 2025
2015-07-29,2.6281,true,2015-07-28,5.1366,0.5586,MyFuture 2025,PHP,N,6,A,TDF25,Sun Life Phils - Peso MyFuture 2025
2015-07-28,2.6267,true,2015-07-27,5.0806,0.5051,MyFuture 2025,PHP,N,6,A,TDF25,Sun Life Phils - Peso MyFuture 2025
2015-07-27,2.6436,true,2015-07-26,5.2975,1.1517,MyFuture 2025,PHP,N,6,A,TDF25,Sun Life Phils - Peso MyFuture 2025
2015-07-24,2.6698,true,2015-07-23,6.2818,2.1542,MyFuture 2025,PHP,N,6,A,TDF25,Sun Life Phils - Peso MyFuture 2025
2015-07-23,2.6722,true,2015-07-22,6.3732,2.246,MyFuture 2025,PHP,N,6,A,TDF25,Sun Life Phils - Peso MyFuture 2025
2015-07-22,2.669,true,2015-07-21,6.4704,2.1236,MyFuture 2025,PHP,N,6,A,TDF25,Sun Life Phils - Peso MyFuture 2025
2015-07-21,2.667,true,2015-07-20,6.327,2.0471,MyFuture 2025,PHP,N,6,A,TDF25,Sun Life Phils - Peso MyFuture 2025
2015-07-20,2.6448,true,2015-07-19,5.564,1.1976,MyFuture 2025,PHP,N,6,A,TDF25,Sun Life Phils - Peso MyFuture 2025
2015-07-16,2.6598,true,2015-07-15,6.29,1.7716,MyFuture 2025,PHP,N,6,A,TDF25,Sun Life Phils - Peso MyFuture 2025
2015-07-15,2.6453,true,2015-07-14,5.7105,1.2168,MyFuture 2025,PHP,N,6,A,TDF25,Sun Life Phils - Peso MyFuture 2025
2015-07-14,2.6464,true,2015-07-13,5.7756,1.2588,MyFuture 2025,PHP,N,6,A,TDF25,Sun Life Phils - Peso MyFuture 2025
2015-07-13,2.6361,true,2015-07-12,4.4952,0.8647,MyFuture 2025,PHP,N,6,A,TDF25,Sun Life Phils - Peso MyFuture 2025
2015-07-10,2.6088,true,2015-07-09,2.9315,-0.1798,MyFuture 2025,PHP,N,6,A,TDF25,Sun Life Phils - Peso MyFuture 2025
2015-07-09,2.6051,true,2015-07-08,3.1437,-0.3214,MyFuture 2025,PHP,N,6,A,TDF25,Sun Life Phils - Peso MyFuture 2025
2015-07-08,2.6015,true,2015-07-07,2.6354,-0.4592,MyFuture 2025,PHP,N,6,A,TDF25,Sun Life Phils - Peso MyFuture 2025
2015-07-07,2.622,true,2015-07-06,2.9487,0.3252,MyFuture 2025,PHP,N,6,A,TDF25,Sun Life Phils - Peso MyFuture 2025
2015-07-06,2.6237,true,2015-07-05,3.3807,0.3903,MyFuture 2025,PHP,N,6,A,TDF25,Sun Life Phils - Peso MyFuture 2025
2015-07-03,2.6452,true,2015-07-02,4.8809,1.2129,MyFuture 2025,PHP,N,6,A,TDF25,Sun Life Phils - Peso MyFuture 2025
2015-07-02,2.656,true,2015-07-01,5.8209,1.6262,MyFuture 2025,PHP,N,6,A,TDF25,Sun Life Phils - Peso MyFuture 2025
2015-07-01,2.6563,true,2015-06-30,6.0103,1.6377,MyFuture 2025,PHP,N,6,A,TDF25,Sun Life Phils - Peso MyFuture 2025
2015-06-30,2.6539,true,2015-06-29,5.5648,1.5458,MyFuture 2025,PHP,N,6,A,TDF25,Sun Life Phils - Peso MyFuture 2025
2015-06-29,2.6533,true,2015-06-28,5.5452,1.5229,MyFuture 2025,PHP,N,6,A,TDF25,Sun Life Phils - Peso MyFuture 2025
2015-06-26,2.6685,true,2015-06-25,5.6121,2.1045,MyFuture 2025,PHP,N,6,A,TDF25,Sun Life Phils - Peso MyFuture 2025
2015-06-25,2.6582,true,2015-06-24,5.8706,1.7104,MyFuture 2025,PHP,N,6,A,TDF25,Sun Life Phils - Peso MyFuture 2025
2015-06-24,2.6716,true,2015-06-23,6.7914,2.2231,MyFuture 2025,PHP,N,6,A,TDF25,Sun Life Phils - Peso MyFuture 2025
2015-06-23,2.6498,true,2015-06-22,6.2002,1.3889,MyFuture 2025,PHP,N,6,A,TDF25,Sun Life Phils - Peso MyFuture 2025
2015-06-22,2.6657,true,2015-06-21,7.2328,1.9973,MyFuture 2025,PHP,N,6,A,TDF25,Sun Life Phils - Peso MyFuture 2025
2015-06-19,2.6612,true,2015-06-18,7.2762,1.8251,MyFuture 2025,PHP,N,6,A,TDF25,Sun Life Phils - Peso MyFuture 2025
2015-06-18,2.6644,true,2015-06-17,7.323,1.9476,MyFuture 2025,PHP,N,6,A,TDF25,Sun Life Phils - Peso MyFuture 2025
2015-06-17,2.6461,true,2015-06-16,6.5215,1.2474,MyFuture 2025,PHP,N,6,A,TDF25,Sun Life Phils - Peso MyFuture 2025
2015-06-16,2.6289,true,2015-06-15,5.0677,0.5892,MyFuture 2025,PHP,N,6,A,TDF25,Sun Life Phils - Peso MyFuture 2025
2015-06-15,2.6165,true,2015-06-14,4.3262,0.1148,MyFuture 2025,PHP,N,6,A,TDF25,Sun Life Phils - Peso MyFuture 2025
2015-06-11,2.6354,true,2015-06-10,4.729,0.838,MyFuture 2025,PHP,N,6,A,TDF25,Sun Life Phils - Peso MyFuture 2025
2015-06-10,2.6092,true,2015-06-09,4.0226,-0.1645,MyFuture 2025,PHP,N,6,A,TDF25,Sun Life Phils - Peso MyFuture 2025
2015-06-09,2.5866,true,2015-06-08,2.7611,-1.0293,MyFuture 2025,PHP,N,6,A,TDF25,Sun Life Phils - Peso MyFuture 2025
2015-06-08,2.6293,true,2015-06-07,4.8616,0.6046,MyFuture 2025,PHP,N,6,A,TDF25,Sun Life Phils - Peso MyFuture 2025
2015-06-05,2.6367,true,2015-06-04,5.0478,0.8877,MyFuture 2025,PHP,N,6,A,TDF25,Sun Life Phils - Peso MyFuture 2025
2015-06-04,2.655,true,2015-06-03,5.8275,1.5879,MyFuture 2025,PHP,N,6,A,TDF25,Sun Life Phils - Peso MyFuture 2025
2015-06-03,2.656,true,2015-06-02,5.5518,1.6262,MyFuture 2025,PHP,N,6,A,TDF25,Sun Life Phils - Peso MyFuture 2025
2015-06-02,2.6538,true,2015-06-01,6.4671,1.542,MyFuture 2025,PHP,N,6,A,TDF25,Sun Life Phils - Peso MyFuture 2025
2015-06-01,2.6843,true,2015-05-31,8.4609,2.709,MyFuture 2025,PHP,N,6,A,TDF25,Sun Life Phils - Peso MyFuture 2025
2015-05-29,2.6624,true,2015-05-28,7.251,1.8711,MyFuture 2025,PHP,N,6,A,TDF25,Sun Life Phils - Peso MyFuture 2025
2015-05-28,2.6409,true,2015-05-27,5.1063,1.0484,MyFuture 2025,PHP,N,6,A,TDF25,Sun Life Phils - Peso MyFuture 2025
2015-05-27,2.6634,true,2015-05-26,6.0313,1.9093,MyFuture 2025,PHP,N,6,A,TDF25,Sun Life Phils - Peso MyFuture 2025
2015-05-26,2.6999,true,2015-05-25,7.4887,3.3059,MyFuture 2025,PHP,N,6,A,TDF25,Sun Life Phils - Peso MyFuture 2025
2015-05-25,2.7098,true,2015-05-24,7.6984,3.6847,MyFuture 2025,PHP,N,6,A,TDF25,Sun Life Phils - Peso MyFuture 2025
2015-05-22,2.7216,true,2015-05-21,8.0171,4.1362,MyFuture 2025,PHP,N,6,A,TDF25,Sun Life Phils - Peso MyFuture 2025
2015-05-21,2.7294,true,2015-05-20,9.0234,4.4347,MyFuture 2025,PHP,N,6,A,TDF25,Sun Life Phils - Peso MyFuture 2025
2015-05-20,2.7348,true,2015-05-19,7.9115,4.6413,MyFuture 2025,PHP,N,6,A,TDF25,Sun Life Phils - Peso MyFuture 2025
2015-05-19,2.7366,true,2015-05-18,8.2088,4.7102,MyFuture 2025,PHP,N,6,A,TDF25,Sun Life Phils - Peso MyFuture 2025
2015-05-18,2.749,true,2015-05-17,9.4042,5.1846,MyFuture 2025,PHP,N,6,A,TDF25,Sun Life Phils - Peso MyFuture 2025
2015-05-15,2.7341,true,2015-05-14,8.3971,4.6145,MyFuture 2025,PHP,N,6,A,TDF25,Sun Life Phils - Peso MyFuture 2025
2015-05-14,2.7294,true,2015-05-13,8.0736,4.4347,MyFuture 2025,PHP,N,6,A,TDF25,Sun Life Phils - Peso MyFuture 2025
2015-05-13,2.724,true,2015-05-12,8.2585,4.228,MyFuture 2025,PHP,N,6,A,TDF25,Sun Life Phils - Peso MyFuture 2025
2015-05-12,2.7188,true,2015-05-11,8.4483,4.0291,MyFuture 2025,PHP,N,6,A,TDF25,Sun Life Phils - Peso MyFuture 2025
2015-05-11,2.7156,true,2015-05-10,7.9633,3.9066,MyFuture 2025,PHP,N,6,A,TDF25,Sun Life Phils - Peso MyFuture 2025
2015-05-08,2.7096,true,2015-05-07,8.549,3.6771,MyFuture 2025,PHP,N,6,A,TDF25,Sun Life Phils - Peso MyFuture 2025
2015-05-07,2.7254,true,2015-05-06,9.366,4.2816,MyFuture 2025,PHP,N,6,A,TDF25,Sun Life Phils - Peso MyFuture 2025
2015-05-06,2.7417,true,2015-05-05,9.8042,4.9053,MyFuture 2025,PHP,N,6,A,TDF25,Sun Life Phils - Peso MyFuture 2025
2015-05-05,2.7523,true,2015-05-04,10.2066,5.3109,MyFuture 2025,PHP,N,6,A,TDF25,Sun Life Phils - Peso MyFuture 2025
2015-05-04,2.708,true,2015-05-03,8.6547,3.6158,MyFuture 2025,PHP,N,6,A,TDF25,Sun Life Phils - Peso MyFuture 2025
2015-04-30,2.7031,true,2015-04-29,8.8643,3.4284,MyFuture 2025,PHP,N,6,A,TDF25,Sun Life Phils - Peso MyFuture 2025
2015-04-29,2.7269,true,2015-04-28,10.764,4.339,MyFuture 2025,PHP,N,6,A,TDF25,Sun Life Phils - Peso MyFuture 2025
2015-04-28,2.7414,true,2015-04-27,11.9121,4.8938,MyFuture 2025,PHP,N,6,A,TDF25,Sun Life Phils - Peso MyFuture 2025
2015-04-27,2.7624,true,2015-04-26,11.6617,5.6973,MyFuture 2025,PHP,N,6,A,TDF25,Sun Life Phils - Peso MyFuture 2025
2015-04-24,2.7611,true,2015-04-23,10.9187,5.6476,MyFuture 2025,PHP,N,6,A,TDF25,Sun Life Phils - Peso MyFuture 2025
2015-04-23,2.7472,true,2015-04-22,9.7694,5.1157,MyFuture 2025,PHP,N,6,A,TDF25,Sun Life Phils - Peso MyFuture 2025
2015-04-22,2.7345,true,2015-04-21,8.9312,4.6298,MyFuture 2025,PHP,N,6,A,TDF25,Sun Life Phils - Peso MyFuture 2025
2015-04-21,2.7384,true,2015-04-20,9.2171,4.779,MyFuture 2025,PHP,N,6,A,TDF25,Sun Life Phils - Peso MyFuture 2025
2015-04-20,2.7425,true,2015-04-19,10.7276,4.9359,MyFuture 2025,PHP,N,6,A,TDF25,Sun Life Phils - Peso MyFuture 2025
2015-04-17,2.7616,true,2015-04-16,11.4987,5.6667,MyFuture 2025,PHP,N,6,A,TDF25,Sun Life Phils - Peso MyFuture 2025
2015-04-16,2.7668,true,2015-04-15,11.7087,5.8657,MyFuture 2025,PHP,N,6,A,TDF25,Sun Life Phils - Peso MyFuture 2025
2015-04-15,2.7529,true,2015-04-14,11.8565,5.3338,MyFuture 2025,PHP,N,6,A,TDF25,Sun Life Phils - Peso MyFuture 2025
2015-04-14,2.7721,true,2015-04-13,13.0086,6.0685,MyFuture 2025,PHP,N,6,A,TDF25,Sun Life Phils - Peso MyFuture 2025
2015-04-13,2.7957,true,2015-04-12,13.8685,6.9715,MyFuture 2025,PHP,N,6,A,TDF25,Sun Life Phils - Peso MyFuture 2025
2015-04-10,2.8103,true,2015-04-09,13.7037,7.5301,MyFuture 2025,PHP,N,6,A,TDF25,Sun Life Phils - Peso MyFuture 2025
2015-04-08,2.796,true,2015-04-07,14.0294,6.983,MyFuture 2025,PHP,N,6,A,TDF25,Sun Life Phils - Peso MyFuture 2025
2015-04-07,2.8091,true,2015-04-06,14.1586,7.4842,MyFuture 2025,PHP,N,6,A,TDF25,Sun Life Phils - Peso MyFuture 2025
2015-04-06,2.8014,true,2015-04-05,14.3802,7.1896,MyFuture 2025,PHP,N,6,A,TDF25,Sun Life Phils - Peso MyFuture 2025
2015-04-01,2.7859,true,2015-03-31,14.2277,6.5965,MyFuture 2025,PHP,N,6,A,TDF25,Sun Life Phils - Peso MyFuture 2025
2015-03-31,2.773,true,2015-03-30,15.2009,6.1029,MyFuture 2025,PHP,N,6,A,TDF25,Sun Life Phils - Peso MyFuture 2025
2015-03-30,2.7614,true,2015-03-29,15.8597,5.6591,MyFuture 2025,PHP,N,6,A,TDF25,Sun Life Phils - Peso MyFuture 2025
2015-03-27,2.7562,true,2015-03-26,16.4526,5.4601,MyFuture 2025,PHP,N,6,A,TDF25,Sun Life Phils - Peso MyFuture 2025
2015-03-26,2.747,true,2015-03-25,15.7363,5.1081,MyFuture 2025,PHP,N,6,A,TDF25,Sun Life Phils - Peso MyFuture 2025
2015-03-25,2.7434,true,2015-03-24,15.7992,4.9703,MyFuture 2025,PHP,N,6,A,TDF25,Sun Life Phils - Peso MyFuture 2025
2015-03-24,2.7418,true,2015-03-23,14.8254,4.9091,MyFuture 2025,PHP,N,6,A,TDF25,Sun Life Phils - Peso MyFuture 2025
2015-03-23,2.7477,true,2015-03-22,16.0248,5.1349,MyFuture 2025,PHP,N,6,A,TDF25,Sun Life Phils - Peso MyFuture 2025
2015-03-20,2.7427,true,2015-03-19,14.7093,4.9436,MyFuture 2025,PHP,N,6,A,TDF25,Sun Life Phils - Peso MyFuture 2025
2015-03-19,2.7393,true,2015-03-18,14.1946,4.8135,MyFuture 2025,PHP,N,6,A,TDF25,Sun Life Phils - Peso MyFuture 2025
2015-03-18,2.7194,true,2015-03-17,13.3225,4.052,MyFuture 2025,PHP,N,6,A,TDF25,Sun Life Phils - Peso MyFuture 2025
2015-03-17,2.7265,true,2015-03-16,14.6696,4.3237,MyFuture 2025,PHP,N,6,A,TDF25,Sun Life Phils - Peso MyFuture 2025
2015-03-16,2.7111,true,2015-03-15,14.0267,3.7345,MyFuture 2025,PHP,N,6,A,TDF25,Sun Life Phils - Peso MyFuture 2025
2015-03-13,2.7316,true,2015-03-12,14.2929,4.5188,MyFuture 2025,PHP,N,6,A,TDF25,Sun Life Phils - Peso MyFuture 2025
2015-03-12,2.7365,true,2015-03-11,14.4787,4.7063,MyFuture 2025,PHP,N,6,A,TDF25,Sun Life Phils - Peso MyFuture 2025
2015-03-11,2.7212,true,2015-03-10,12.8052,4.1209,MyFuture 2025,PHP,N,6,A,TDF25,Sun Life Phils - Peso MyFuture 2025
2015-03-10,2.7326,true,2015-03-09,13.8583,4.5571,MyFuture 2025,PHP,N,6,A,TDF25,Sun Life Phils - Peso MyFuture 2025
2015-03-09,2.7279,true,2015-03-08,13.762,4.3773,MyFuture 2025,PHP,N,6,A,TDF25,Sun Life Phils - Peso MyFuture 2025
2015-03-06,2.7433,true,2015-03-05,13.7449,4.9665,MyFuture 2025,PHP,N,6,A,TDF25,Sun Life Phils - Peso MyFuture 2025
2015-03-05,2.7353,true,2015-03-04,14.2422,4.6604,MyFuture 2025,PHP,N,6,A,TDF25,Sun Life Phils - Peso MyFuture 2025
2015-03-04,2.746,true,2015-03-03,15.6064,5.0698,MyFuture 2025,PHP,N,6,A,TDF25,Sun Life Phils - Peso MyFuture 2025
2015-03-03,2.7333,true,2015-03-02,14.9701,4.5839,MyFuture 2025,PHP,N,6,A,TDF25,Sun Life Phils - Peso MyFuture 2025
2015-03-02,2.731,true,2015-03-01,14.5938,4.4959,MyFuture 2025,PHP,N,6,A,TDF25,Sun Life Phils - Peso MyFuture 2025
2015-02-27,2.7217,true,2015-02-26,15.2237,4.14,MyFuture 2025,PHP,N,6,A,TDF25,Sun Life Phils - Peso MyFuture 2025
2015-02-26,2.7254,true,2015-02-25,15.8512,4.2816,MyFuture 2025,PHP,N,6,A,TDF25,Sun Life Phils - Peso MyFuture 2025
2015-02-25,2.7426,true,2015-02-24,16.9353,4.9397,MyFuture 2025,PHP,N,6,A,TDF25,Sun Life Phils - Peso MyFuture 2025
2015-02-24,2.7372,true,2015-02-23,16.8096,4.7331,MyFuture 2025,PHP,N,6,A,TDF25,Sun Life Phils - Peso MyFuture 2025
2015-02-23,2.7349,true,2015-02-22,16.7065,4.6451,MyFuture 2025,PHP,N,6,A,TDF25,Sun Life Phils - Peso MyFuture 2025
2015-02-20,2.7384,true,2015-02-19,16.3544,4.779,MyFuture 2025,PHP,N,6,A,TDF25,Sun Life Phils - Peso MyFuture 2025
2015-02-18,2.7324,true,2015-02-17,18.95,4.5495,MyFuture 2025,PHP,N,6,A,TDF25,Sun Life Phils - Peso MyFuture 2025
2015-02-17,2.7327,true,2015-02-16,19.5825,4.5609,MyFuture 2025,PHP,N,6,A,TDF25,Sun Life Phils - Peso MyFuture 2025
2015-02-16,2.7336,true,2015-02-15,20.5504,4.5954,MyFuture 2025,PHP,N,6,A,TDF25,Sun Life Phils - Peso MyFuture 2025
2015-02-13,2.7323,true,2015-02-12,20.6154,4.5456,MyFuture 2025,PHP,N,6,A,TDF25,Sun Life Phils - Peso MyFuture 2025
2015-02-12,2.7131,true,2015-02-11,19.5989,3.811,MyFuture 2025,PHP,N,6,A,TDF25,Sun Life Phils - Peso MyFuture 2025
2015-02-11,2.7057,true,2015-02-10,19.0679,3.5278,MyFuture 2025,PHP,N,6,A,TDF25,Sun Life Phils - Peso MyFuture 2025
2015-02-10,2.7166,true,2015-02-09,20.4487,3.9449,MyFuture 2025,PHP,N,6,A,TDF25,Sun Life Phils - Peso MyFuture 2025
2015-02-09,2.7377,true,2015-02-08,22.186,4.7522,MyFuture 2025,PHP,N,6,A,TDF25,Sun Life Phils - Peso MyFuture 2025
2015-02-06,2.7328,true,2015-02-05,23.4271,4.5648,MyFuture 2025,PHP,N,6,A,TDF25,Sun Life Phils - Peso MyFuture 2025
2015-02-05,2.7213,true,2015-02-04,22.9744,4.1247,MyFuture 2025,PHP,N,6,A,TDF25,Sun Life Phils - Peso MyFuture 2025
2015-02-04,2.7317,true,2015-02-03,23.8698,4.5227,MyFuture 2025,PHP,N,6,A,TDF25,Sun Life Phils - Peso MyFuture 2025
2015-02-03,2.7143,true,2015-02-02,20.8558,3.8569,MyFuture 2025,PHP,N,6,A,TDF25,Sun Life Phils - Peso MyFuture 2025
2015-02-02,2.7194,true,2015-02-01,20.5461,4.052,MyFuture 2025,PHP,N,6,A,TDF25,Sun Life Phils - Peso MyFuture 2025
2015-01-30,2.731,true,2015-01-29,21.0603,4.4959,MyFuture 2025,PHP,N,6,A,TDF25,Sun Life Phils - Peso MyFuture 2025
2015-01-29,2.7138,true,2015-01-28,19.8093,3.8378,MyFuture 2025,PHP,N,6,A,TDF25,Sun Life Phils - Peso MyFuture 2025
2015-01-28,2.7216,true,2015-01-27,21.0084,4.1362,MyFuture 2025,PHP,N,6,A,TDF25,Sun Life Phils - Peso MyFuture 2025
2015-01-27,2.7127,true,2015-01-26,19.3812,3.7957,MyFuture 2025,PHP,N,6,A,TDF25,Sun Life Phils - Peso MyFuture 2025
2015-01-26,2.6974,true,2015-01-25,17.0543,3.2103,MyFuture 2025,PHP,N,6,A,TDF25,Sun Life Phils - Peso MyFuture 2025
2015-01-23,2.6893,true,2015-01-22,17.2319,2.9003,MyFuture 2025,PHP,N,6,A,TDF25,Sun Life Phils - Peso MyFuture 2025
2015-01-22,2.6519,true,2015-01-21,16.4135,1.4693,MyFuture 2025,PHP,N,6,A,TDF25,Sun Life Phils - Peso MyFuture 2025
2015-01-21,2.6628,true,2015-01-20,18.5627,1.8864,MyFuture 2025,PHP,N,6,A,TDF25,Sun Life Phils - Peso MyFuture 2025
2015-01-20,2.6599,true,2015-01-19,18.7084,1.7754,MyFuture 2025,PHP,N,6,A,TDF25,Sun Life Phils - Peso MyFuture 2025
2015-01-19,2.6698,true,2015-01-18,19.3207,2.1542,MyFuture 2025,PHP,N,6,A,TDF25,Sun Life Phils - Peso MyFuture 2025
2015-01-14,2.6731,true,2015-01-13,20.1339,2.2805,MyFuture 2025,PHP,N,6,A,TDF25,Sun Life Phils - Peso MyFuture 2025
2015-01-13,2.651,true,2015-01-12,18.991,1.4349,MyFuture 2025,PHP,N,6,A,TDF25,Sun Life Phils - Peso MyFuture 2025
2015-01-12,2.6431,true,2015-01-11,19.961,1.1326,MyFuture 2025,PHP,N,6,A,TDF25,Sun Life Phils - Peso MyFuture 2025
2015-01-09,2.6531,true,2015-01-08,19.2887,1.5152,MyFuture 2025,PHP,N,6,A,TDF25,Sun Life Phils - Peso MyFuture 2025
2015-01-08,2.6462,true,2015-01-07,18.2078,1.2512,MyFuture 2025,PHP,N,6,A,TDF25,Sun Life Phils - Peso MyFuture 2025
2015-01-07,2.6332,true,2015-01-06,18.261,0.7538,MyFuture 2025,PHP,N,6,A,TDF25,Sun Life Phils - Peso MyFuture 2025
2015-01-06,2.6231,true,2015-01-05,17.1916,0.3673,MyFuture 2025,PHP,N,6,A,TDF25,Sun Life Phils - Peso MyFuture 2025
2015-01-05,2.6192,true,2015-01-04,17.5425,0.2181,MyFuture 2025,PHP,N,6,A,TDF25,Sun Life Phils - Peso MyFuture 2025
2014-12-29,2.6135,true,2014-12-28,18.1457,18.1457,MyFuture 2025,PHP,N,6,A,TDF25,Sun Life Phils - Peso MyFuture 2025
2014-12-23,2.5987,true,2014-12-22,17.8656,17.4766,MyFuture 2025,PHP,N,6,A,TDF25,Sun Life Phils - Peso MyFuture 2025
2014-12-22,2.5858,true,2014-12-21,17.547,16.8934,MyFuture 2025,PHP,N,6,A,TDF25,Sun Life Phils - Peso MyFuture 2025
2014-12-19,2.5826,true,2014-12-18,15.9573,16.7488,MyFuture 2025,PHP,N,6,A,TDF25,Sun Life Phils - Peso MyFuture 2025
2014-12-18,2.5584,true,2014-12-17,14.2653,15.6548,MyFuture 2025,PHP,N,6,A,TDF25,Sun Life Phils - Peso MyFuture 2025
2014-12-17,2.5467,true,2014-12-16,14.2428,15.1259,MyFuture 2025,PHP,N,6,A,TDF25,Sun Life Phils - Peso MyFuture 2025
2014-12-16,2.5973,true,2014-12-15,18.2042,17.4133,MyFuture 2025,PHP,N,6,A,TDF25,Sun Life Phils - Peso MyFuture 2025
2014-12-15,2.6253,true,2014-12-14,20.3052,18.6791,MyFuture 2025,PHP,N,6,A,TDF25,Sun Life Phils - Peso MyFuture 2025
2014-12-12,2.6123,true,2014-12-11,19.9018,18.0914,MyFuture 2025,PHP,N,6,A,TDF25,Sun Life Phils - Peso MyFuture 2025
2014-12-11,2.5778,true,2014-12-10,16.2009,16.5318,MyFuture 2025,PHP,N,6,A,TDF25,Sun Life Phils - Peso MyFuture 2025
2014-12-10,2.6026,true,2014-12-09,17.1656,17.6529,MyFuture 2025,PHP,N,6,A,TDF25,Sun Life Phils - Peso MyFuture 2025
2014-12-09,2.6081,true,2014-12-08,15.4384,17.9015,MyFuture 2025,PHP,N,6,A,TDF25,Sun Life Phils - Peso MyFuture 2025
2014-12-08,2.6081,true,2014-12-07,15.464,17.9015,MyFuture 2025,PHP,N,6,A,TDF25,Sun Life Phils - Peso MyFuture 2025
2014-12-05,2.6198,true,2014-12-04,15.8845,18.4305,MyFuture 2025,PHP,N,6,A,TDF25,Sun Life Phils - Peso MyFuture 2025
2014-12-04,2.6404,true,2014-12-03,15.387,19.3617,MyFuture 2025,PHP,N,6,A,TDF25,Sun Life Phils - Peso MyFuture 2025
2014-12-03,2.6535,true,2014-12-02,14.528,19.9539,MyFuture 2025,PHP,N,6,A,TDF25,Sun Life Phils - Peso MyFuture 2025
2014-12-02,2.649,true,2014-12-01,13.4524,19.7505,MyFuture 2025,PHP,N,6,A,TDF25,Sun Life Phils - Peso MyFuture 2025
2014-12-01,2.6457,true,2014-11-30,13.6811,19.6013,MyFuture 2025,PHP,N,6,A,TDF25,Sun Life Phils - Peso MyFuture 2025
2014-11-28,2.6377,true,2014-11-27,13.9986,19.2396,MyFuture 2025,PHP,N,6,A,TDF25,Sun Life Phils - Peso MyFuture 2025
2014-11-27,2.6278,true,2014-11-26,15.4772,18.7921,MyFuture 2025,PHP,N,6,A,TDF25,Sun Life Phils - Peso MyFuture 2025
2014-11-26,2.6538,true,2014-11-25,17.1707,19.9675,MyFuture 2025,PHP,N,6,A,TDF25,Sun Life Phils - Peso MyFuture 2025
2014-11-25,2.6361,true,2014-11-24,16.8847,19.1673,MyFuture 2025,PHP,N,6,A,TDF25,Sun Life Phils - Peso MyFuture 2025
2014-11-24,2.645,true,2014-11-23,15.9528,19.5696,MyFuture 2025,PHP,N,6,A,TDF25,Sun Life Phils - Peso MyFuture 2025
2014-11-21,2.6273,true,2014-11-20,14.5042,18.7695,MyFuture 2025,PHP,N,6,A,TDF25,Sun Life Phils - Peso MyFuture 2025
2014-11-20,2.6255,true,2014-11-19,13.8897,18.6881,MyFuture 2025,PHP,N,6,A,TDF25,Sun Life Phils - Peso MyFuture 2025
2014-11-19,2.627,true,2014-11-18,12.1116,18.7559,MyFuture 2025,PHP,N,6,A,TDF25,Sun Life Phils - Peso MyFuture 2025
2014-11-18,2.6248,true,2014-11-17,10.7464,18.6565,MyFuture 2025,PHP,N,6,A,TDF25,Sun Life Phils - Peso MyFuture 2025
2014-11-17,2.6142,true,2014-11-16,9.9235,18.1773,MyFuture 2025,PHP,N,6,A,TDF25,Sun Life Phils - Peso MyFuture 2025
2014-11-14,2.6074,true,2014-11-13,10.1703,17.8699,MyFuture 2025,PHP,N,6,A,TDF25,Sun Life Phils - Peso MyFuture 2025
2014-11-13,2.6038,true,2014-11-12,10.0414,17.7072,MyFuture 2025,PHP,N,6,A,TDF25,Sun Life Phils - Peso MyFuture 2025
2014-11-12,2.6149,true,2014-11-11,10.3287,18.2089,MyFuture 2025,PHP,N,6,A,TDF25,Sun Life Phils - Peso MyFuture 2025
2014-11-11,2.6052,true,2014-11-10,10.8832,17.7704,MyFuture 2025,PHP,N,6,A,TDF25,Sun Life Phils - Peso MyFuture 2025
2014-11-10,2.601,true,2014-11-09,9.5296,17.5806,MyFuture 2025,PHP,N,6,A,TDF25,Sun Life Phils - Peso MyFuture 2025
2014-11-07,2.6059,true,2014-11-06,8.8513,17.8021,MyFuture 2025,PHP,N,6,A,TDF25,Sun Life Phils - Peso MyFuture 2025
2014-11-06,2.6104,true,2014-11-05,8.5135,18.0055,MyFuture 2025,PHP,N,6,A,TDF25,Sun Life Phils - Peso MyFuture 2025
2014-11-05,2.6019,true,2014-11-04,7.4499,17.6213,MyFuture 2025,PHP,N,6,A,TDF25,Sun Life Phils - Peso MyFuture 2025
2014-11-04,2.6057,true,2014-11-03,7.4427,17.793,MyFuture 2025,PHP,N,6,A,TDF25,Sun Life Phils - Peso MyFuture 2025
2014-11-03,2.63,true,2014-11-02,7.9151,18.8916,MyFuture 2025,PHP,N,6,A,TDF25,Sun Life Phils - Peso MyFuture 2025
2014-10-31,2.605,true,2014-10-30,6.8893,17.7614,MyFuture 2025,PHP,N,6,A,TDF25,Sun Life Phils - Peso MyFuture 2025
2014-10-30,2.5903,true,2014-10-29,6.2862,17.0969,MyFuture 2025,PHP,N,6,A,TDF25,Sun Life Phils - Peso MyFuture 2025
2014-10-29,2.5726,true,2014-10-28,6.126,16.2967,MyFuture 2025,PHP,N,6,A,TDF25,Sun Life Phils - Peso MyFuture 2025
2014-10-28,2.5643,true,2014-10-27,6.0636,15.9215,MyFuture 2025,PHP,N,6,A,TDF25,Sun Life Phils - Peso MyFuture 2025
2014-10-27,2.5731,true,2014-10-26,6.4276,16.3193,MyFuture 2025,PHP,N,6,A,TDF25,Sun Life Phils - Peso MyFuture 2025
2014-10-24,2.5743,true,2014-10-23,5.9208,16.3736,MyFuture 2025,PHP,N,6,A,TDF25,Sun Life Phils - Peso MyFuture 2025
2014-10-23,2.5784,true,2014-10-22,5.2108,16.5589,MyFuture 2025,PHP,N,6,A,TDF25,Sun Life Phils - Peso MyFuture 2025
2014-10-22,2.5856,true,2014-10-21,5.8631,16.8844,MyFuture 2025,PHP,N,6,A,TDF25,Sun Life Phils - Peso MyFuture 2025
2014-10-21,2.5626,true,2014-10-20,5.0547,15.8447,MyFuture 2025,PHP,N,6,A,TDF25,Sun Life Phils - Peso MyFuture 2025
2014-10-20,2.5608,true,2014-10-19,4.8262,15.7633,MyFuture 2025,PHP,N,6,A,TDF25,Sun Life Phils - Peso MyFuture 2025
2014-10-17,2.5433,true,2014-10-16,4.8611,14.9722,MyFuture 2025,PHP,N,6,A,TDF25,Sun Life Phils - Peso MyFuture 2025
2014-10-16,2.5504,true,2014-10-15,6.249,15.2932,MyFuture 2025,PHP,N,6,A,TDF25,Sun Life Phils - Peso MyFuture 2025
2014-10-15,2.5449,true,2014-10-14,6.5793,15.0445,MyFuture 2025,PHP,N,6,A,TDF25,Sun Life Phils - Peso MyFuture 2025
2014-10-14,2.5334,true,2014-10-13,6.0977,14.5247,MyFuture 2025,PHP,N,6,A,TDF25,Sun Life Phils - Peso MyFuture 2025
2014-10-13,2.536,true,2014-10-12,5.6491,14.6422,MyFuture 2025,PHP,N,6,A,TDF25,Sun Life Phils - Peso MyFuture 2025
2014-10-10,2.5862,true,2014-10-09,10.8245,16.9115,MyFuture 2025,PHP,N,6,A,TDF25,Sun Life Phils - Peso MyFuture 2025
2014-10-09,2.5976,true,2014-10-08,12.6746,17.4269,MyFuture 2025,PHP,N,6,A,TDF25,Sun Life Phils - Peso MyFuture 2025
2014-10-08,2.5932,true,2014-10-07,11.4348,17.228,MyFuture 2025,PHP,N,6,A,TDF25,Sun Life Phils - Peso MyFuture 2025
2014-10-07,2.6088,true,2014-10-06,12.4337,17.9332,MyFuture 2025,PHP,N,6,A,TDF25,Sun Life Phils - Peso MyFuture 2025
2014-10-03,2.613,true,2014-10-02,13.5248,18.1231,MyFuture 2025,PHP,N,6,A,TDF25,Sun Life Phils - Peso MyFuture 2025
2014-10-02,2.6014,true,2014-10-01,13.4942,17.5987,MyFuture 2025,PHP,N,6,A,TDF25,Sun Life Phils - Peso MyFuture 2025
2014-10-01,2.6222,true,2014-09-30,16.6407,18.5389,MyFuture 2025,PHP,N,6,A,TDF25,Sun Life Phils - Peso MyFuture 2025
2014-09-30,2.6254,true,2014-09-29,16.835,18.6836,MyFuture 2025,PHP,N,6,A,TDF25,Sun Life Phils - Peso MyFuture 2025
2014-09-29,2.6219,true,2014-09-28,13.9907,18.5254,MyFuture 2025,PHP,N,6,A,TDF25,Sun Life Phils - Peso MyFuture 2025
2014-09-26,2.6166,true,2014-09-25,13.4545,18.2858,MyFuture 2025,PHP,N,6,A,TDF25,Sun Life Phils - Peso MyFuture 2025
2014-09-25,2.6237,true,2014-09-24,13.5653,18.6068,MyFuture 2025,PHP,N,6,A,TDF25,Sun Life Phils - Peso MyFuture 2025
2014-09-24,2.6397,true,2014-09-23,13.7165,19.33,MyFuture 2025,PHP,N,6,A,TDF25,Sun Life Phils - Peso MyFuture 2025
2014-09-23,2.6123,true,2014-09-22,12.1688,18.0914,MyFuture 2025,PHP,N,6,A,TDF25,Sun Life Phils - Peso MyFuture 2025
2014-09-22,2.6137,true,2014-09-21,12.9174,18.1547,MyFuture 2025,PHP,N,6,A,TDF25,Sun Life Phils - Peso MyFuture 2025
2014-09-19,2.6137,true,2014-09-18,11.7682,18.1547,MyFuture 2025,PHP,N,6,A,TDF25,Sun Life Phils - Peso MyFuture 2025
2014-09-18,2.6155,true,2014-09-17,15.0986,18.2361,MyFuture 2025,PHP,N,6,A,TDF25,Sun Life Phils - Peso MyFuture 2025
2014-09-17,2.6016,true,2014-09-16,14.3158,17.6077,MyFuture 2025,PHP,N,6,A,TDF25,Sun Life Phils - Peso MyFuture 2025
2014-09-16,2.5859,true,2014-09-15,15.3699,16.898,MyFuture 2025,PHP,N,6,A,TDF25,Sun Life Phils - Peso MyFuture 2025
2014-09-15,2.5801,true,2014-09-14,17.9744,16.6358,MyFuture 2025,PHP,N,6,A,TDF25,Sun Life Phils - Peso MyFuture 2025
2014-09-12,2.5922,true,2014-09-11,17.6188,17.1828,MyFuture 2025,PHP,N,6,A,TDF25,Sun Life Phils - Peso MyFuture 2025
2014-09-11,2.5927,true,2014-09-10,17.3167,17.2054,MyFuture 2025,PHP,N,6,A,TDF25,Sun Life Phils - Peso MyFuture 2025
2014-09-10,2.5919,true,2014-09-09,19.1185,17.1692,MyFuture 2025,PHP,N,6,A,TDF25,Sun Life Phils - Peso MyFuture 2025
2014-09-09,2.6047,true,2014-09-08,21.3407,17.7478,MyFuture 2025,PHP,N,6,A,TDF25,Sun Life Phils - Peso MyFuture 2025
2014-09-08,2.6198,true,2014-09-07,22.5637,18.4305,MyFuture 2025,PHP,N,6,A,TDF25,Sun Life Phils - Peso MyFuture 2025
2014-09-05,2.6106,true,2014-09-04,22.3738,18.0146,MyFuture 2025,PHP,N,6,A,TDF25,Sun Life Phils - Peso MyFuture 2025
2014-09-04,2.5946,true,2014-09-03,21.209,17.2913,MyFuture 2025,PHP,N,6,A,TDF25,Sun Life Phils - Peso MyFuture 2025
2014-09-03,2.5972,true,2014-09-02,19.4005,17.4088,MyFuture 2025,PHP,N,6,A,TDF25,Sun Life Phils - Peso MyFuture 2025
2014-09-02,2.5748,true,2014-09-01,18.7858,16.3962,MyFuture 2025,PHP,N,6,A,TDF25,Sun Life Phils - Peso MyFuture 2025
2014-09-01,2.5684,true,2014-08-31,18.4195,16.1069,MyFuture 2025,PHP,N,6,A,TDF25,Sun Life Phils - Peso MyFuture 2025
2014-08-29,2.5603,true,2014-08-28,20.655,15.7407,MyFuture 2025,PHP,N,6,A,TDF25,Sun Life Phils - Peso MyFuture 2025
2014-08-28,2.5703,true,2014-08-27,23.7208,16.1928,MyFuture 2025,PHP,N,6,A,TDF25,Sun Life Phils - Peso MyFuture 2025
2014-08-27,2.5839,true,2014-08-26,20.9804,16.8076,MyFuture 2025,PHP,N,6,A,TDF25,Sun Life Phils - Peso MyFuture 2025
2014-08-26,2.5791,true,2014-08-25,16.8018,16.5906,MyFuture 2025,PHP,N,6,A,TDF25,Sun Life Phils - Peso MyFuture 2025
2014-08-22,2.5733,true,2014-08-21,16.7983,16.3284,MyFuture 2025,PHP,N,6,A,TDF25,Sun Life Phils - Peso MyFuture 2025
2014-08-20,2.5629,true,2014-08-19,9.8072,15.8582,MyFuture 2025,PHP,N,6,A,TDF25,Sun Life Phils - Peso MyFuture 2025
2014-08-19,2.5599,true,2014-08-18,9.6787,15.7226,MyFuture 2025,PHP,N,6,A,TDF25,Sun Life Phils - Peso MyFuture 2025
2014-08-18,2.5491,true,2014-08-17,9.2159,15.2344,MyFuture 2025,PHP,N,6,A,TDF25,Sun Life Phils - Peso MyFuture 2025
2014-08-15,2.5432,true,2014-08-14,8.1614,14.9677,MyFuture 2025,PHP,N,6,A,TDF25,Sun Life Phils - Peso MyFuture 2025
2014-08-14,2.5551,true,2014-08-13,7.3256,15.5056,MyFuture 2025,PHP,N,6,A,TDF25,Sun Life Phils - Peso MyFuture 2025
2014-08-13,2.5378,true,2014-08-12,7.9961,14.7236,MyFuture 2025,PHP,N,6,A,TDF25,Sun Life Phils - Peso MyFuture 2025
2014-08-12,2.5381,true,2014-08-11,9.7509,14.7371,MyFuture 2025,PHP,N,6,A,TDF25,Sun Life Phils - Peso MyFuture 2025
2014-08-11,2.532,true,2014-08-10,9.9627,14.4614,MyFuture 2025,PHP,N,6,A,TDF25,Sun Life Phils - Peso MyFuture 2025
2014-08-08,2.5139,true,2014-08-07,9.1766,13.6431,MyFuture 2025,PHP,N,6,A,TDF25,Sun Life Phils - Peso MyFuture 2025
2014-08-07,2.5327,true,2014-08-06,9.7309,14.493,MyFuture 2025,PHP,N,6,A,TDF25,Sun Life Phils - Peso MyFuture 2025
2014-08-06,2.5301,true,2014-08-05,9.7181,14.3755,MyFuture 2025,PHP,N,6,A,TDF25,Sun Life Phils - Peso MyFuture 2025
2014-08-05,2.5373,true,2014-08-04,8.7663,14.701,MyFuture 2025,PHP,N,6,A,TDF25,Sun Life Phils - Peso MyFuture 2025
2014-08-04,2.5383,true,2014-08-03,8.4234,14.7462,MyFuture 2025,PHP,N,6,A,TDF25,Sun Life Phils - Peso MyFuture 2025
2014-08-01,2.5103,true,2014-07-31,5.373,13.4804,MyFuture 2025,PHP,N,6,A,TDF25,Sun Life Phils - Peso MyFuture 2025
2014-07-31,2.5016,true,2014-07-30,5.1534,13.0871,MyFuture 2025,PHP,N,6,A,TDF25,Sun Life Phils - Peso MyFuture 2025
2014-07-30,2.5022,true,2014-07-29,3.7698,13.1142,MyFuture 2025,PHP,N,6,A,TDF25,Sun Life Phils - Peso MyFuture 2025
2014-07-28,2.4997,true,2014-07-27,3.0464,13.0012,MyFuture 2025,PHP,N,6,A,TDF25,Sun Life Phils - Peso MyFuture 2025
2014-07-25,2.5106,true,2014-07-24,2.9567,13.494,MyFuture 2025,PHP,N,6,A,TDF25,Sun Life Phils - Peso MyFuture 2025
2014-07-24,2.512,true,2014-07-23,3.0015,13.5573,MyFuture 2025,PHP,N,6,A,TDF25,Sun Life Phils - Peso MyFuture 2025
2014-07-23,2.5121,true,2014-07-22,3.9475,13.5618,MyFuture 2025,PHP,N,6,A,TDF25,Sun Life Phils - Peso MyFuture 2025
2014-07-22,2.5068,true,2014-07-21,5.2349,13.3222,MyFuture 2025,PHP,N,6,A,TDF25,Sun Life Phils - Peso MyFuture 2025
2014-07-21,2.5083,true,2014-07-20,5.4218,13.39,MyFuture 2025,PHP,N,6,A,TDF25,Sun Life Phils - Peso MyFuture 2025
2014-07-18,2.5054,true,2014-07-17,4.8679,13.2589,MyFuture 2025,PHP,N,6,A,TDF25,Sun Life Phils - Peso MyFuture 2025
2014-07-17,2.5091,true,2014-07-16,6.1289,13.4262,MyFuture 2025,PHP,N,6,A,TDF25,Sun Life Phils - Peso MyFuture 2025
2014-07-16,2.5091,true,2014-07-15,5.8826,13.4262,MyFuture 2025,PHP,N,6,A,TDF25,Sun Life Phils - Peso MyFuture 2025
2014-07-15,2.5024,true,2014-07-14,5.1826,13.1233,MyFuture 2025,PHP,N,6,A,TDF25,Sun Life Phils - Peso MyFuture 2025
2014-07-14,2.5019,true,2014-07-13,5.802,13.1007,MyFuture 2025,PHP,N,6,A,TDF25,Sun Life Phils - Peso MyFuture 2025
2014-07-11,2.5227,true,2014-07-10,8.9625,14.041,MyFuture 2025,PHP,N,6,A,TDF25,Sun Life Phils - Peso MyFuture 2025
2014-07-10,2.5345,true,2014-07-09,11.2745,14.5744,MyFuture 2025,PHP,N,6,A,TDF25,Sun Life Phils - Peso MyFuture 2025
2014-07-09,2.5257,true,2014-07-08,10.3745,14.1766,MyFuture 2025,PHP,N,6,A,TDF25,Sun Life Phils - Peso MyFuture 2025
2014-07-08,2.5347,true,2014-07-07,10.6904,14.5834,MyFuture 2025,PHP,N,6,A,TDF25,Sun Life Phils - Peso MyFuture 2025
2014-07-07,2.5469,true,2014-07-06,8.4202,15.1349,MyFuture 2025,PHP,N,6,A,TDF25,Sun Life Phils - Peso MyFuture 2025
2014-07-04,2.5379,true,2014-07-03,8.5222,14.7281,MyFuture 2025,PHP,N,6,A,TDF25,Sun Life Phils - Peso MyFuture 2025
2014-07-03,2.5221,true,2014-07-02,7.6349,14.0138,MyFuture 2025,PHP,N,6,A,TDF25,Sun Life Phils - Peso MyFuture 2025
2014-07-02,2.5099,true,2014-07-01,5.2722,13.4623,MyFuture 2025,PHP,N,6,A,TDF25,Sun Life Phils - Peso MyFuture 2025
2014-07-01,2.5057,true,2014-06-30,4.2565,13.2725,MyFuture 2025,PHP,N,6,A,TDF25,Sun Life Phils - Peso MyFuture 2025
2014-06-30,2.514,true,2014-06-29,5.6658,13.6477,MyFuture 2025,PHP,N,6,A,TDF25,Sun Life Phils - Peso MyFuture 2025
2014-06-27,2.5139,true,2014-06-26,7.3949,13.6431,MyFuture 2025,PHP,N,6,A,TDF25,Sun Life Phils - Peso MyFuture 2025
2014-06-26,2.5267,true,2014-06-25,11.0101,14.2218,MyFuture 2025,PHP,N,6,A,TDF25,Sun Life Phils - Peso MyFuture 2025
2014-06-25,2.5108,true,2014-06-24,15.6624,13.503,MyFuture 2025,PHP,N,6,A,TDF25,Sun Life Phils - Peso MyFuture 2025
2014-06-24,2.5017,true,2014-06-23,11.9629,13.0916,MyFuture 2025,PHP,N,6,A,TDF25,Sun Life Phils - Peso MyFuture 2025
2014-06-23,2.4951,true,2014-06-22,8.1347,12.7933,MyFuture 2025,PHP,N,6,A,TDF25,Sun Life Phils - Peso MyFuture 2025
2014-06-20,2.4859,true,2014-06-19,5.8686,12.3774,MyFuture 2025,PHP,N,6,A,TDF25,Sun Life Phils - Peso MyFuture 2025
2014-06-19,2.4807,true,2014-06-18,2.8312,12.1423,MyFuture 2025,PHP,N,6,A,TDF25,Sun Life Phils - Peso MyFuture 2025
2014-06-18,2.4826,true,2014-06-17,3.1623,12.2282,MyFuture 2025,PHP,N,6,A,TDF25,Sun Life Phils - Peso MyFuture 2025
2014-06-17,2.4841,true,2014-06-16,5.9002,12.296,MyFuture 2025,PHP,N,6,A,TDF25,Sun Life Phils - Peso MyFuture 2025
2014-06-16,2.5021,true,2014-06-15,8.0121,13.1097,MyFuture 2025,PHP,N,6,A,TDF25,Sun Life Phils - Peso MyFuture 2025
2014-06-13,2.508,true,2014-06-12,9.918,13.3764,MyFuture 2025,PHP,N,6,A,TDF25,Sun Life Phils - Peso MyFuture 2025
2014-06-11,2.5164,true,2014-06-10,4.048,13.7562,MyFuture 2025,PHP,N,6,A,TDF25,Sun Life Phils - Peso MyFuture 2025
2014-06-10,2.5083,true,2014-06-09,-0.8342,13.39,MyFuture 2025,PHP,N,6,A,TDF25,Sun Life Phils - Peso MyFuture 2025
2014-06-09,2.5171,true,2014-06-08,1.5943,13.7878,MyFuture 2025,PHP,N,6,A,TDF25,Sun Life Phils - Peso MyFuture 2025
2014-06-06,2.5074,true,2014-06-05,2.5521,13.3493,MyFuture 2025,PHP,N,6,A,TDF25,Sun Life Phils - Peso MyFuture 2025
2014-06-05,2.51,true,2014-06-04,3.2794,13.4668,MyFuture 2025,PHP,N,6,A,TDF25,Sun Life Phils - Peso MyFuture 2025
2014-06-04,2.5088,true,2014-06-03,1.337,13.4126,MyFuture 2025,PHP,N,6,A,TDF25,Sun Life Phils - Peso MyFuture 2025
2014-06-03,2.5163,true,2014-06-02,0.781,13.7516,MyFuture 2025,PHP,N,6,A,TDF25,Sun Life Phils - Peso MyFuture 2025
2014-06-02,2.4926,true,2014-06-01,-3.4325,12.6803,MyFuture 2025,PHP,N,6,A,TDF25,Sun Life Phils - Peso MyFuture 2025
2014-05-30,2.4749,true,2014-05-29,-3.3846,11.8801,MyFuture 2025,PHP,N,6,A,TDF25,Sun Life Phils - Peso MyFuture 2025
2014-05-29,2.4824,true,2014-05-28,-6.1404,12.2192,MyFuture 2025,PHP,N,6,A,TDF25,Sun Life Phils - Peso MyFuture 2025
2014-05-28,2.5126,true,2014-05-27,-3.7834,13.5844,MyFuture 2025,PHP,N,6,A,TDF25,Sun Life Phils - Peso MyFuture 2025
2014-05-27,2.5119,true,2014-05-26,-3.7291,13.5527,MyFuture 2025,PHP,N,6,A,TDF25,Sun Life Phils - Peso MyFuture 2025
2014-05-26,2.5118,true,2014-05-25,-5.6707,13.5482,MyFuture 2025,PHP,N,6,A,TDF25,Sun Life Phils - Peso MyFuture 2025
2014-05-23,2.5161,true,2014-05-22,-5.9999,13.7426,MyFuture 2025,PHP,N,6,A,TDF25,Sun Life Phils - Peso MyFuture 2025
2014-05-22,2.5196,true,2014-05-21,-6.7229,13.9008,MyFuture 2025,PHP,N,6,A,TDF25,Sun Life Phils - Peso MyFuture 2025
2014-05-21,2.5035,true,2014-05-20,-6.6764,13.173,MyFuture 2025,PHP,N,6,A,TDF25,Sun Life Phils - Peso MyFuture 2025
2014-05-20,2.5343,true,2014-05-19,-4.7757,14.5653,MyFuture 2025,PHP,N,6,A,TDF25,Sun Life Phils - Peso MyFuture 2025
2014-05-19,2.529,true,2014-05-18,-4.9927,14.3258,MyFuture 2025,PHP,N,6,A,TDF25,Sun Life Phils - Peso MyFuture 2025
2014-05-16,2.5127,true,2014-05-15,-5.9513,13.5889,MyFuture 2025,PHP,N,6,A,TDF25,Sun Life Phils - Peso MyFuture 2025
2014-05-15,2.5223,true,2014-05-14,-6.4116,14.0229,MyFuture 2025,PHP,N,6,A,TDF25,Sun Life Phils - Peso MyFuture 2025
2014-05-14,2.5255,true,2014-05-13,-5.4297,14.1675,MyFuture 2025,PHP,N,6,A,TDF25,Sun Life Phils - Peso MyFuture 2025
2014-05-13,2.5162,true,2014-05-12,-5.2814,13.7471,MyFuture 2025,PHP,N,6,A,TDF25,Sun Life Phils - Peso MyFuture 2025
2014-05-12,2.507,true,2014-05-11,-5.6277,13.3312,MyFuture 2025,PHP,N,6,A,TDF25,Sun Life Phils - Peso MyFuture 2025
2014-05-09,2.5153,true,2014-05-08,-4.4448,13.7064,MyFuture 2025,PHP,N,6,A,TDF25,Sun Life Phils - Peso MyFuture 2025
2014-05-08,2.4962,true,2014-05-07,-4.9754,12.843,MyFuture 2025,PHP,N,6,A,TDF25,Sun Life Phils - Peso MyFuture 2025
2014-05-07,2.492,true,2014-05-06,-4.5759,12.6531,MyFuture 2025,PHP,N,6,A,TDF25,Sun Life Phils - Peso MyFuture 2025
2014-05-06,2.4969,true,2014-05-05,-5.0247,12.8746,MyFuture 2025,PHP,N,6,A,TDF25,Sun Life Phils - Peso MyFuture 2025
2014-05-05,2.4974,true,2014-05-04,-5.3585,12.8972,MyFuture 2025,PHP,N,6,A,TDF25,Sun Life Phils - Peso MyFuture 2025
2014-05-02,2.4923,true,2014-05-01,-3.7982,12.6667,MyFuture 2025,PHP,N,6,A,TDF25,Sun Life Phils - Peso MyFuture 2025
2014-04-30,2.483,true,2014-04-29,-4.22,12.2463,MyFuture 2025,PHP,N,6,A,TDF25,Sun Life Phils - Peso MyFuture 2025
2014-04-29,2.4619,true,2014-04-28,-4.3328,11.2924,MyFuture 2025,PHP,N,6,A,TDF25,Sun Life Phils - Peso MyFuture 2025
2014-04-28,2.4496,true,2014-04-27,-4.4543,10.7364,MyFuture 2025,PHP,N,6,A,TDF25,Sun Life Phils - Peso MyFuture 2025
2014-04-25,2.4739,true,2014-04-24,-3.2385,11.8349,MyFuture 2025,PHP,N,6,A,TDF25,Sun Life Phils - Peso MyFuture 2025
2014-04-24,2.4893,true,2014-04-23,-2.4569,12.5311,MyFuture 2025,PHP,N,6,A,TDF25,Sun Life Phils - Peso MyFuture 2025
2014-04-23,2.5027,true,2014-04-22,-2.0738,13.1368,MyFuture 2025,PHP,N,6,A,TDF25,Sun Life Phils - Peso MyFuture 2025
2014-04-22,2.5103,true,2014-04-21,-3.3682,13.4804,MyFuture 2025,PHP,N,6,A,TDF25,Sun Life Phils - Peso MyFuture 2025
2014-04-21,2.5073,true,2014-04-20,-1.4116,13.3448,MyFuture 2025,PHP,N,6,A,TDF25,Sun Life Phils - Peso MyFuture 2025
2014-04-16,2.4768,true,2014-04-15,-0.7096,11.966,MyFuture 2025,PHP,N,6,A,TDF25,Sun Life Phils - Peso MyFuture 2025
2014-04-15,2.4611,true,2014-04-14,-1.8974,11.2563,MyFuture 2025,PHP,N,6,A,TDF25,Sun Life Phils - Peso MyFuture 2025
2014-04-14,2.453,true,2014-04-13,-2.5737,10.8901,MyFuture 2025,PHP,N,6,A,TDF25,Sun Life Phils - Peso MyFuture 2025
2014-04-11,2.4552,true,2014-04-10,-1.611,10.9896,MyFuture 2025,PHP,N,6,A,TDF25,Sun Life Phils - Peso MyFuture 2025
2014-04-10,2.4716,true,2014-04-09,-0.6831,11.7309,MyFuture 2025,PHP,N,6,A,TDF25,Sun Life Phils - Peso MyFuture 2025
2014-04-08,2.452,true,2014-04-07,-0.4911,10.8449,MyFuture 2025,PHP,N,6,A,TDF25,Sun Life Phils - Peso MyFuture 2025
2014-04-07,2.4607,true,2014-04-06,-0.1218,11.2382,MyFuture 2025,PHP,N,6,A,TDF25,Sun Life Phils - Peso MyFuture 2025
2014-04-04,2.4492,true,2014-04-03,-1.3334,10.7183,MyFuture 2025,PHP,N,6,A,TDF25,Sun Life Phils - Peso MyFuture 2025
2014-04-03,2.4602,true,2014-04-02,-1.3394,11.2156,MyFuture 2025,PHP,N,6,A,TDF25,Sun Life Phils - Peso MyFuture 2025
2014-04-02,2.4597,true,2014-04-01,-0.3403,11.193,MyFuture 2025,PHP,N,6,A,TDF25,Sun Life Phils - Peso MyFuture 2025
2014-04-01,2.4389,true,2014-03-31,-2.4011,10.2527,MyFuture 2025,PHP,N,6,A,TDF25,Sun Life Phils - Peso MyFuture 2025
2014-03-31,2.4071,true,2014-03-30,-3.523,8.8152,MyFuture 2025,PHP,N,6,A,TDF25,Sun Life Phils - Peso MyFuture 2025
2014-03-28,2.3834,true,2014-03-27,-4.4729,7.7438,MyFuture 2025,PHP,N,6,A,TDF25,Sun Life Phils - Peso MyFuture 2025
2014-03-27,2.3668,true,2014-03-26,-5.1383,6.9934,MyFuture 2025,PHP,N,6,A,TDF25,Sun Life Phils - Peso MyFuture 2025
2014-03-26,2.3735,true,2014-03-25,-2.6656,7.2962,MyFuture 2025,PHP,N,6,A,TDF25,Sun Life Phils - Peso MyFuture 2025
2014-03-25,2.3691,true,2014-03-24,-1.9899,7.0973,MyFuture 2025,PHP,N,6,A,TDF25,Sun Life Phils - Peso MyFuture 2025
2014-03-24,2.3878,true,2014-03-23,-0.1672,7.9427,MyFuture 2025,PHP,N,6,A,TDF25,Sun Life Phils - Peso MyFuture 2025
2014-03-21,2.3682,true,2014-03-20,-0.1855,7.0566,MyFuture 2025,PHP,N,6,A,TDF25,Sun Life Phils - Peso MyFuture 2025
2014-03-20,2.391,true,2014-03-19,1.4339,8.0873,MyFuture 2025,PHP,N,6,A,TDF25,Sun Life Phils - Peso MyFuture 2025
2014-03-19,2.3988,true,2014-03-18,1.8296,8.4399,MyFuture 2025,PHP,N,6,A,TDF25,Sun Life Phils - Peso MyFuture 2025
2014-03-18,2.3997,true,2014-03-17,0.7177,8.4806,MyFuture 2025,PHP,N,6,A,TDF25,Sun Life Phils - Peso MyFuture 2025
2014-03-17,2.3777,true,2014-03-16,-2.0757,7.4861,MyFuture 2025,PHP,N,6,A,TDF25,Sun Life Phils - Peso MyFuture 2025
2014-03-14,2.3776,true,2014-03-13,-2.5134,7.4816,MyFuture 2025,PHP,N,6,A,TDF25,Sun Life Phils - Peso MyFuture 2025
2014-03-13,2.39,true,2014-03-12,-2.2455,8.0421,MyFuture 2025,PHP,N,6,A,TDF25,Sun Life Phils - Peso MyFuture 2025
2014-03-12,2.3904,true,2014-03-11,-2.3729,8.0602,MyFuture 2025,PHP,N,6,A,TDF25,Sun Life Phils - Peso MyFuture 2025
2014-03-11,2.4123,true,2014-03-10,-2.0107,9.0502,MyFuture 2025,PHP,N,6,A,TDF25,Sun Life Phils - Peso MyFuture 2025
2014-03-10,2.4,true,2014-03-09,-2.8183,8.4942,MyFuture 2025,PHP,N,6,A,TDF25,Sun Life Phils - Peso MyFuture 2025
2014-03-07,2.3979,true,2014-03-06,-1.6448,8.3993,MyFuture 2025,PHP,N,6,A,TDF25,Sun Life Phils - Peso MyFuture 2025
2014-03-06,2.4118,true,2014-03-05,-2.589,9.0276,MyFuture 2025,PHP,N,6,A,TDF25,Sun Life Phils - Peso MyFuture 2025
2014-03-05,2.3943,true,2014-03-04,-1.7602,8.2365,MyFuture 2025,PHP,N,6,A,TDF25,Sun Life Phils - Peso MyFuture 2025
2014-03-04,2.3753,true,2014-03-03,-1.5746,7.3776,MyFuture 2025,PHP,N,6,A,TDF25,Sun Life Phils - Peso MyFuture 2025
2014-03-03,2.3774,true,2014-03-02,-1.805,7.4725,MyFuture 2025,PHP,N,6,A,TDF25,Sun Life Phils - Peso MyFuture 2025
2014-02-28,2.3832,true,2014-02-27,-2.5914,7.7347,MyFuture 2025,PHP,N,6,A,TDF25,Sun Life Phils - Peso MyFuture 2025
2014-02-27,2.3621,true,2014-02-26,-2.1621,6.7809,MyFuture 2025,PHP,N,6,A,TDF25,Sun Life Phils - Peso MyFuture 2025
2014-02-26,2.3525,true,2014-02-25,-2.6887,6.3469,MyFuture 2025,PHP,N,6,A,TDF25,Sun Life Phils - Peso MyFuture 2025
2014-02-25,2.3454,true,2014-02-24,-4.0579,6.0259,MyFuture 2025,PHP,N,6,A,TDF25,Sun Life Phils - Peso MyFuture 2025
2014-02-24,2.3433,true,2014-02-23,-3.1374,5.931,MyFuture 2025,PHP,N,6,A,TDF25,Sun Life Phils - Peso MyFuture 2025
2014-02-21,2.3434,true,2014-02-20,-3.2253,5.9355,MyFuture 2025,PHP,N,6,A,TDF25,Sun Life Phils - Peso MyFuture 2025
2014-02-20,2.3535,true,2014-02-19,-2.6957,6.3921,MyFuture 2025,PHP,N,6,A,TDF25,Sun Life Phils - Peso MyFuture 2025
2014-02-19,2.335,true,2014-02-18,-3.2365,5.5558,MyFuture 2025,PHP,N,6,A,TDF25,Sun Life Phils - Peso MyFuture 2025
2014-02-18,2.2971,true,2014-02-17,-4.0516,3.8425,MyFuture 2025,PHP,N,6,A,TDF25,Sun Life Phils - Peso MyFuture 2025
2014-02-17,2.2852,true,2014-02-16,-3.9913,3.3046,MyFuture 2025,PHP,N,6,A,TDF25,Sun Life Phils - Peso MyFuture 2025
2014-02-14,2.2676,true,2014-02-13,-4.5261,2.5089,MyFuture 2025,PHP,N,6,A,TDF25,Sun Life Phils - Peso MyFuture 2025
2014-02-13,2.2653,true,2014-02-12,-4.8873,2.405,MyFuture 2025,PHP,N,6,A,TDF25,Sun Life Phils - Peso MyFuture 2025
2014-02-12,2.2685,true,2014-02-11,-3.7956,2.5496,MyFuture 2025,PHP,N,6,A,TDF25,Sun Life Phils - Peso MyFuture 2025
2014-02-11,2.2724,true,2014-02-10,-3.7975,2.7259,MyFuture 2025,PHP,N,6,A,TDF25,Sun Life Phils - Peso MyFuture 2025
2014-02-10,2.2554,true,2014-02-09,-4.602,1.9574,MyFuture 2025,PHP,N,6,A,TDF25,Sun Life Phils - Peso MyFuture 2025
2014-02-07,2.2406,true,2014-02-06,-5.0875,1.2884,MyFuture 2025,PHP,N,6,A,TDF25,Sun Life Phils - Peso MyFuture 2025
2014-02-06,2.2141,true,2014-02-05,-5.6907,0.0904,MyFuture 2025,PHP,N,6,A,TDF25,Sun Life Phils - Peso MyFuture 2025
2014-02-05,2.2129,true,2014-02-04,-6.4075,0.0362,MyFuture 2025,PHP,N,6,A,TDF25,Sun Life Phils - Peso MyFuture 2025
2014-02-04,2.2053,true,2014-02-03,-6.6026,-0.3074,MyFuture 2025,PHP,N,6,A,TDF25,Sun Life Phils - Peso MyFuture 2025
2014-02-03,2.2459,true,2014-02-02,-3.3356,1.528,MyFuture 2025,PHP,N,6,A,TDF25,Sun Life Phils - Peso MyFuture 2025
2014-01-30,2.2559,true,2014-01-29,-2.3208,1.98,MyFuture 2025,PHP,N,6,A,TDF25,Sun Life Phils - Peso MyFuture 2025
2014-01-29,2.2651,true,2014-01-28,-1.1391,2.3959,MyFuture 2025,PHP,N,6,A,TDF25,Sun Life Phils - Peso MyFuture 2025
2014-01-28,2.2491,true,2014-01-27,-1.2253,1.6726,MyFuture 2025,PHP,N,6,A,TDF25,Sun Life Phils - Peso MyFuture 2025
2014-01-27,2.2723,true,2014-01-26,0.2647,2.7214,MyFuture 2025,PHP,N,6,A,TDF25,Sun Life Phils - Peso MyFuture 2025
2014-01-24,2.3044,true,2014-01-23,2.4861,4.1725,MyFuture 2025,PHP,N,6,A,TDF25,Sun Life Phils - Peso MyFuture 2025
2014-01-23,2.294,true,2014-01-22,2.6031,3.7024,MyFuture 2025,PHP,N,6,A,TDF25,Sun Life Phils - Peso MyFuture 2025
2014-01-22,2.278,true,2014-01-21,1.7055,2.9791,MyFuture 2025,PHP,N,6,A,TDF25,Sun Life Phils - Peso MyFuture 2025
2014-01-21,2.2459,true,2014-01-20,-0.703,1.528,MyFuture 2025,PHP,N,6,A,TDF25,Sun Life Phils - Peso MyFuture 2025
2014-01-20,2.2407,true,2014-01-19,-0.5768,1.2929,MyFuture 2025,PHP,N,6,A,TDF25,Sun Life Phils - Peso MyFuture 2025
2014-01-17,2.2375,true,2014-01-16,0.2015,1.1482,MyFuture 2025,PHP,N,6,A,TDF25,Sun Life Phils - Peso MyFuture 2025
2014-01-16,2.2348,true,2014-01-15,0.5625,1.0262,MyFuture 2025,PHP,N,6,A,TDF25,Sun Life Phils - Peso MyFuture 2025
2014-01-15,2.2273,true,2014-01-14,-0.5581,0.6871,MyFuture 2025,PHP,N,6,A,TDF25,Sun Life Phils - Peso MyFuture 2025
2014-01-14,2.2251,true,2014-01-13,-0.5275,0.5877,MyFuture 2025,PHP,N,6,A,TDF25,Sun Life Phils - Peso MyFuture 2025
2014-01-13,2.2279,true,2014-01-12,0.1709,0.7143,MyFuture 2025,PHP,N,6,A,TDF25,Sun Life Phils - Peso MyFuture 2025
2014-01-10,2.2033,true,2014-01-09,-0.6135,-0.3978,MyFuture 2025,PHP,N,6,A,TDF25,Sun Life Phils - Peso MyFuture 2025
2014-01-09,2.2241,true,2014-01-08,-0.5633,0.5425,MyFuture 2025,PHP,N,6,A,TDF25,Sun Life Phils - Peso MyFuture 2025
2014-01-08,2.2386,true,2014-01-07,0.6701,1.198,MyFuture 2025,PHP,N,6,A,TDF25,Sun Life Phils - Peso MyFuture 2025
2014-01-07,2.2266,true,2014-01-06,0.0764,0.6555,MyFuture 2025,PHP,N,6,A,TDF25,Sun Life Phils - Peso MyFuture 2025
2014-01-06,2.2383,true,2014-01-05,1.6393,1.1844,MyFuture 2025,PHP,N,6,A,TDF25,Sun Life Phils - Peso MyFuture 2025
2014-01-03,2.2283,true,2014-01-02,1.6978,0.7323,MyFuture 2025,PHP,N,6,A,TDF25,Sun Life Phils - Peso MyFuture 2025
2014-01-02,2.2383,true,2014-01-01,3.2998,1.1844,MyFuture 2025,PHP,N,6,A,TDF25,Sun Life Phils - Peso MyFuture 2025
2013-12-27,2.2121,true,2013-12-26,3.2341,2.9746,MyFuture 2025,PHP,N,6,A,TDF25,Sun Life Phils - Peso MyFuture 2025
2013-12-26,2.2116,true,2013-12-25,2.5503,2.9513,MyFuture 2025,PHP,N,6,A,TDF25,Sun Life Phils - Peso MyFuture 2025
2013-12-23,2.2048,true,2013-12-22,2.2967,2.6348,MyFuture 2025,PHP,N,6,A,TDF25,Sun Life Phils - Peso MyFuture 2025
2013-12-20,2.1998,true,2013-12-19,2.5261,2.402,MyFuture 2025,PHP,N,6,A,TDF25,Sun Life Phils - Peso MyFuture 2025
2013-12-19,2.2272,true,2013-12-18,4.6371,3.6775,MyFuture 2025,PHP,N,6,A,TDF25,Sun Life Phils - Peso MyFuture 2025
2013-12-18,2.239,true,2013-12-17,7.2832,4.2268,MyFuture 2025,PHP,N,6,A,TDF25,Sun Life Phils - Peso MyFuture 2025
2013-12-17,2.2292,true,2013-12-16,6.7829,3.7706,MyFuture 2025,PHP,N,6,A,TDF25,Sun Life Phils - Peso MyFuture 2025
2013-12-16,2.1973,true,2013-12-15,3.9551,2.2856,MyFuture 2025,PHP,N,6,A,TDF25,Sun Life Phils - Peso MyFuture 2025
2013-12-13,2.1822,true,2013-12-12,2.0149,1.5827,MyFuture 2025,PHP,N,6,A,TDF25,Sun Life Phils - Peso MyFuture 2025
2013-12-12,2.1787,true,2013-12-11,1.3632,1.4198,MyFuture 2025,PHP,N,6,A,TDF25,Sun Life Phils - Peso MyFuture 2025
2013-12-11,2.2184,true,2013-12-10,3.0185,3.2679,MyFuture 2025,PHP,N,6,A,TDF25,Sun Life Phils - Peso MyFuture 2025
2013-12-10,2.2213,true,2013-12-09,4.4482,3.4028,MyFuture 2025,PHP,N,6,A,TDF25,Sun Life Phils - Peso MyFuture 2025
2013-12-09,2.2593,true,2013-12-08,5.6834,5.1718,MyFuture 2025,PHP,N,6,A,TDF25,Sun Life Phils - Peso MyFuture 2025
2013-12-06,2.2588,true,2013-12-05,6.1366,5.1485,MyFuture 2025,PHP,N,6,A,TDF25,Sun Life Phils - Peso MyFuture 2025
2013-12-05,2.2607,true,2013-12-04,7.6063,5.2369,MyFuture 2025,PHP,N,6,A,TDF25,Sun Life Phils - Peso MyFuture 2025
2013-12-04,2.2883,true,2013-12-03,8.8267,6.5217,MyFuture 2025,PHP,N,6,A,TDF25,Sun Life Phils - Peso MyFuture 2025
2013-12-03,2.3169,true,2013-12-02,10.7875,7.8531,MyFuture 2025,PHP,N,6,A,TDF25,Sun Life Phils - Peso MyFuture 2025
2013-12-02,2.3349,true,2013-12-01,12.325,8.691,MyFuture 2025,PHP,N,6,A,TDF25,Sun Life Phils - Peso MyFuture 2025
2013-11-29,2.3273,true,2013-11-28,11.9594,8.3372,MyFuture 2025,PHP,N,6,A,TDF25,Sun Life Phils - Peso MyFuture 2025
2013-11-28,2.3138,true,2013-11-27,11.4923,7.7088,MyFuture 2025,PHP,N,6,A,TDF25,Sun Life Phils - Peso MyFuture 2025
2013-11-27,2.2756,true,2013-11-26,10.4875,5.9305,MyFuture 2025,PHP,N,6,A,TDF25,Sun Life Phils - Peso MyFuture 2025
2013-11-26,2.2649,true,2013-11-25,10.0,5.4325,MyFuture 2025,PHP,N,6,A,TDF25,Sun Life Phils - Peso MyFuture 2025
2013-11-25,2.2553,true,2013-11-24,9.7149,4.9856,MyFuture 2025,PHP,N,6,A,TDF25,Sun Life Phils - Peso MyFuture 2025
2013-11-22,2.2811,true,2013-11-21,11.6763,6.1866,MyFuture 2025,PHP,N,6,A,TDF25,Sun Life Phils - Peso MyFuture 2025
2013-11-21,2.2945,true,2013-11-20,11.6654,6.8104,MyFuture 2025,PHP,N,6,A,TDF25,Sun Life Phils - Peso MyFuture 2025
2013-11-20,2.3053,true,2013-11-19,12.8721,7.3131,MyFuture 2025,PHP,N,6,A,TDF25,Sun Life Phils - Peso MyFuture 2025
2013-11-19,2.3432,true,2013-11-18,15.7879,9.0774,MyFuture 2025,PHP,N,6,A,TDF25,Sun Life Phils - Peso MyFuture 2025
2013-11-18,2.3701,true,2013-11-17,17.2678,10.3296,MyFuture 2025,PHP,N,6,A,TDF25,Sun Life Phils - Peso MyFuture 2025
2013-11-15,2.3782,true,2013-11-14,18.3302,10.7066,MyFuture 2025,PHP,N,6,A,TDF25,Sun Life Phils - Peso MyFuture 2025
2013-11-14,2.3667,true,2013-11-13,17.0706,10.1713,MyFuture 2025,PHP,N,6,A,TDF25,Sun Life Phils - Peso MyFuture 2025
2013-11-13,2.3662,true,2013-11-12,17.0807,10.148,MyFuture 2025,PHP,N,6,A,TDF25,Sun Life Phils - Peso MyFuture 2025
2013-11-12,2.3701,true,2013-11-11,16.8977,10.3296,MyFuture 2025,PHP,N,6,A,TDF25,Sun Life Phils - Peso MyFuture 2025
2013-11-11,2.3495,true,2013-11-10,16.0419,9.3706,MyFuture 2025,PHP,N,6,A,TDF25,Sun Life Phils - Peso MyFuture 2025
2013-11-08,2.3747,true,2013-11-07,17.4954,10.5437,MyFuture 2025,PHP,N,6,A,TDF25,Sun Life Phils - Peso MyFuture 2025
2013-11-07,2.394,true,2013-11-06,18.7206,11.4421,MyFuture 2025,PHP,N,6,A,TDF25,Sun Life Phils - Peso MyFuture 2025
2013-11-06,2.4056,true,2013-11-05,18.8596,11.9821,MyFuture 2025,PHP,N,6,A,TDF25,Sun Life Phils - Peso MyFuture 2025
2013-11-05,2.4215,true,2013-11-04,19.7932,12.7223,MyFuture 2025,PHP,N,6,A,TDF25,Sun Life Phils - Peso MyFuture 2025
2013-11-04,2.4252,true,2013-11-03,20.6507,12.8945,MyFuture 2025,PHP,N,6,A,TDF25,Sun Life Phils - Peso MyFuture 2025
2013-10-31,2.4371,true,2013-10-30,21.2427,13.4485,MyFuture 2025,PHP,N,6,A,TDF25,Sun Life Phils - Peso MyFuture 2025
2013-10-30,2.4371,true,2013-10-29,21.5451,13.4485,MyFuture 2025,PHP,N,6,A,TDF25,Sun Life Phils - Peso MyFuture 2025
2013-10-29,2.4241,true,2013-10-28,21.3688,12.8433,MyFuture 2025,PHP,N,6,A,TDF25,Sun Life Phils - Peso MyFuture 2025
2013-10-25,2.4177,true,2013-10-24,20.8548,12.5454,MyFuture 2025,PHP,N,6,A,TDF25,Sun Life Phils - Peso MyFuture 2025
2013-10-24,2.4304,true,2013-10-23,21.8123,13.1366,MyFuture 2025,PHP,N,6,A,TDF25,Sun Life Phils - Peso MyFuture 2025
2013-10-23,2.4507,true,2013-10-22,22.0104,14.0816,MyFuture 2025,PHP,N,6,A,TDF25,Sun Life Phils - Peso MyFuture 2025
2013-10-22,2.4424,true,2013-10-21,21.8033,13.6952,MyFuture 2025,PHP,N,6,A,TDF25,Sun Life Phils - Peso MyFuture 2025
2013-10-21,2.4393,true,2013-10-20,21.5941,13.5509,MyFuture 2025,PHP,N,6,A,TDF25,Sun Life Phils - Peso MyFuture 2025
2013-10-18,2.4429,true,2013-10-17,21.5555,13.7185,MyFuture 2025,PHP,N,6,A,TDF25,Sun Life Phils - Peso MyFuture 2025
2013-10-17,2.4254,true,2013-10-16,20.7087,12.9038,MyFuture 2025,PHP,N,6,A,TDF25,Sun Life Phils - Peso MyFuture 2025
2013-10-16,2.4004,true,2013-10-15,20.357,11.7401,MyFuture 2025,PHP,N,6,A,TDF25,Sun Life Phils - Peso MyFuture 2025
2013-10-14,2.3878,true,2013-10-13,20.2437,11.1535,MyFuture 2025,PHP,N,6,A,TDF25,Sun Life Phils - Peso MyFuture 2025
2013-10-11,2.4004,true,2013-10-10,21.2384,11.7401,MyFuture 2025,PHP,N,6,A,TDF25,Sun Life Phils - Peso MyFuture 2025
2013-10-10,2.3336,true,2013-10-09,17.5499,8.6305,MyFuture 2025,PHP,N,6,A,TDF25,Sun Life Phils - Peso MyFuture 2025
2013-10-09,2.3054,true,2013-10-08,15.4374,7.3178,MyFuture 2025,PHP,N,6,A,TDF25,Sun Life Phils - Peso MyFuture 2025
2013-10-08,2.3271,true,2013-10-07,15.5864,8.3279,MyFuture 2025,PHP,N,6,A,TDF25,Sun Life Phils - Peso MyFuture 2025
2013-10-07,2.3203,true,2013-10-06,15.0771,8.0114,MyFuture 2025,PHP,N,6,A,TDF25,Sun Life Phils - Peso MyFuture 2025
2013-10-04,2.3029,true,2013-10-03,14.3162,7.2014,MyFuture 2025,PHP,N,6,A,TDF25,Sun Life Phils - Peso MyFuture 2025
2013-10-03,2.3017,true,2013-10-02,15.582,7.1455,MyFuture 2025,PHP,N,6,A,TDF25,Sun Life Phils - Peso MyFuture 2025
2013-10-02,2.2921,true,2013-10-01,15.6458,6.6986,MyFuture 2025,PHP,N,6,A,TDF25,Sun Life Phils - Peso MyFuture 2025
2013-10-01,2.2481,true,2013-09-30,14.1631,4.6504,MyFuture 2025,PHP,N,6,A,TDF25,Sun Life Phils - Peso MyFuture 2025
2013-09-30,2.2471,true,2013-09-29,13.2154,4.6039,MyFuture 2025,PHP,N,6,A,TDF25,Sun Life Phils - Peso MyFuture 2025
2013-09-27,2.3001,true,2013-09-26,16.8453,7.071,MyFuture 2025,PHP,N,6,A,TDF25,Sun Life Phils - Peso MyFuture 2025
2013-09-26,2.3063,true,2013-09-25,17.196,7.3596,MyFuture 2025,PHP,N,6,A,TDF25,Sun Life Phils - Peso MyFuture 2025
2013-09-25,2.3103,true,2013-09-24,16.7113,7.5459,MyFuture 2025,PHP,N,6,A,TDF25,Sun Life Phils - Peso MyFuture 2025
2013-09-24,2.3213,true,2013-09-23,17.2196,8.0579,MyFuture 2025,PHP,N,6,A,TDF25,Sun Life Phils - Peso MyFuture 2025
2013-09-23,2.3289,true,2013-09-22,18.2723,8.4117,MyFuture 2025,PHP,N,6,A,TDF25,Sun Life Phils - Peso MyFuture 2025
2013-09-20,2.3147,true,2013-09-19,17.593,7.7507,MyFuture 2025,PHP,N,6,A,TDF25,Sun Life Phils - Peso MyFuture 2025
2013-09-19,2.3385,true,2013-09-18,18.3571,8.8586,MyFuture 2025,PHP,N,6,A,TDF25,Sun Life Phils - Peso MyFuture 2025
2013-09-18,2.2724,true,2013-09-17,14.9709,5.7816,MyFuture 2025,PHP,N,6,A,TDF25,Sun Life Phils - Peso MyFuture 2025
2013-09-17,2.2758,true,2013-09-16,14.8002,5.9399,MyFuture 2025,PHP,N,6,A,TDF25,Sun Life Phils - Peso MyFuture 2025
2013-09-16,2.2414,true,2013-09-15,13.5864,4.3385,MyFuture 2025,PHP,N,6,A,TDF25,Sun Life Phils - Peso MyFuture 2025
2013-09-13,2.187,true,2013-09-12,12.4075,1.8062,MyFuture 2025,PHP,N,6,A,TDF25,Sun Life Phils - Peso MyFuture 2025
2013-09-12,2.2039,true,2013-09-11,13.9968,2.5929,MyFuture 2025,PHP,N,6,A,TDF25,Sun Life Phils - Peso MyFuture 2025
2013-09-11,2.21,true,2013-09-10,14.5909,2.8768,MyFuture 2025,PHP,N,6,A,TDF25,Sun Life Phils - Peso MyFuture 2025
2013-09-10,2.1759,true,2013-09-09,12.7001,1.2895,MyFuture 2025,PHP,N,6,A,TDF25,Sun Life Phils - Peso MyFuture 2025
2013-09-09,2.1466,true,2013-09-08,10.7065,-0.0745,MyFuture 2025,PHP,N,6,A,TDF25,Sun Life Phils - Peso MyFuture 2025
2013-09-06,2.1375,true,2013-09-05,11.0909,-0.4981,MyFuture 2025,PHP,N,6,A,TDF25,Sun Life Phils - Peso MyFuture 2025
2013-09-05,2.1333,true,2013-09-04,10.9649,-0.6936,MyFuture 2025,PHP,N,6,A,TDF25,Sun Life Phils - Peso MyFuture 2025
2013-09-04,2.1406,true,2013-09-03,10.9004,-0.3538,MyFuture 2025,PHP,N,6,A,TDF25,Sun Life Phils - Peso MyFuture 2025
2013-09-03,2.1752,true,2013-09-02,11.9103,1.2569,MyFuture 2025,PHP,N,6,A,TDF25,Sun Life Phils - Peso MyFuture 2025
2013-09-02,2.1676,true,2013-09-01,10.1031,0.9031,MyFuture 2025,PHP,N,6,A,TDF25,Sun Life Phils - Peso MyFuture 2025
2013-08-30,2.1689,true,2013-08-29,12.7228,0.9636,MyFuture 2025,PHP,N,6,A,TDF25,Sun Life Phils - Peso MyFuture 2025
2013-08-29,2.122,true,2013-08-28,9.5848,-1.2196,MyFuture 2025,PHP,N,6,A,TDF25,Sun Life Phils - Peso MyFuture 2025
2013-08-28,2.0775,true,2013-08-27,7.5923,-3.2911,MyFuture 2025,PHP,N,6,A,TDF25,Sun Life Phils - Peso MyFuture 2025
2013-08-27,2.1358,true,2013-08-26,11.4835,-0.5772,MyFuture 2025,PHP,N,6,A,TDF25,Sun Life Phils - Peso MyFuture 2025
2013-08-23,2.2081,true,2013-08-22,14.0548,2.7884,MyFuture 2025,PHP,N,6,A,TDF25,Sun Life Phils - Peso MyFuture 2025
2013-08-22,2.2032,true,2013-08-18,13.4734,2.5603,MyFuture 2025,PHP,N,6,A,TDF25,Sun Life Phils - Peso MyFuture 2025
2013-08-16,2.334,true,2013-08-15,20.0679,8.6491,MyFuture 2025,PHP,N,6,A,TDF25,Sun Life Phils - Peso MyFuture 2025
2013-08-15,2.3513,true,2013-08-14,19.952,9.4544,MyFuture 2025,PHP,N,6,A,TDF25,Sun Life Phils - Peso MyFuture 2025
2013-08-14,2.3807,true,2013-08-13,21.359,10.823,MyFuture 2025,PHP,N,6,A,TDF25,Sun Life Phils - Peso MyFuture 2025
2013-08-13,2.3499,true,2013-08-12,19.6852,9.3893,MyFuture 2025,PHP,N,6,A,TDF25,Sun Life Phils - Peso MyFuture 2025
2013-08-12,2.3126,true,2013-08-11,17.9898,7.6529,MyFuture 2025,PHP,N,6,A,TDF25,Sun Life Phils - Peso MyFuture 2025
2013-08-08,2.3026,true,2013-08-07,16.493,7.1874,MyFuture 2025,PHP,N,6,A,TDF25,Sun Life Phils - Peso MyFuture 2025
2013-08-07,2.3081,true,2013-08-06,17.3889,7.4434,MyFuture 2025,PHP,N,6,A,TDF25,Sun Life Phils - Peso MyFuture 2025
2013-08-06,2.306,true,2013-08-05,17.2821,7.3457,MyFuture 2025,PHP,N,6,A,TDF25,Sun Life Phils - Peso MyFuture 2025
2013-08-05,2.3328,true,2013-08-04,18.4644,8.5932,MyFuture 2025,PHP,N,6,A,TDF25,Sun Life Phils - Peso MyFuture 2025
2013-08-02,2.3411,true,2013-08-01,18.916,8.9796,MyFuture 2025,PHP,N,6,A,TDF25,Sun Life Phils - Peso MyFuture 2025
2013-08-01,2.3823,true,2013-07-31,20.7451,10.8975,MyFuture 2025,PHP,N,6,A,TDF25,Sun Life Phils - Peso MyFuture 2025
2013-07-31,2.379,true,2013-07-30,20.0969,10.7439,MyFuture 2025,PHP,N,6,A,TDF25,Sun Life Phils - Peso MyFuture 2025
2013-07-30,2.4113,true,2013-07-29,22.5815,12.2475,MyFuture 2025,PHP,N,6,A,TDF25,Sun Life Phils - Peso MyFuture 2025
2013-07-29,2.4124,true,2013-07-28,24.0564,12.2987,MyFuture 2025,PHP,N,6,A,TDF25,Sun Life Phils - Peso MyFuture 2025
2013-07-26,2.4258,true,2013-07-25,26.1663,12.9224,MyFuture 2025,PHP,N,6,A,TDF25,Sun Life Phils - Peso MyFuture 2025
2013-07-25,2.4385,true,2013-07-24,26.5964,13.5136,MyFuture 2025,PHP,N,6,A,TDF25,Sun Life Phils - Peso MyFuture 2025
2013-07-24,2.4388,true,2013-07-23,26.6646,13.5276,MyFuture 2025,PHP,N,6,A,TDF25,Sun Life Phils - Peso MyFuture 2025
2013-07-23,2.4167,true,2013-07-22,25.9157,12.4988,MyFuture 2025,PHP,N,6,A,TDF25,Sun Life Phils - Peso MyFuture 2025
2013-07-22,2.3821,true,2013-07-21,22.4793,10.8882,MyFuture 2025,PHP,N,6,A,TDF25,Sun Life Phils - Peso MyFuture 2025
2013-07-19,2.3793,true,2013-07-18,22.6317,10.7578,MyFuture 2025,PHP,N,6,A,TDF25,Sun Life Phils - Peso MyFuture 2025
2013-07-18,2.3891,true,2013-07-17,22.4363,11.214,MyFuture 2025,PHP,N,6,A,TDF25,Sun Life Phils - Peso MyFuture 2025
2013-07-17,2.3642,true,2013-07-16,19.5973,10.0549,MyFuture 2025,PHP,N,6,A,TDF25,Sun Life Phils - Peso MyFuture 2025
2013-07-16,2.3697,true,2013-07-15,19.6758,10.311,MyFuture 2025,PHP,N,6,A,TDF25,Sun Life Phils - Peso MyFuture 2025
2013-07-15,2.3791,true,2013-07-14,21.5812,10.7485,MyFuture 2025,PHP,N,6,A,TDF25,Sun Life Phils - Peso MyFuture 2025
2013-07-12,2.3647,true,2013-07-11,21.3476,10.0782,MyFuture 2025,PHP,N,6,A,TDF25,Sun Life Phils - Peso MyFuture 2025
2013-07-11,2.3152,true,2013-07-10,18.1405,7.774,MyFuture 2025,PHP,N,6,A,TDF25,Sun Life Phils - Peso MyFuture 2025
2013-07-10,2.2777,true,2013-07-09,16.0493,6.0283,MyFuture 2025,PHP,N,6,A,TDF25,Sun Life Phils - Peso MyFuture 2025
2013-07-09,2.2883,true,2013-07-08,16.1338,6.5217,MyFuture 2025,PHP,N,6,A,TDF25,Sun Life Phils - Peso MyFuture 2025
2013-07-08,2.2899,true,2013-07-07,14.2437,6.5962,MyFuture 2025,PHP,N,6,A,TDF25,Sun Life Phils - Peso MyFuture 2025
2013-07-05,2.3491,true,2013-07-04,17.1037,9.352,MyFuture 2025,PHP,N,6,A,TDF25,Sun Life Phils - Peso MyFuture 2025
2013-07-04,2.3386,true,2013-07-03,16.7199,8.8632,MyFuture 2025,PHP,N,6,A,TDF25,Sun Life Phils - Peso MyFuture 2025
2013-07-03,2.3432,true,2013-07-02,16.7514,9.0774,MyFuture 2025,PHP,N,6,A,TDF25,Sun Life Phils - Peso MyFuture 2025
2013-07-02,2.3842,true,2013-07-01,19.9416,10.9859,MyFuture 2025,PHP,N,6,A,TDF25,Sun Life Phils - Peso MyFuture 2025
2013-07-01,2.4034,true,2013-06-30,25.1119,11.8797,MyFuture 2025,PHP,N,6,A,TDF25,Sun Life Phils - Peso MyFuture 2025
2013-06-28,2.3792,true,2013-06-27,20.4963,10.7532,MyFuture 2025,PHP,N,6,A,TDF25,Sun Life Phils - Peso MyFuture 2025
2013-06-27,2.3408,true,2013-06-26,18.7199,8.9656,MyFuture 2025,PHP,N,6,A,TDF25,Sun Life Phils - Peso MyFuture 2025
2013-06-26,2.2761,true,2013-06-25,16.5617,5.9538,MyFuture 2025,PHP,N,6,A,TDF25,Sun Life Phils - Peso MyFuture 2025
2013-06-25,2.1708,true,2013-06-24,11.6437,1.052,MyFuture 2025,PHP,N,6,A,TDF25,Sun Life Phils - Peso MyFuture 2025
2013-06-24,2.2344,true,2013-06-23,15.5087,4.0127,MyFuture 2025,PHP,N,6,A,TDF25,Sun Life Phils - Peso MyFuture 2025
2013-06-21,2.3074,true,2013-06-20,19.19,7.4109,MyFuture 2025,PHP,N,6,A,TDF25,Sun Life Phils - Peso MyFuture 2025
2013-06-20,2.3481,true,2013-06-19,20.5514,9.3055,MyFuture 2025,PHP,N,6,A,TDF25,Sun Life Phils - Peso MyFuture 2025
2013-06-19,2.4124,true,2013-06-18,25.1634,12.2987,MyFuture 2025,PHP,N,6,A,TDF25,Sun Life Phils - Peso MyFuture 2025
2013-06-18,2.4065,true,2013-06-17,25.3712,12.024,MyFuture 2025,PHP,N,6,A,TDF25,Sun Life Phils - Peso MyFuture 2025
2013-06-17,2.3457,true,2013-06-16,24.9374,9.1937,MyFuture 2025,PHP,N,6,A,TDF25,Sun Life Phils - Peso MyFuture 2025
2013-06-14,2.3165,true,2013-06-13,21.6202,7.8345,MyFuture 2025,PHP,N,6,A,TDF25,Sun Life Phils - Peso MyFuture 2025
2013-06-13,2.2817,true,2013-06-12,18.0821,6.2145,MyFuture 2025,PHP,N,6,A,TDF25,Sun Life Phils - Peso MyFuture 2025
2013-06-11,2.4185,true,2013-06-10,25.8128,12.5826,MyFuture 2025,PHP,N,6,A,TDF25,Sun Life Phils - Peso MyFuture 2025
2013-06-10,2.5294,true,2013-06-09,33.7811,17.7451,MyFuture 2025,PHP,N,6,A,TDF25,Sun Life Phils - Peso MyFuture 2025
2013-06-07,2.4776,true,2013-06-06,29.9963,15.3338,MyFuture 2025,PHP,N,6,A,TDF25,Sun Life Phils - Peso MyFuture 2025
2013-06-06,2.445,true,2013-06-05,29.6532,13.8162,MyFuture 2025,PHP,N,6,A,TDF25,Sun Life Phils - Peso MyFuture 2025
2013-06-05,2.4303,true,2013-06-04,29.8445,13.1319,MyFuture 2025,PHP,N,6,A,TDF25,Sun Life Phils - Peso MyFuture 2025
2013-06-04,2.4757,true,2013-06-03,33.1737,15.2453,MyFuture 2025,PHP,N,6,A,TDF25,Sun Life Phils - Peso MyFuture 2025
2013-06-03,2.4968,true,2013-06-02,29.974,16.2275,MyFuture 2025,PHP,N,6,A,TDF25,Sun Life Phils - Peso MyFuture 2025
2013-05-31,2.5812,true,2013-05-30,33.3196,20.1564,MyFuture 2025,PHP,N,6,A,TDF25,Sun Life Phils - Peso MyFuture 2025
2013-05-30,2.5616,true,2013-05-29,34.1011,19.244,MyFuture 2025,PHP,N,6,A,TDF25,Sun Life Phils - Peso MyFuture 2025
2013-05-29,2.6448,true,2013-05-28,38.2396,23.117,MyFuture 2025,PHP,N,6,A,TDF25,Sun Life Phils - Peso MyFuture 2025
2013-05-28,2.6114,true,2013-05-27,38.411,21.5622,MyFuture 2025,PHP,N,6,A,TDF25,Sun Life Phils - Peso MyFuture 2025
2013-05-27,2.6092,true,2013-05-26,39.2167,21.4598,MyFuture 2025,PHP,N,6,A,TDF25,Sun Life Phils - Peso MyFuture 2025
2013-05-24,2.6628,true,2013-05-23,42.449,23.9549,MyFuture 2025,PHP,N,6,A,TDF25,Sun Life Phils - Peso MyFuture 2025
2013-05-23,2.6767,true,2013-05-22,42.7573,24.602,MyFuture 2025,PHP,N,6,A,TDF25,Sun Life Phils - Peso MyFuture 2025
2013-05-22,2.7012,true,2013-05-21,43.6426,25.7425,MyFuture 2025,PHP,N,6,A,TDF25,Sun Life Phils - Peso MyFuture 2025
2013-05-21,2.6826,true,2013-05-20,42.737,24.8766,MyFuture 2025,PHP,N,6,A,TDF25,Sun Life Phils - Peso MyFuture 2025
2013-05-20,2.6614,true,2013-05-19,43.5956,23.8898,MyFuture 2025,PHP,N,6,A,TDF25,Sun Life Phils - Peso MyFuture 2025
2013-05-17,2.6619,true,2013-05-16,40.1664,23.913,MyFuture 2025,PHP,N,6,A,TDF25,Sun Life Phils - Peso MyFuture 2025
2013-05-16,2.6717,true,2013-05-15,45.0119,24.3692,MyFuture 2025,PHP,N,6,A,TDF25,Sun Life Phils - Peso MyFuture 2025
2013-05-15,2.6951,true,2013-05-14,43.128,25.4585,MyFuture 2025,PHP,N,6,A,TDF25,Sun Life Phils - Peso MyFuture 2025
2013-05-14,2.6705,true,2013-05-13,39.868,24.3134,MyFuture 2025,PHP,N,6,A,TDF25,Sun Life Phils - Peso MyFuture 2025
2013-05-10,2.6565,true,2013-05-09,36.147,23.6617,MyFuture 2025,PHP,N,6,A,TDF25,Sun Life Phils - Peso MyFuture 2025
2013-05-09,2.6323,true,2013-05-08,34.3216,22.5351,MyFuture 2025,PHP,N,6,A,TDF25,Sun Life Phils - Peso MyFuture 2025
2013-05-08,2.6269,true,2013-05-07,33.1222,22.2838,MyFuture 2025,PHP,N,6,A,TDF25,Sun Life Phils - Peso MyFuture 2025
2013-05-07,2.6115,true,2013-05-06,32.7859,21.5669,MyFuture 2025,PHP,N,6,A,TDF25,Sun Life Phils - Peso MyFuture 2025
2013-05-06,2.629,true,2013-05-05,32.0575,22.3815,MyFuture 2025,PHP,N,6,A,TDF25,Sun Life Phils - Peso MyFuture 2025
2013-05-03,2.6388,true,2013-05-02,32.4167,22.8377,MyFuture 2025,PHP,N,6,A,TDF25,Sun Life Phils - Peso MyFuture 2025
2013-05-02,2.5907,true,2013-05-01,31.9094,20.5986,MyFuture 2025,PHP,N,6,A,TDF25,Sun Life Phils - Peso MyFuture 2025
2013-04-30,2.5924,true,2013-04-29,32.5629,20.6778,MyFuture 2025,PHP,N,6,A,TDF25,Sun Life Phils - Peso MyFuture 2025
2013-04-29,2.5734,true,2013-04-28,32.2881,19.7933,MyFuture 2025,PHP,N,6,A,TDF25,Sun Life Phils - Peso MyFuture 2025
2013-04-26,2.5638,true,2013-04-25,30.6262,19.3464,MyFuture 2025,PHP,N,6,A,TDF25,Sun Life Phils - Peso MyFuture 2025
2013-04-25,2.5567,true,2013-04-24,30.9114,19.0159,MyFuture 2025,PHP,N,6,A,TDF25,Sun Life Phils - Peso MyFuture 2025
2013-04-24,2.552,true,2013-04-23,31.8522,18.7971,MyFuture 2025,PHP,N,6,A,TDF25,Sun Life Phils - Peso MyFuture 2025
2013-04-23,2.5557,true,2013-04-22,32.5571,18.9694,MyFuture 2025,PHP,N,6,A,TDF25,Sun Life Phils - Peso MyFuture 2025
2013-04-22,2.5978,true,2013-04-21,34.7896,20.9291,MyFuture 2025,PHP,N,6,A,TDF25,Sun Life Phils - Peso MyFuture 2025
2013-04-19,2.5432,true,2013-04-18,31.6152,18.3875,MyFuture 2025,PHP,N,6,A,TDF25,Sun Life Phils - Peso MyFuture 2025
2013-04-18,2.5143,true,2013-04-17,30.0993,17.0422,MyFuture 2025,PHP,N,6,A,TDF25,Sun Life Phils - Peso MyFuture 2025
2013-04-17,2.5175,true,2013-04-16,31.1539,17.1911,MyFuture 2025,PHP,N,6,A,TDF25,Sun Life Phils - Peso MyFuture 2025
2013-04-16,2.4945,true,2013-04-15,30.7527,16.1205,MyFuture 2025,PHP,N,6,A,TDF25,Sun Life Phils - Peso MyFuture 2025
2013-04-15,2.5087,true,2013-04-14,32.4901,16.7815,MyFuture 2025,PHP,N,6,A,TDF25,Sun Life Phils - Peso MyFuture 2025
2013-04-12,2.5178,true,2013-04-11,34.4261,17.2051,MyFuture 2025,PHP,N,6,A,TDF25,Sun Life Phils - Peso MyFuture 2025
2013-04-11,2.4954,true,2013-04-10,33.9812,16.1624,MyFuture 2025,PHP,N,6,A,TDF25,Sun Life Phils - Peso MyFuture 2025
2013-04-10,2.4886,true,2013-04-09,33.4155,15.8458,MyFuture 2025,PHP,N,6,A,TDF25,Sun Life Phils - Peso MyFuture 2025
2013-04-08,2.4641,true,2013-04-07,31.8264,14.7053,MyFuture 2025,PHP,N,6,A,TDF25,Sun Life Phils - Peso MyFuture 2025
2013-04-05,2.4637,true,2013-04-04,31.8051,14.6867,MyFuture 2025,PHP,N,6,A,TDF25,Sun Life Phils - Peso MyFuture 2025
2013-04-04,2.4823,true,2013-04-03,32.8001,15.5526,MyFuture 2025,PHP,N,6,A,TDF25,Sun Life Phils - Peso MyFuture 2025
2013-04-03,2.4936,true,2013-04-02,32.9424,16.0786,MyFuture 2025,PHP,N,6,A,TDF25,Sun Life Phils - Peso MyFuture 2025
2013-04-02,2.4681,true,2013-04-01,30.6495,14.8915,MyFuture 2025,PHP,N,6,A,TDF25,Sun Life Phils - Peso MyFuture 2025
2013-04-01,2.4989,true,2013-03-31,37.8399,16.3253,MyFuture 2025,PHP,N,6,A,TDF25,Sun Life Phils - Peso MyFuture 2025
2013-03-27,2.495,true,2013-03-26,32.7834,16.1437,MyFuture 2025,PHP,N,6,A,TDF25,Sun Life Phils - Peso MyFuture 2025
2013-03-26,2.4385,true,2013-03-25,31.0528,13.5136,MyFuture 2025,PHP,N,6,A,TDF25,Sun Life Phils - Peso MyFuture 2025
2013-03-25,2.4172,true,2013-03-24,29.6572,12.5221,MyFuture 2025,PHP,N,6,A,TDF25,Sun Life Phils - Peso MyFuture 2025
2013-03-22,2.3918,true,2013-03-21,28.2948,11.3397,MyFuture 2025,PHP,N,6,A,TDF25,Sun Life Phils - Peso MyFuture 2025
2013-03-21,2.3726,true,2013-03-20,27.2649,10.446,MyFuture 2025,PHP,N,6,A,TDF25,Sun Life Phils - Peso MyFuture 2025
2013-03-20,2.3572,true,2013-03-19,25.2564,9.7291,MyFuture 2025,PHP,N,6,A,TDF25,Sun Life Phils - Peso MyFuture 2025
2013-03-19,2.3557,true,2013-03-18,24.7789,9.6592,MyFuture 2025,PHP,N,6,A,TDF25,Sun Life Phils - Peso MyFuture 2025
2013-03-18,2.3826,true,2013-03-17,25.5718,10.9115,MyFuture 2025,PHP,N,6,A,TDF25,Sun Life Phils - Peso MyFuture 2025
2013-03-15,2.4281,true,2013-03-14,30.9796,13.0295,MyFuture 2025,PHP,N,6,A,TDF25,Sun Life Phils - Peso MyFuture 2025
2013-03-14,2.4389,true,2013-03-13,31.5054,13.5323,MyFuture 2025,PHP,N,6,A,TDF25,Sun Life Phils - Peso MyFuture 2025
2013-03-13,2.4449,true,2013-03-12,33.0775,13.8116,MyFuture 2025,PHP,N,6,A,TDF25,Sun Life Phils - Peso MyFuture 2025
2013-03-12,2.4485,true,2013-03-11,34.4074,13.9791,MyFuture 2025,PHP,N,6,A,TDF25,Sun Life Phils - Peso MyFuture 2025
2013-03-11,2.4618,true,2013-03-10,35.0856,14.5983,MyFuture 2025,PHP,N,6,A,TDF25,Sun Life Phils - Peso MyFuture 2025
2013-03-08,2.4696,true,2013-03-07,36.0661,14.9614,MyFuture 2025,PHP,N,6,A,TDF25,Sun Life Phils - Peso MyFuture 2025
2013-03-07,2.438,true,2013-03-06,35.0543,13.4904,MyFuture 2025,PHP,N,6,A,TDF25,Sun Life Phils - Peso MyFuture 2025
2013-03-06,2.4759,true,2013-03-05,36.0833,15.2546,MyFuture 2025,PHP,N,6,A,TDF25,Sun Life Phils - Peso MyFuture 2025
2013-03-05,2.4372,true,2013-03-04,32.3343,13.4531,MyFuture 2025,PHP,N,6,A,TDF25,Sun Life Phils - Peso MyFuture 2025
2013-03-04,2.4133,true,2013-03-03,31.2646,12.3406,MyFuture 2025,PHP,N,6,A,TDF25,Sun Life Phils - Peso MyFuture 2025
2013-03-01,2.4211,true,2013-02-28,33.5485,12.7037,MyFuture 2025,PHP,N,6,A,TDF25,Sun Life Phils - Peso MyFuture 2025
2013-02-28,2.4466,true,2013-02-27,38.1401,13.8907,MyFuture 2025,PHP,N,6,A,TDF25,Sun Life Phils - Peso MyFuture 2025
2013-02-27,2.4143,true,2013-02-26,36.7023,12.3871,MyFuture 2025,PHP,N,6,A,TDF25,Sun Life Phils - Peso MyFuture 2025
2013-02-26,2.4175,true,2013-02-25,34.3056,12.5361,MyFuture 2025,PHP,N,6,A,TDF25,Sun Life Phils - Peso MyFuture 2025
2013-02-25,2.4446,true,2013-02-24,35.8111,13.7976,MyFuture 2025,PHP,N,6,A,TDF25,Sun Life Phils - Peso MyFuture 2025
2013-02-22,2.4192,true,2013-02-21,33.6944,12.6152,MyFuture 2025,PHP,N,6,A,TDF25,Sun Life Phils - Peso MyFuture 2025
2013-02-21,2.4215,true,2013-02-20,34.8349,12.7223,MyFuture 2025,PHP,N,6,A,TDF25,Sun Life Phils - Peso MyFuture 2025
2013-02-20,2.4187,true,2013-02-19,33.6889,12.5919,MyFuture 2025,PHP,N,6,A,TDF25,Sun Life Phils - Peso MyFuture 2025
2013-02-19,2.4131,true,2013-02-18,35.1877,12.3313,MyFuture 2025,PHP,N,6,A,TDF25,Sun Life Phils - Peso MyFuture 2025
2013-02-18,2.3941,true,2013-02-17,34.1232,11.4468,MyFuture 2025,PHP,N,6,A,TDF25,Sun Life Phils - Peso MyFuture 2025
2013-02-15,2.3802,true,2013-02-14,35.7167,10.7997,MyFuture 2025,PHP,N,6,A,TDF25,Sun Life Phils - Peso MyFuture 2025
2013-02-14,2.3751,true,2013-02-13,35.2871,10.5623,MyFuture 2025,PHP,N,6,A,TDF25,Sun Life Phils - Peso MyFuture 2025
2013-02-13,2.3817,true,2013-02-12,34.9864,10.8696,MyFuture 2025,PHP,N,6,A,TDF25,Sun Life Phils - Peso MyFuture 2025
2013-02-12,2.358,true,2013-02-11,34.1068,9.7663,MyFuture 2025,PHP,N,6,A,TDF25,Sun Life Phils - Peso MyFuture 2025
2013-02-11,2.3621,true,2013-02-10,34.34,9.9572,MyFuture 2025,PHP,N,6,A,TDF25,Sun Life Phils - Peso MyFuture 2025
2013-02-08,2.3642,true,2013-02-07,33.6688,10.0549,MyFuture 2025,PHP,N,6,A,TDF25,Sun Life Phils - Peso MyFuture 2025
2013-02-07,2.3607,true,2013-02-06,34.5512,9.892,MyFuture 2025,PHP,N,6,A,TDF25,Sun Life Phils - Peso MyFuture 2025
2013-02-06,2.3477,true,2013-02-05,32.2946,9.2868,MyFuture 2025,PHP,N,6,A,TDF25,Sun Life Phils - Peso MyFuture 2025
2013-02-05,2.3644,true,2013-02-04,34.6546,10.0642,MyFuture 2025,PHP,N,6,A,TDF25,Sun Life Phils - Peso MyFuture 2025
2013-02-04,2.3612,true,2013-02-03,34.4724,9.9153,MyFuture 2025,PHP,N,6,A,TDF25,Sun Life Phils - Peso MyFuture 2025
2013-02-01,2.3234,true,2013-01-31,33.3525,8.1557,MyFuture 2025,PHP,N,6,A,TDF25,Sun Life Phils - Peso MyFuture 2025
2013-01-31,2.297,true,2013-01-30,32.9359,6.9267,MyFuture 2025,PHP,N,6,A,TDF25,Sun Life Phils - Peso MyFuture 2025
2013-01-30,2.3095,true,2013-01-29,34.6412,7.5086,MyFuture 2025,PHP,N,6,A,TDF25,Sun Life Phils - Peso MyFuture 2025
2013-01-29,2.2912,true,2013-01-28,32.4317,6.6567,MyFuture 2025,PHP,N,6,A,TDF25,Sun Life Phils - Peso MyFuture 2025
2013-01-28,2.277,true,2013-01-27,31.6109,5.9957,MyFuture 2025,PHP,N,6,A,TDF25,Sun Life Phils - Peso MyFuture 2025
2013-01-25,2.2663,true,2013-01-24,31.258,5.4976,MyFuture 2025,PHP,N,6,A,TDF25,Sun Life Phils - Peso MyFuture 2025
2013-01-24,2.2485,true,2013-01-23,29.2761,4.669,MyFuture 2025,PHP,N,6,A,TDF25,Sun Life Phils - Peso MyFuture 2025
2013-01-23,2.2358,true,2013-01-22,27.8989,4.0778,MyFuture 2025,PHP,N,6,A,TDF25,Sun Life Phils - Peso MyFuture 2025
2013-01-22,2.2398,true,2013-01-21,28.1277,4.264,MyFuture 2025,PHP,N,6,A,TDF25,Sun Life Phils - Peso MyFuture 2025
2013-01-21,2.2618,true,2013-01-20,29.3862,5.2881,MyFuture 2025,PHP,N,6,A,TDF25,Sun Life Phils - Peso MyFuture 2025
2013-01-18,2.2537,true,2013-01-17,30.8161,4.9111,MyFuture 2025,PHP,N,6,A,TDF25,Sun Life Phils - Peso MyFuture 2025
2013-01-17,2.233,true,2013-01-16,29.9767,3.9475,MyFuture 2025,PHP,N,6,A,TDF25,Sun Life Phils - Peso MyFuture 2025
2013-01-16,2.2223,true,2013-01-15,30.6697,3.4494,MyFuture 2025,PHP,N,6,A,TDF25,Sun Life Phils - Peso MyFuture 2025
2013-01-15,2.2398,true,2013-01-14,31.0438,4.264,MyFuture 2025,PHP,N,6,A,TDF25,Sun Life Phils - Peso MyFuture 2025
2013-01-14,2.2369,true,2013-01-13,30.8741,4.129,MyFuture 2025,PHP,N,6,A,TDF25,Sun Life Phils - Peso MyFuture 2025
2013-01-11,2.2241,true,2013-01-10,29.5416,3.5332,MyFuture 2025,PHP,N,6,A,TDF25,Sun Life Phils - Peso MyFuture 2025
2013-01-10,2.2169,true,2013-01-09,30.7983,3.198,MyFuture 2025,PHP,N,6,A,TDF25,Sun Life Phils - Peso MyFuture 2025
2013-01-09,2.2367,true,2013-01-08,32.6788,4.1197,MyFuture 2025,PHP,N,6,A,TDF25,Sun Life Phils - Peso MyFuture 2025
2013-01-08,2.2237,true,2013-01-07,33.1716,3.5146,MyFuture 2025,PHP,N,6,A,TDF25,Sun Life Phils - Peso MyFuture 2025
2013-01-07,2.2249,true,2013-01-06,33.2435,3.5704,MyFuture 2025,PHP,N,6,A,TDF25,Sun Life Phils - Peso MyFuture 2025
2013-01-04,2.2022,true,2013-01-03,32.0977,2.5137,MyFuture 2025,PHP,N,6,A,TDF25,Sun Life Phils - Peso MyFuture 2025
2013-01-03,2.1911,true,2013-01-02,32.802,1.997,MyFuture 2025,PHP,N,6,A,TDF25,Sun Life Phils - Peso MyFuture 2025
2013-01-02,2.1668,true,2013-01-01,31.8727,0.8658,MyFuture 2025,PHP,N,6,A,TDF25,Sun Life Phils - Peso MyFuture 2025
2012-12-28,2.1482,true,2012-12-27,31.8238,31.1477,MyFuture 2025,PHP,N,6,A,TDF25,Sun Life Phils - Peso MyFuture 2025
2012-12-27,2.1428,true,2012-12-26,30.93,30.8181,MyFuture 2025,PHP,N,6,A,TDF25,Sun Life Phils - Peso MyFuture 2025
2012-12-26,2.1566,true,2012-12-25,31.1402,31.6606,MyFuture 2025,PHP,N,6,A,TDF25,Sun Life Phils - Peso MyFuture 2025
2012-12-21,2.1553,true,2012-12-20,31.7179,31.5812,MyFuture 2025,PHP,N,6,A,TDF25,Sun Life Phils - Peso MyFuture 2025
2012-12-20,2.1456,true,2012-12-19,31.8665,30.989,MyFuture 2025,PHP,N,6,A,TDF25,Sun Life Phils - Peso MyFuture 2025
2012-12-19,2.1285,true,2012-12-18,31.2269,29.9451,MyFuture 2025,PHP,N,6,A,TDF25,Sun Life Phils - Peso MyFuture 2025
2012-12-18,2.087,true,2012-12-17,28.9067,27.4115,MyFuture 2025,PHP,N,6,A,TDF25,Sun Life Phils - Peso MyFuture 2025
2012-12-17,2.0876,true,2012-12-16,28.9438,27.4481,MyFuture 2025,PHP,N,6,A,TDF25,Sun Life Phils - Peso MyFuture 2025
2012-12-14,2.1137,true,2012-12-13,30.9279,29.0415,MyFuture 2025,PHP,N,6,A,TDF25,Sun Life Phils - Peso MyFuture 2025
2012-12-13,2.1391,true,2012-12-12,32.5751,30.5922,MyFuture 2025,PHP,N,6,A,TDF25,Sun Life Phils - Peso MyFuture 2025
2012-12-12,2.1494,true,2012-12-11,33.354,31.221,MyFuture 2025,PHP,N,6,A,TDF25,Sun Life Phils - Peso MyFuture 2025
2012-12-11,2.1534,true,2012-12-10,33.2797,31.4652,MyFuture 2025,PHP,N,6,A,TDF25,Sun Life Phils - Peso MyFuture 2025
2012-12-10,2.1267,true,2012-12-09,31.6272,29.8352,MyFuture 2025,PHP,N,6,A,TDF25,Sun Life Phils - Peso MyFuture 2025
2012-12-07,2.1378,true,2012-12-06,31.6704,30.5128,MyFuture 2025,PHP,N,6,A,TDF25,Sun Life Phils - Peso MyFuture 2025
2012-12-06,2.1282,true,2012-12-05,31.6222,29.9267,MyFuture 2025,PHP,N,6,A,TDF25,Sun Life Phils - Peso MyFuture 2025
2012-12-05,2.1009,true,2012-12-04,29.5572,28.2601,MyFuture 2025,PHP,N,6,A,TDF25,Sun Life Phils - Peso MyFuture 2025
2012-12-04,2.1027,true,2012-12-03,29.6442,28.37,MyFuture 2025,PHP,N,6,A,TDF25,Sun Life Phils - Peso MyFuture 2025
2012-12-03,2.0913,true,2012-12-02,28.9414,27.674,MyFuture 2025,PHP,N,6,A,TDF25,Sun Life Phils - Peso MyFuture 2025
2012-11-29,2.0787,true,2012-11-28,29.9269,26.9048,MyFuture 2025,PHP,N,6,A,TDF25,Sun Life Phils - Peso MyFuture 2025
2012-11-28,2.0753,true,2012-11-27,29.2297,26.6972,MyFuture 2025,PHP,N,6,A,TDF25,Sun Life Phils - Peso MyFuture 2025
2012-11-27,2.0596,true,2012-11-26,27.7034,25.7387,MyFuture 2025,PHP,N,6,A,TDF25,Sun Life Phils - Peso MyFuture 2025
2012-11-26,2.059,true,2012-11-25,27.6662,25.7021,MyFuture 2025,PHP,N,6,A,TDF25,Sun Life Phils - Peso MyFuture 2025
2012-11-23,2.0556,true,2012-11-22,26.8576,25.4945,MyFuture 2025,PHP,N,6,A,TDF25,Sun Life Phils - Peso MyFuture 2025
2012-11-22,2.0426,true,2012-11-21,25.5748,24.7009,MyFuture 2025,PHP,N,6,A,TDF25,Sun Life Phils - Peso MyFuture 2025
2012-11-21,2.0548,true,2012-11-20,26.131,25.4457,MyFuture 2025,PHP,N,6,A,TDF25,Sun Life Phils - Peso MyFuture 2025
2012-11-20,2.0424,true,2012-11-19,25.3544,24.6886,MyFuture 2025,PHP,N,6,A,TDF25,Sun Life Phils - Peso MyFuture 2025
2012-11-19,2.0237,true,2012-11-18,24.2067,23.547,MyFuture 2025,PHP,N,6,A,TDF25,Sun Life Phils - Peso MyFuture 2025
2012-11-16,2.0211,true,2012-11-15,23.4938,23.3883,MyFuture 2025,PHP,N,6,A,TDF25,Sun Life Phils - Peso MyFuture 2025
2012-11-15,2.0098,true,2012-11-14,22.1466,22.6984,MyFuture 2025,PHP,N,6,A,TDF25,Sun Life Phils - Peso MyFuture 2025
2012-11-14,2.0216,true,2012-11-13,23.0282,23.4188,MyFuture 2025,PHP,N,6,A,TDF25,Sun Life Phils - Peso MyFuture 2025
2012-11-13,2.021,true,2012-11-12,23.8889,23.3822,MyFuture 2025,PHP,N,6,A,TDF25,Sun Life Phils - Peso MyFuture 2025
2012-11-12,2.0275,true,2012-11-11,24.2874,23.779,MyFuture 2025,PHP,N,6,A,TDF25,Sun Life Phils - Peso MyFuture 2025
2012-11-09,2.0247,true,2012-11-08,23.5553,23.6081,MyFuture 2025,PHP,N,6,A,TDF25,Sun Life Phils - Peso MyFuture 2025
2012-11-08,2.0211,true,2012-11-07,23.8343,23.3883,MyFuture 2025,PHP,N,6,A,TDF25,Sun Life Phils - Peso MyFuture 2025
2012-11-07,2.0165,true,2012-11-06,24.4369,23.1074,MyFuture 2025,PHP,N,6,A,TDF25,Sun Life Phils - Peso MyFuture 2025
2012-11-06,2.0239,true,2012-11-05,24.8936,23.5592,MyFuture 2025,PHP,N,6,A,TDF25,Sun Life Phils - Peso MyFuture 2025
2012-11-05,2.0214,true,2012-11-04,24.7393,23.4066,MyFuture 2025,PHP,N,6,A,TDF25,Sun Life Phils - Peso MyFuture 2025
2012-10-31,2.0101,true,2012-10-30,22.582,22.7167,MyFuture 2025,PHP,N,6,A,TDF25,Sun Life Phils - Peso MyFuture 2025
2012-10-30,2.0051,true,2012-10-29,22.2771,22.4115,MyFuture 2025,PHP,N,6,A,TDF25,Sun Life Phils - Peso MyFuture 2025
2012-10-29,1.9973,true,2012-10-28,21.8014,21.9353,MyFuture 2025,PHP,N,6,A,TDF25,Sun Life Phils - Peso MyFuture 2025
2012-10-25,2.0005,true,2012-10-24,23.9314,22.1306,MyFuture 2025,PHP,N,6,A,TDF25,Sun Life Phils - Peso MyFuture 2025
2012-10-24,1.9952,true,2012-10-23,24.4123,21.8071,MyFuture 2025,PHP,N,6,A,TDF25,Sun Life Phils - Peso MyFuture 2025
2012-10-23,2.0086,true,2012-10-22,26.2635,22.6252,MyFuture 2025,PHP,N,6,A,TDF25,Sun Life Phils - Peso MyFuture 2025
2012-10-22,2.0052,true,2012-10-21,26.0498,22.4176,MyFuture 2025,PHP,N,6,A,TDF25,Sun Life Phils - Peso MyFuture 2025
2012-10-19,2.0061,true,2012-10-18,25.3186,22.4725,MyFuture 2025,PHP,N,6,A,TDF25,Sun Life Phils - Peso MyFuture 2025
2012-10-18,2.0097,true,2012-10-17,26.3009,22.6923,MyFuture 2025,PHP,N,6,A,TDF25,Sun Life Phils - Peso MyFuture 2025
2012-10-18,2.0097,true,2012-10-17,26.3009,22.6923,MyFuture 2025,PHP,N,6,A,TDF25,Sun Life Phils - Peso MyFuture 2025
2012-10-17,2.0093,true,2012-10-16,24.9254,22.6679,MyFuture 2025,PHP,N,6,A,TDF25,Sun Life Phils - Peso MyFuture 2025
2012-10-16,1.9944,true,2012-10-15,25.3394,21.7582,MyFuture 2025,PHP,N,6,A,TDF25,Sun Life Phils - Peso MyFuture 2025
2012-10-15,1.9906,true,2012-10-14,25.1006,21.5263,MyFuture 2025,PHP,N,6,A,TDF25,Sun Life Phils - Peso MyFuture 2025
2012-10-12,1.9858,true,2012-10-11,25.5961,21.2332,MyFuture 2025,PHP,N,6,A,TDF25,Sun Life Phils - Peso MyFuture 2025
2012-10-11,1.9799,true,2012-10-10,25.3895,20.873,MyFuture 2025,PHP,N,6,A,TDF25,Sun Life Phils - Peso MyFuture 2025
2012-10-10,1.9852,true,2012-10-09,27.5835,21.1966,MyFuture 2025,PHP,N,6,A,TDF25,Sun Life Phils - Peso MyFuture 2025
2012-10-09,1.9971,true,2012-10-08,29.5052,21.9231,MyFuture 2025,PHP,N,6,A,TDF25,Sun Life Phils - Peso MyFuture 2025
2012-10-08,2.0133,true,2012-10-07,30.5557,22.9121,MyFuture 2025,PHP,N,6,A,TDF25,Sun Life Phils - Peso MyFuture 2025
2012-10-05,2.0163,true,2012-10-04,35.5587,23.0952,MyFuture 2025,PHP,N,6,A,TDF25,Sun Life Phils - Peso MyFuture 2025
2012-10-04,2.0145,true,2012-10-03,35.2286,22.9853,MyFuture 2025,PHP,N,6,A,TDF25,Sun Life Phils - Peso MyFuture 2025
2012-10-03,1.9914,true,2012-10-02,32.495,21.5751,MyFuture 2025,PHP,N,6,A,TDF25,Sun Life Phils - Peso MyFuture 2025
2012-10-02,1.982,true,2012-10-01,18.3849,21.0012,MyFuture 2025,PHP,N,6,A,TDF25,Sun Life Phils - Peso MyFuture 2025
2012-10-01,1.9692,true,2012-09-30,18.178,20.2198,MyFuture 2025,PHP,N,6,A,TDF25,Sun Life Phils - Peso MyFuture 2025
2012-09-28,1.9848,true,2012-09-27,31.9418,21.1722,MyFuture 2025,PHP,N,6,A,TDF25,Sun Life Phils - Peso MyFuture 2025
2012-09-27,1.9685,true,2012-09-26,35.3386,20.177,MyFuture 2025,PHP,N,6,A,TDF25,Sun Life Phils - Peso MyFuture 2025
2012-09-26,1.9679,true,2012-09-25,35.2974,20.1404,MyFuture 2025,PHP,N,6,A,TDF25,Sun Life Phils - Peso MyFuture 2025
2012-09-25,1.9795,true,2012-09-24,31.2666,20.8486,MyFuture 2025,PHP,N,6,A,TDF25,Sun Life Phils - Peso MyFuture 2025
2012-09-24,1.9803,true,2012-09-23,31.3196,20.8974,MyFuture 2025,PHP,N,6,A,TDF25,Sun Life Phils - Peso MyFuture 2025
2012-09-21,1.9691,true,2012-09-20,22.3575,20.2137,MyFuture 2025,PHP,N,6,A,TDF25,Sun Life Phils - Peso MyFuture 2025
2012-09-20,1.9684,true,2012-09-19,21.9805,20.1709,MyFuture 2025,PHP,N,6,A,TDF25,Sun Life Phils - Peso MyFuture 2025
2012-09-19,1.9758,true,2012-09-18,20.3435,20.6227,MyFuture 2025,PHP,N,6,A,TDF25,Sun Life Phils - Peso MyFuture 2025
2012-09-18,1.9765,true,2012-09-17,20.6949,20.6654,MyFuture 2025,PHP,N,6,A,TDF25,Sun Life Phils - Peso MyFuture 2025
2012-09-17,1.9824,true,2012-09-16,21.0552,21.0256,MyFuture 2025,PHP,N,6,A,TDF25,Sun Life Phils - Peso MyFuture 2025
2012-09-14,1.9733,true,2012-09-13,21.1357,20.4701,MyFuture 2025,PHP,N,6,A,TDF25,Sun Life Phils - Peso MyFuture 2025
2012-09-13,1.9456,true,2012-09-12,18.5041,18.779,MyFuture 2025,PHP,N,6,A,TDF25,Sun Life Phils - Peso MyFuture 2025
2012-09-12,1.9333,true,2012-09-11,17.5544,18.0281,MyFuture 2025,PHP,N,6,A,TDF25,Sun Life Phils - Peso MyFuture 2025
2012-09-11,1.9286,true,2012-09-10,16.2788,17.7411,MyFuture 2025,PHP,N,6,A,TDF25,Sun Life Phils - Peso MyFuture 2025
2012-09-10,1.9307,true,2012-09-09,16.4054,17.8694,MyFuture 2025,PHP,N,6,A,TDF25,Sun Life Phils - Peso MyFuture 2025
2012-09-07,1.939,true,2012-09-06,17.5722,18.3761,MyFuture 2025,PHP,N,6,A,TDF25,Sun Life Phils - Peso MyFuture 2025
2012-09-06,1.9241,true,2012-09-05,17.2302,17.4664,MyFuture 2025,PHP,N,6,A,TDF25,Sun Life Phils - Peso MyFuture 2025
2012-09-05,1.9225,true,2012-09-04,15.2993,17.3687,MyFuture 2025,PHP,N,6,A,TDF25,Sun Life Phils - Peso MyFuture 2025
2012-09-04,1.9302,true,2012-09-03,15.2909,17.8388,MyFuture 2025,PHP,N,6,A,TDF25,Sun Life Phils - Peso MyFuture 2025
2012-09-03,1.9437,true,2012-09-02,16.0972,18.663,MyFuture 2025,PHP,N,6,A,TDF25,Sun Life Phils - Peso MyFuture 2025
2012-08-31,1.9361,true,2012-08-30,17.0344,18.199,MyFuture 2025,PHP,N,6,A,TDF25,Sun Life Phils - Peso MyFuture 2025
2012-08-30,1.9241,true,2012-08-29,17.1874,17.4664,MyFuture 2025,PHP,N,6,A,TDF25,Sun Life Phils - Peso MyFuture 2025
2012-08-29,1.9364,true,2012-08-28,17.9365,18.2173,MyFuture 2025,PHP,N,6,A,TDF25,Sun Life Phils - Peso MyFuture 2025
2012-08-28,1.9309,true,2012-08-27,17.6016,17.8816,MyFuture 2025,PHP,N,6,A,TDF25,Sun Life Phils - Peso MyFuture 2025
2012-08-24,1.9158,true,2012-08-23,15.9755,16.9597,MyFuture 2025,PHP,N,6,A,TDF25,Sun Life Phils - Peso MyFuture 2025
2012-08-23,1.936,true,2012-08-22,17.4615,18.1929,MyFuture 2025,PHP,N,6,A,TDF25,Sun Life Phils - Peso MyFuture 2025
2012-08-22,1.9208,true,2012-08-21,18.0215,17.265,MyFuture 2025,PHP,N,6,A,TDF25,Sun Life Phils - Peso MyFuture 2025
2012-08-17,1.9416,true,2012-08-16,17.5587,18.5348,MyFuture 2025,PHP,N,6,A,TDF25,Sun Life Phils - Peso MyFuture 2025
2012-08-16,1.9439,true,2012-08-15,16.8912,18.6752,MyFuture 2025,PHP,N,6,A,TDF25,Sun Life Phils - Peso MyFuture 2025
2012-08-15,1.9602,true,2012-08-14,18.872,19.6703,MyFuture 2025,PHP,N,6,A,TDF25,Sun Life Phils - Peso MyFuture 2025
2012-08-14,1.9617,true,2012-08-13,19.3611,19.7619,MyFuture 2025,PHP,N,6,A,TDF25,Sun Life Phils - Peso MyFuture 2025
2012-08-13,1.9634,true,2012-08-12,19.4646,19.8657,MyFuture 2025,PHP,N,6,A,TDF25,Sun Life Phils - Peso MyFuture 2025
2012-08-10,1.96,true,2012-08-09,19.9584,19.6581,MyFuture 2025,PHP,N,6,A,TDF25,Sun Life Phils - Peso MyFuture 2025
2012-08-09,1.9584,true,2012-08-08,23.0615,19.5604,MyFuture 2025,PHP,N,6,A,TDF25,Sun Life Phils - Peso MyFuture 2025
2012-08-08,1.9766,true,2012-08-07,19.8303,20.6716,MyFuture 2025,PHP,N,6,A,TDF25,Sun Life Phils - Peso MyFuture 2025
2012-08-06,1.9662,true,2012-08-05,16.8063,20.0366,MyFuture 2025,PHP,N,6,A,TDF25,Sun Life Phils - Peso MyFuture 2025
2012-08-03,1.9692,true,2012-08-02,15.367,20.2198,MyFuture 2025,PHP,N,6,A,TDF25,Sun Life Phils - Peso MyFuture 2025
2012-08-02,1.9687,true,2012-08-01,14.1209,20.1893,MyFuture 2025,PHP,N,6,A,TDF25,Sun Life Phils - Peso MyFuture 2025
2012-08-01,1.973,true,2012-07-31,14.0199,20.4518,MyFuture 2025,PHP,N,6,A,TDF25,Sun Life Phils - Peso MyFuture 2025
2012-07-31,1.9809,true,2012-07-30,15.4102,20.9341,MyFuture 2025,PHP,N,6,A,TDF25,Sun Life Phils - Peso MyFuture 2025
2012-07-30,1.9671,true,2012-07-29,14.6062,20.0916,MyFuture 2025,PHP,N,6,A,TDF25,Sun Life Phils - Peso MyFuture 2025
2012-07-27,1.9446,true,2012-07-26,13.4605,18.7179,MyFuture 2025,PHP,N,6,A,TDF25,Sun Life Phils - Peso MyFuture 2025
2012-07-26,1.9227,true,2012-07-25,12.7882,17.381,MyFuture 2025,PHP,N,6,A,TDF25,Sun Life Phils - Peso MyFuture 2025
2012-07-25,1.9262,true,2012-07-24,12.7884,17.5946,MyFuture 2025,PHP,N,6,A,TDF25,Sun Life Phils - Peso MyFuture 2025
2012-07-24,1.9254,true,2012-07-23,12.7613,17.5458,MyFuture 2025,PHP,N,6,A,TDF25,Sun Life Phils - Peso MyFuture 2025
2012-07-23,1.9193,true,2012-07-22,12.4041,17.1734,MyFuture 2025,PHP,N,6,A,TDF25,Sun Life Phils - Peso MyFuture 2025
2012-07-20,1.9449,true,2012-07-19,13.1414,18.7363,MyFuture 2025,PHP,N,6,A,TDF25,Sun Life Phils - Peso MyFuture 2025
2012-07-19,1.9402,true,2012-07-18,13.3096,18.4493,MyFuture 2025,PHP,N,6,A,TDF25,Sun Life Phils - Peso MyFuture 2025
2012-07-18,1.9513,true,2012-07-17,14.0644,19.127,MyFuture 2025,PHP,N,6,A,TDF25,Sun Life Phils - Peso MyFuture 2025
2012-07-17,1.9768,true,2012-07-16,16.0503,20.6838,MyFuture 2025,PHP,N,6,A,TDF25,Sun Life Phils - Peso MyFuture 2025
2012-07-16,1.9801,true,2012-07-15,16.244,20.8852,MyFuture 2025,PHP,N,6,A,TDF25,Sun Life Phils - Peso MyFuture 2025
2012-07-13,1.9568,true,2012-07-12,16.4069,19.4628,MyFuture 2025,PHP,N,6,A,TDF25,Sun Life Phils - Peso MyFuture 2025
2012-07-12,1.9487,true,2012-07-11,16.9056,18.9683,MyFuture 2025,PHP,N,6,A,TDF25,Sun Life Phils - Peso MyFuture 2025
2012-07-11,1.9597,true,2012-07-10,16.6974,19.6398,MyFuture 2025,PHP,N,6,A,TDF25,Sun Life Phils - Peso MyFuture 2025
2012-07-10,1.9627,true,2012-07-09,16.6261,19.823,MyFuture 2025,PHP,N,6,A,TDF25,Sun Life Phils - Peso MyFuture 2025
2012-07-09,1.9704,true,2012-07-08,17.0836,20.293,MyFuture 2025,PHP,N,6,A,TDF25,Sun Life Phils - Peso MyFuture 2025
2012-07-06,2.0044,true,2012-07-05,19.0261,22.3687,MyFuture 2025,PHP,N,6,A,TDF25,Sun Life Phils - Peso MyFuture 2025
2012-07-05,2.006,true,2012-07-04,18.1877,22.4664,MyFuture 2025,PHP,N,6,A,TDF25,Sun Life Phils - Peso MyFuture 2025
2012-07-04,2.0036,true,2012-07-03,18.5071,22.3199,MyFuture 2025,PHP,N,6,A,TDF25,Sun Life Phils - Peso MyFuture 2025
2012-07-03,2.007,true,2012-07-02,20.6347,22.5275,MyFuture 2025,PHP,N,6,A,TDF25,Sun Life Phils - Peso MyFuture 2025
2012-07-02,1.9878,true,2012-07-01,19.4807,21.3553,MyFuture 2025,PHP,N,6,A,TDF25,Sun Life Phils - Peso MyFuture 2025
2012-06-29,1.9744,true,2012-06-28,21.0546,20.5372,MyFuture 2025,PHP,N,6,A,TDF25,Sun Life Phils - Peso MyFuture 2025
2012-06-28,1.9745,true,2012-06-27,20.0961,20.5433,MyFuture 2025,PHP,N,6,A,TDF25,Sun Life Phils - Peso MyFuture 2025
2012-06-27,1.9717,true,2012-06-26,20.0426,20.3724,MyFuture 2025,PHP,N,6,A,TDF25,Sun Life Phils - Peso MyFuture 2025
2012-06-26,1.9527,true,2012-06-25,18.7052,19.2125,MyFuture 2025,PHP,N,6,A,TDF25,Sun Life Phils - Peso MyFuture 2025
2012-06-25,1.9444,true,2012-06-24,18.2006,18.7057,MyFuture 2025,PHP,N,6,A,TDF25,Sun Life Phils - Peso MyFuture 2025
2012-06-22,1.9344,true,2012-06-21,18.6239,18.0952,MyFuture 2025,PHP,N,6,A,TDF25,Sun Life Phils - Peso MyFuture 2025
2012-06-21,1.9359,true,2012-06-20,19.6255,18.1868,MyFuture 2025,PHP,N,6,A,TDF25,Sun Life Phils - Peso MyFuture 2025
2012-06-20,1.9478,true,2012-06-19,21.6311,18.9133,MyFuture 2025,PHP,N,6,A,TDF25,Sun Life Phils - Peso MyFuture 2025
2012-06-19,1.9274,true,2012-06-18,20.3572,17.6679,MyFuture 2025,PHP,N,6,A,TDF25,Sun Life Phils - Peso MyFuture 2025
2012-06-18,1.9195,true,2012-06-17,19.8639,17.1856,MyFuture 2025,PHP,N,6,A,TDF25,Sun Life Phils - Peso MyFuture 2025
2012-06-15,1.8775,true,2012-06-14,16.4991,14.6215,MyFuture 2025,PHP,N,6,A,TDF25,Sun Life Phils - Peso MyFuture 2025
2012-06-14,1.9047,true,2012-06-13,19.5143,16.2821,MyFuture 2025,PHP,N,6,A,TDF25,Sun Life Phils - Peso MyFuture 2025
2012-06-13,1.9323,true,2012-06-12,20.3625,17.967,MyFuture 2025,PHP,N,6,A,TDF25,Sun Life Phils - Peso MyFuture 2025
2012-06-11,1.9223,true,2012-06-10,18.412,17.3565,MyFuture 2025,PHP,N,6,A,TDF25,Sun Life Phils - Peso MyFuture 2025
2012-06-08,1.8907,true,2012-06-07,15.6462,15.4274,MyFuture 2025,PHP,N,6,A,TDF25,Sun Life Phils - Peso MyFuture 2025
2012-06-07,1.9059,true,2012-06-06,16.8977,16.3553,MyFuture 2025,PHP,N,6,A,TDF25,Sun Life Phils - Peso MyFuture 2025
2012-06-06,1.8858,true,2012-06-05,15.0299,15.1282,MyFuture 2025,PHP,N,6,A,TDF25,Sun Life Phils - Peso MyFuture 2025
2012-06-05,1.8717,true,2012-06-04,13.3196,14.2674,MyFuture 2025,PHP,N,6,A,TDF25,Sun Life Phils - Peso MyFuture 2025
2012-06-04,1.859,true,2012-06-03,12.5507,13.4921,MyFuture 2025,PHP,N,6,A,TDF25,Sun Life Phils - Peso MyFuture 2025
2012-06-01,1.921,true,2012-05-31,16.4737,17.2772,MyFuture 2025,PHP,N,6,A,TDF25,Sun Life Phils - Peso MyFuture 2025
2012-05-31,1.9361,true,2012-05-30,18.3797,18.199,MyFuture 2025,PHP,N,6,A,TDF25,Sun Life Phils - Peso MyFuture 2025
2012-05-30,1.9102,true,2012-05-29,15.9806,16.6178,MyFuture 2025,PHP,N,6,A,TDF25,Sun Life Phils - Peso MyFuture 2025
2012-05-29,1.9132,true,2012-05-28,16.8866,16.801,MyFuture 2025,PHP,N,6,A,TDF25,Sun Life Phils - Peso MyFuture 2025
2012-05-28,1.8867,true,2012-05-27,15.2676,15.1832,MyFuture 2025,PHP,N,6,A,TDF25,Sun Life Phils - Peso MyFuture 2025
2012-05-25,1.8742,true,2012-05-24,16.4099,14.42,MyFuture 2025,PHP,N,6,A,TDF25,Sun Life Phils - Peso MyFuture 2025
2012-05-24,1.8693,true,2012-05-23,15.1401,14.1209,MyFuture 2025,PHP,N,6,A,TDF25,Sun Life Phils - Peso MyFuture 2025
2012-05-23,1.875,true,2012-05-22,14.6508,14.4689,MyFuture 2025,PHP,N,6,A,TDF25,Sun Life Phils - Peso MyFuture 2025
2012-05-22,1.8805,true,2012-05-21,14.33,14.8046,MyFuture 2025,PHP,N,6,A,TDF25,Sun Life Phils - Peso MyFuture 2025
2012-05-21,1.8794,true,2012-05-20,14.2631,14.7375,MyFuture 2025,PHP,N,6,A,TDF25,Sun Life Phils - Peso MyFuture 2025
2012-05-18,1.8534,true,2012-05-17,12.2864,13.1502,MyFuture 2025,PHP,N,6,A,TDF25,Sun Life Phils - Peso MyFuture 2025
2012-05-17,1.8991,true,2012-05-16,15.7353,15.9402,MyFuture 2025,PHP,N,6,A,TDF25,Sun Life Phils - Peso MyFuture 2025
2012-05-16,1.8424,true,2012-05-15,11.2493,12.4786,MyFuture 2025,PHP,N,6,A,TDF25,Sun Life Phils - Peso MyFuture 2025
2012-05-15,1.883,true,2012-05-14,13.7215,14.9573,MyFuture 2025,PHP,N,6,A,TDF25,Sun Life Phils - Peso MyFuture 2025
2012-05-14,1.9093,true,2012-05-13,15.3098,16.5629,MyFuture 2025,PHP,N,6,A,TDF25,Sun Life Phils - Peso MyFuture 2025
2012-05-11,1.9358,true,2012-05-10,15.9231,18.1807,MyFuture 2025,PHP,N,6,A,TDF25,Sun Life Phils - Peso MyFuture 2025
2012-05-10,1.9512,true,2012-05-09,17.94,19.1209,MyFuture 2025,PHP,N,6,A,TDF25,Sun Life Phils - Peso MyFuture 2025
2012-05-09,1.9597,true,2012-05-08,19.5668,19.6398,MyFuture 2025,PHP,N,6,A,TDF25,Sun Life Phils - Peso MyFuture 2025
2012-05-08,1.9733,true,2012-05-07,21.1952,20.4701,MyFuture 2025,PHP,N,6,A,TDF25,Sun Life Phils - Peso MyFuture 2025
2012-05-07,1.9667,true,2012-05-06,20.7898,20.0672,MyFuture 2025,PHP,N,6,A,TDF25,Sun Life Phils - Peso MyFuture 2025
2012-05-04,1.9908,true,2012-05-03,19.697,21.5385,MyFuture 2025,PHP,N,6,A,TDF25,Sun Life Phils - Peso MyFuture 2025
2012-05-03,1.9928,true,2012-05-02,19.2294,21.6606,MyFuture 2025,PHP,N,6,A,TDF25,Sun Life Phils - Peso MyFuture 2025
2012-05-02,1.964,true,2012-05-01,17.5063,19.9023,MyFuture 2025,PHP,N,6,A,TDF25,Sun Life Phils - Peso MyFuture 2025
2012-04-30,1.9556,true,2012-04-29,17.1579,19.3895,MyFuture 2025,PHP,N,6,A,TDF25,Sun Life Phils - Peso MyFuture 2025
2012-04-27,1.9453,true,2012-04-26,16.3527,18.7607,MyFuture 2025,PHP,N,6,A,TDF25,Sun Life Phils - Peso MyFuture 2025
2012-04-26,1.9627,true,2012-04-25,17.4847,19.823,MyFuture 2025,PHP,N,6,A,TDF25,Sun Life Phils - Peso MyFuture 2025
2012-04-25,1.953,true,2012-04-24,16.5344,19.2308,MyFuture 2025,PHP,N,6,A,TDF25,Sun Life Phils - Peso MyFuture 2025
2012-04-24,1.9355,true,2012-04-23,16.6245,18.1624,MyFuture 2025,PHP,N,6,A,TDF25,Sun Life Phils - Peso MyFuture 2025
2012-04-23,1.928,true,2012-04-22,16.1726,17.7045,MyFuture 2025,PHP,N,6,A,TDF25,Sun Life Phils - Peso MyFuture 2025
2012-04-20,1.9273,true,2012-04-19,16.1304,17.6618,MyFuture 2025,PHP,N,6,A,TDF25,Sun Life Phils - Peso MyFuture 2025
2012-04-19,1.9323,true,2012-04-18,17.0594,17.967,MyFuture 2025,PHP,N,6,A,TDF25,Sun Life Phils - Peso MyFuture 2025
2012-04-18,1.9326,true,2012-04-17,16.3586,17.9853,MyFuture 2025,PHP,N,6,A,TDF25,Sun Life Phils - Peso MyFuture 2025
2012-04-17,1.9195,true,2012-04-16,16.2488,17.1856,MyFuture 2025,PHP,N,6,A,TDF25,Sun Life Phils - Peso MyFuture 2025
2012-04-16,1.9078,true,2012-04-15,15.5402,16.4713,MyFuture 2025,PHP,N,6,A,TDF25,Sun Life Phils - Peso MyFuture 2025
2012-04-13,1.8935,true,2012-04-12,15.7892,15.5983,MyFuture 2025,PHP,N,6,A,TDF25,Sun Life Phils - Peso MyFuture 2025
2012-04-12,1.873,true,2012-04-11,14.6407,14.3468,MyFuture 2025,PHP,N,6,A,TDF25,Sun Life Phils - Peso MyFuture 2025
2012-04-11,1.8625,true,2012-04-10,13.3459,13.7057,MyFuture 2025,PHP,N,6,A,TDF25,Sun Life Phils - Peso MyFuture 2025
2012-04-10,1.8653,true,2012-04-09,13.7101,13.8767,MyFuture 2025,PHP,N,6,A,TDF25,Sun Life Phils - Peso MyFuture 2025
2012-04-04,1.8692,true,2012-04-03,15.3258,14.1148,MyFuture 2025,PHP,N,6,A,TDF25,Sun Life Phils - Peso MyFuture 2025
2012-04-03,1.8757,true,2012-04-02,17.9463,14.5116,MyFuture 2025,PHP,N,6,A,TDF25,Sun Life Phils - Peso MyFuture 2025
2012-04-02,1.8891,true,2012-04-01,18.7889,15.3297,MyFuture 2025,PHP,N,6,A,TDF25,Sun Life Phils - Peso MyFuture 2025
2012-03-30,1.8906,true,2012-03-29,21.927,15.4212,MyFuture 2025,PHP,N,6,A,TDF25,Sun Life Phils - Peso MyFuture 2025
2012-03-29,1.8834,true,2012-03-28,23.4207,14.9817,MyFuture 2025,PHP,N,6,A,TDF25,Sun Life Phils - Peso MyFuture 2025
2012-03-28,1.8746,true,2012-03-27,22.8843,14.4444,MyFuture 2025,PHP,N,6,A,TDF25,Sun Life Phils - Peso MyFuture 2025
2012-03-27,1.879,true,2012-03-26,24.1821,14.7131,MyFuture 2025,PHP,N,6,A,TDF25,Sun Life Phils - Peso MyFuture 2025
2012-03-26,1.8607,true,2012-03-25,22.9727,13.5958,MyFuture 2025,PHP,N,6,A,TDF25,Sun Life Phils - Peso MyFuture 2025
2012-03-23,1.8643,true,2012-03-22,23.7504,13.8156,MyFuture 2025,PHP,N,6,A,TDF25,Sun Life Phils - Peso MyFuture 2025
2012-03-22,1.8643,true,2012-03-21,23.5618,13.8156,MyFuture 2025,PHP,N,6,A,TDF25,Sun Life Phils - Peso MyFuture 2025
2012-03-21,1.8643,true,2012-03-20,23.8079,13.8156,MyFuture 2025,PHP,N,6,A,TDF25,Sun Life Phils - Peso MyFuture 2025
2012-03-20,1.8819,true,2012-03-19,25.0764,14.8901,MyFuture 2025,PHP,N,6,A,TDF25,Sun Life Phils - Peso MyFuture 2025
2012-03-19,1.8879,true,2012-03-18,25.4752,15.2564,MyFuture 2025,PHP,N,6,A,TDF25,Sun Life Phils - Peso MyFuture 2025
2012-03-16,1.8974,true,2012-03-15,24.9111,15.8364,MyFuture 2025,PHP,N,6,A,TDF25,Sun Life Phils - Peso MyFuture 2025
2012-03-15,1.8538,true,2012-03-14,22.0408,13.1746,MyFuture 2025,PHP,N,6,A,TDF25,Sun Life Phils - Peso MyFuture 2025
2012-03-14,1.8546,true,2012-03-13,21.6131,13.2234,MyFuture 2025,PHP,N,6,A,TDF25,Sun Life Phils - Peso MyFuture 2025
2012-03-13,1.8372,true,2012-03-12,20.9639,12.1612,MyFuture 2025,PHP,N,6,A,TDF25,Sun Life Phils - Peso MyFuture 2025
2012-03-12,1.8217,true,2012-03-11,19.9434,11.2149,MyFuture 2025,PHP,N,6,A,TDF25,Sun Life Phils - Peso MyFuture 2025
2012-03-09,1.8224,true,2012-03-08,20.561,11.2576,MyFuture 2025,PHP,N,6,A,TDF25,Sun Life Phils - Peso MyFuture 2025
2012-03-08,1.815,true,2012-03-07,20.863,10.8059,MyFuture 2025,PHP,N,6,A,TDF25,Sun Life Phils - Peso MyFuture 2025
2012-03-07,1.8052,true,2012-03-06,20.7007,10.2076,MyFuture 2025,PHP,N,6,A,TDF25,Sun Life Phils - Peso MyFuture 2025
2012-03-06,1.8194,true,2012-03-05,21.9928,11.0745,MyFuture 2025,PHP,N,6,A,TDF25,Sun Life Phils - Peso MyFuture 2025
2012-03-05,1.8417,true,2012-03-04,23.488,12.4359,MyFuture 2025,PHP,N,6,A,TDF25,Sun Life Phils - Peso MyFuture 2025
2012-03-02,1.8385,true,2012-03-01,27.1087,12.2405,MyFuture 2025,PHP,N,6,A,TDF25,Sun Life Phils - Peso MyFuture 2025
2012-03-01,1.8129,true,2012-02-29,24.9242,10.6777,MyFuture 2025,PHP,N,6,A,TDF25,Sun Life Phils - Peso MyFuture 2025
2012-02-29,1.8016,true,2012-02-28,25.1546,9.9878,MyFuture 2025,PHP,N,6,A,TDF25,Sun Life Phils - Peso MyFuture 2025
2012-02-28,1.7711,true,2012-02-27,23.0358,8.1258,MyFuture 2025,PHP,N,6,A,TDF25,Sun Life Phils - Peso MyFuture 2025
2012-02-27,1.7661,true,2012-02-26,23.8152,7.8205,MyFuture 2025,PHP,N,6,A,TDF25,Sun Life Phils - Peso MyFuture 2025
2012-02-24,1.8,true,2012-02-23,26.1034,9.8901,MyFuture 2025,PHP,N,6,A,TDF25,Sun Life Phils - Peso MyFuture 2025
2012-02-23,1.7984,true,2012-02-22,25.3939,9.7924,MyFuture 2025,PHP,N,6,A,TDF25,Sun Life Phils - Peso MyFuture 2025
2012-02-22,1.8095,true,2012-02-21,25.4941,10.4701,MyFuture 2025,PHP,N,6,A,TDF25,Sun Life Phils - Peso MyFuture 2025
2012-02-21,1.7959,true,2012-02-20,22.7882,9.6398,MyFuture 2025,PHP,N,6,A,TDF25,Sun Life Phils - Peso MyFuture 2025
2012-02-20,1.8092,true,2012-02-19,23.0497,10.4518,MyFuture 2025,PHP,N,6,A,TDF25,Sun Life Phils - Peso MyFuture 2025
2012-02-17,1.785,true,2012-02-16,20.706,8.9744,MyFuture 2025,PHP,N,6,A,TDF25,Sun Life Phils - Peso MyFuture 2025
2012-02-16,1.7526,true,2012-02-15,20.2058,6.9963,MyFuture 2025,PHP,N,6,A,TDF25,Sun Life Phils - Peso MyFuture 2025
2012-02-15,1.7538,true,2012-02-14,20.9684,7.0696,MyFuture 2025,PHP,N,6,A,TDF25,Sun Life Phils - Peso MyFuture 2025
2012-02-14,1.7556,true,2012-02-13,21.3688,7.1795,MyFuture 2025,PHP,N,6,A,TDF25,Sun Life Phils - Peso MyFuture 2025
2012-02-13,1.7644,true,2012-02-12,23.307,7.7167,MyFuture 2025,PHP,N,6,A,TDF25,Sun Life Phils - Peso MyFuture 2025
2012-02-10,1.7583,true,2012-02-09,23.0958,7.3443,MyFuture 2025,PHP,N,6,A,TDF25,Sun Life Phils - Peso MyFuture 2025
2012-02-09,1.756,true,2012-02-08,19.7082,7.2039,MyFuture 2025,PHP,N,6,A,TDF25,Sun Life Phils - Peso MyFuture 2025
2012-02-08,1.7687,true,2012-02-07,19.4825,7.9792,MyFuture 2025,PHP,N,6,A,TDF25,Sun Life Phils - Peso MyFuture 2025
2012-02-07,1.7545,true,2012-02-06,18.4033,7.1123,MyFuture 2025,PHP,N,6,A,TDF25,Sun Life Phils - Peso MyFuture 2025
2012-02-06,1.7746,true,2012-02-05,19.8325,8.3394,MyFuture 2025,PHP,N,6,A,TDF25,Sun Life Phils - Peso MyFuture 2025
2012-02-03,1.7559,true,2012-02-02,18.1947,7.1978,MyFuture 2025,PHP,N,6,A,TDF25,Sun Life Phils - Peso MyFuture 2025
2012-02-02,1.7752,true,2012-02-01,19.7518,8.3761,MyFuture 2025,PHP,N,6,A,TDF25,Sun Life Phils - Peso MyFuture 2025
2012-02-01,1.7423,true,2012-01-31,19.034,6.3675,MyFuture 2025,PHP,N,6,A,TDF25,Sun Life Phils - Peso MyFuture 2025
2012-01-31,1.7279,true,2012-01-30,16.4196,5.4884,MyFuture 2025,PHP,N,6,A,TDF25,Sun Life Phils - Peso MyFuture 2025
2012-01-30,1.7153,true,2012-01-29,13.1166,4.7192,MyFuture 2025,PHP,N,6,A,TDF25,Sun Life Phils - Peso MyFuture 2025
2012-01-27,1.7301,true,2012-01-26,14.0099,5.6227,MyFuture 2025,PHP,N,6,A,TDF25,Sun Life Phils - Peso MyFuture 2025
2012-01-26,1.7123,true,2012-01-25,15.2288,4.536,MyFuture 2025,PHP,N,6,A,TDF25,Sun Life Phils - Peso MyFuture 2025
2012-01-25,1.7266,true,2012-01-24,15.1758,5.409,MyFuture 2025,PHP,N,6,A,TDF25,Sun Life Phils - Peso MyFuture 2025
2012-01-24,1.7393,true,2012-01-23,17.9986,6.1844,MyFuture 2025,PHP,N,6,A,TDF25,Sun Life Phils - Peso MyFuture 2025
2012-01-20,1.7481,true,2012-01-19,15.8603,6.7216,MyFuture 2025,PHP,N,6,A,TDF25,Sun Life Phils - Peso MyFuture 2025
2012-01-19,1.7315,true,2012-01-18,13.4815,5.7082,MyFuture 2025,PHP,N,6,A,TDF25,Sun Life Phils - Peso MyFuture 2025
2012-01-18,1.7228,true,2012-01-17,11.5514,5.177,MyFuture 2025,PHP,N,6,A,TDF25,Sun Life Phils - Peso MyFuture 2025
2012-01-17,1.718,true,2012-01-16,8.6173,4.884,MyFuture 2025,PHP,N,6,A,TDF25,Sun Life Phils - Peso MyFuture 2025
2012-01-16,1.7007,true,2012-01-15,8.132,3.8278,MyFuture 2025,PHP,N,6,A,TDF25,Sun Life Phils - Peso MyFuture 2025
2012-01-13,1.7092,true,2012-01-12,11.0158,4.3468,MyFuture 2025,PHP,N,6,A,TDF25,Sun Life Phils - Peso MyFuture 2025
2012-01-12,1.719,true,2012-01-11,12.8323,4.9451,MyFuture 2025,PHP,N,6,A,TDF25,Sun Life Phils - Peso MyFuture 2025
2012-01-11,1.7169,true,2012-01-10,12.1937,4.8168,MyFuture 2025,PHP,N,6,A,TDF25,Sun Life Phils - Peso MyFuture 2025
2012-01-10,1.6949,true,2012-01-09,7.976,3.4737,MyFuture 2025,PHP,N,6,A,TDF25,Sun Life Phils - Peso MyFuture 2025
2012-01-09,1.6858,true,2012-01-08,4.9819,2.9182,MyFuture 2025,PHP,N,6,A,TDF25,Sun Life Phils - Peso MyFuture 2025
2012-01-06,1.6698,true,2012-01-05,3.3356,1.9414,MyFuture 2025,PHP,N,6,A,TDF25,Sun Life Phils - Peso MyFuture 2025
2012-01-05,1.6793,true,2012-01-04,3.9235,2.5214,MyFuture 2025,PHP,N,6,A,TDF25,Sun Life Phils - Peso MyFuture 2025
2012-01-04,1.6671,true,2012-01-03,3.2644,1.7766,MyFuture 2025,PHP,N,6,A,TDF25,Sun Life Phils - Peso MyFuture 2025
2012-01-03,1.6499,true,2012-01-02,2.6376,0.7265,MyFuture 2025,PHP,N,6,A,TDF25,Sun Life Phils - Peso MyFuture 2025
2012-01-02,1.6431,true,2012-01-01,0.0,0.3114,MyFuture 2025,PHP,N,6,A,TDF25,Sun Life Phils - Peso MyFuture 2025
2011-12-29,1.638,true,2011-12-28,2.343,2.2536,MyFuture 2025,PHP,N,6,A,TDF25,Sun Life Phils - Peso MyFuture 2025
2011-12-28,1.6296,true,2011-12-27,2.3361,1.7292,MyFuture 2025,PHP,N,6,A,TDF25,Sun Life Phils - Peso MyFuture 2025
2011-12-27,1.6366,true,2011-12-26,2.4347,2.1662,MyFuture 2025,PHP,N,6,A,TDF25,Sun Life Phils - Peso MyFuture 2025
2011-12-26,1.6445,true,2011-12-25,2.9292,2.6593,MyFuture 2025,PHP,N,6,A,TDF25,Sun Life Phils - Peso MyFuture 2025
2011-12-23,1.6425,true,2011-12-22,2.804,2.5345,MyFuture 2025,PHP,N,6,A,TDF25,Sun Life Phils - Peso MyFuture 2025
2011-12-22,1.6395,true,2011-12-21,4.0094,2.3472,MyFuture 2025,PHP,N,6,A,TDF25,Sun Life Phils - Peso MyFuture 2025
2011-12-21,1.6363,true,2011-12-20,4.15,2.1474,MyFuture 2025,PHP,N,6,A,TDF25,Sun Life Phils - Peso MyFuture 2025
2011-12-20,1.6271,true,2011-12-19,3.5644,1.5731,MyFuture 2025,PHP,N,6,A,TDF25,Sun Life Phils - Peso MyFuture 2025
2011-12-19,1.622,true,2011-12-18,3.5297,1.2548,MyFuture 2025,PHP,N,6,A,TDF25,Sun Life Phils - Peso MyFuture 2025
2011-12-16,1.619,true,2011-12-15,3.5232,1.0675,MyFuture 2025,PHP,N,6,A,TDF25,Sun Life Phils - Peso MyFuture 2025
2011-12-15,1.6109,true,2011-12-14,1.7047,0.5618,MyFuture 2025,PHP,N,6,A,TDF25,Sun Life Phils - Peso MyFuture 2025
2011-12-14,1.6144,true,2011-12-13,0.5606,0.7803,MyFuture 2025,PHP,N,6,A,TDF25,Sun Life Phils - Peso MyFuture 2025
2011-12-13,1.6135,true,2011-12-12,1.427,0.7241,MyFuture 2025,PHP,N,6,A,TDF25,Sun Life Phils - Peso MyFuture 2025
2011-12-12,1.6118,true,2011-12-11,0.7501,0.618,MyFuture 2025,PHP,N,6,A,TDF25,Sun Life Phils - Peso MyFuture 2025
2011-12-09,1.6157,true,2011-12-08,-0.9866,0.8615,MyFuture 2025,PHP,N,6,A,TDF25,Sun Life Phils - Peso MyFuture 2025
2011-12-08,1.6203,true,2011-12-07,-1.159,1.1486,MyFuture 2025,PHP,N,6,A,TDF25,Sun Life Phils - Peso MyFuture 2025
2011-12-07,1.6236,true,2011-12-06,-0.2703,1.3546,MyFuture 2025,PHP,N,6,A,TDF25,Sun Life Phils - Peso MyFuture 2025
2011-12-06,1.6169,true,2011-12-05,-1.2098,0.9364,MyFuture 2025,PHP,N,6,A,TDF25,Sun Life Phils - Peso MyFuture 2025
2011-12-05,1.6216,true,2011-12-04,-0.2399,1.2298,MyFuture 2025,PHP,N,6,A,TDF25,Sun Life Phils - Peso MyFuture 2025
2011-12-02,1.6219,true,2011-12-01,0.477,1.2485,MyFuture 2025,PHP,N,6,A,TDF25,Sun Life Phils - Peso MyFuture 2025
2011-12-01,1.621,true,2011-11-30,4.0704,1.1923,MyFuture 2025,PHP,N,6,A,TDF25,Sun Life Phils - Peso MyFuture 2025
2011-11-29,1.5999,true,2011-11-28,1.4264,-0.1249,MyFuture 2025,PHP,N,6,A,TDF25,Sun Life Phils - Peso MyFuture 2025
2011-11-28,1.6059,true,2011-11-27,1.8068,0.2497,MyFuture 2025,PHP,N,6,A,TDF25,Sun Life Phils - Peso MyFuture 2025
2011-11-25,1.6128,true,2011-11-24,1.2429,0.6804,MyFuture 2025,PHP,N,6,A,TDF25,Sun Life Phils - Peso MyFuture 2025
2011-11-24,1.609,true,2011-11-23,0.343,0.4432,MyFuture 2025,PHP,N,6,A,TDF25,Sun Life Phils - Peso MyFuture 2025
2011-11-23,1.6204,true,2011-11-22,0.621,1.1549,MyFuture 2025,PHP,N,6,A,TDF25,Sun Life Phils - Peso MyFuture 2025
2011-11-22,1.6266,true,2011-11-21,-0.0307,1.5419,MyFuture 2025,PHP,N,6,A,TDF25,Sun Life Phils - Peso MyFuture 2025
2011-11-21,1.6291,true,2011-11-20,-0.3487,1.698,MyFuture 2025,PHP,N,6,A,TDF25,Sun Life Phils - Peso MyFuture 2025
2011-11-18,1.6293,true,2011-11-17,1.9204,1.7105,MyFuture 2025,PHP,N,6,A,TDF25,Sun Life Phils - Peso MyFuture 2025
2011-11-17,1.6355,true,2011-11-16,3.552,2.0975,MyFuture 2025,PHP,N,6,A,TDF25,Sun Life Phils - Peso MyFuture 2025
2011-11-16,1.6366,true,2011-11-15,2.531,2.1662,MyFuture 2025,PHP,N,6,A,TDF25,Sun Life Phils - Peso MyFuture 2025
2011-11-15,1.6454,true,2011-11-14,3.0823,2.7155,MyFuture 2025,PHP,N,6,A,TDF25,Sun Life Phils - Peso MyFuture 2025
2011-11-14,1.6432,true,2011-11-13,4.4495,2.5782,MyFuture 2025,PHP,N,6,A,TDF25,Sun Life Phils - Peso MyFuture 2025
2011-11-11,1.6313,true,2011-11-10,1.9626,1.8353,MyFuture 2025,PHP,N,6,A,TDF25,Sun Life Phils - Peso MyFuture 2025
2011-11-10,1.6203,true,2011-11-09,0.9407,1.1486,MyFuture 2025,PHP,N,6,A,TDF25,Sun Life Phils - Peso MyFuture 2025
2011-11-09,1.6387,true,2011-11-08,0.0366,2.2973,MyFuture 2025,PHP,N,6,A,TDF25,Sun Life Phils - Peso MyFuture 2025
2011-11-08,1.6321,true,2011-11-07,-1.0669,1.8853,MyFuture 2025,PHP,N,6,A,TDF25,Sun Life Phils - Peso MyFuture 2025
2011-11-04,1.6205,true,2011-11-03,-3.3403,1.1611,MyFuture 2025,PHP,N,6,A,TDF25,Sun Life Phils - Peso MyFuture 2025
2011-11-03,1.6015,true,2011-11-02,-4.0961,-0.025,MyFuture 2025,PHP,N,6,A,TDF25,Sun Life Phils - Peso MyFuture 2025
2011-11-02,1.6165,true,2011-11-01,-2.4736,0.9114,MyFuture 2025,PHP,N,6,A,TDF25,Sun Life Phils - Peso MyFuture 2025
2011-10-28,1.6398,true,2011-10-27,0.6568,2.3659,MyFuture 2025,PHP,N,6,A,TDF25,Sun Life Phils - Peso MyFuture 2025
2011-10-27,1.6221,true,2011-10-26,-0.1969,1.261,MyFuture 2025,PHP,N,6,A,TDF25,Sun Life Phils - Peso MyFuture 2025
2011-10-26,1.6088,true,2011-10-25,-1.0335,0.4307,MyFuture 2025,PHP,N,6,A,TDF25,Sun Life Phils - Peso MyFuture 2025
2011-10-25,1.6142,true,2011-10-24,-0.6891,0.7678,MyFuture 2025,PHP,N,6,A,TDF25,Sun Life Phils - Peso MyFuture 2025
2011-10-24,1.6037,true,2011-10-23,-1.3351,0.1124,MyFuture 2025,PHP,N,6,A,TDF25,Sun Life Phils - Peso MyFuture 2025
2011-10-21,1.5908,true,2011-10-20,-0.9033,-0.6929,MyFuture 2025,PHP,N,6,A,TDF25,Sun Life Phils - Peso MyFuture 2025
2011-10-20,1.5928,true,2011-10-19,0.2896,-0.5681,MyFuture 2025,PHP,N,6,A,TDF25,Sun Life Phils - Peso MyFuture 2025
2011-10-19,1.6008,true,2011-10-18,0.8632,-0.0687,MyFuture 2025,PHP,N,6,A,TDF25,Sun Life Phils - Peso MyFuture 2025
2011-10-18,1.5912,true,2011-10-17,-0.0063,-0.668,MyFuture 2025,PHP,N,6,A,TDF25,Sun Life Phils - Peso MyFuture 2025
2011-10-17,1.6084,true,2011-10-16,0.8022,0.4058,MyFuture 2025,PHP,N,6,A,TDF25,Sun Life Phils - Peso MyFuture 2025
2011-10-14,1.5912,true,2011-10-13,-0.4318,-0.668,MyFuture 2025,PHP,N,6,A,TDF25,Sun Life Phils - Peso MyFuture 2025
2011-10-13,1.5843,true,2011-10-12,0.1201,-1.0987,MyFuture 2025,PHP,N,6,A,TDF25,Sun Life Phils - Peso MyFuture 2025
2011-10-12,1.5811,true,2011-10-11,0.0633,-1.2985,MyFuture 2025,PHP,N,6,A,TDF25,Sun Life Phils - Peso MyFuture 2025
2011-10-11,1.579,true,2011-10-10,-1.3926,-1.4296,MyFuture 2025,PHP,N,6,A,TDF25,Sun Life Phils - Peso MyFuture 2025
2011-10-10,1.556,true,2011-10-09,-2.8835,-2.8653,MyFuture 2025,PHP,N,6,A,TDF25,Sun Life Phils - Peso MyFuture 2025
2011-10-07,1.5421,true,2011-10-06,-3.703,-3.7331,MyFuture 2025,PHP,N,6,A,TDF25,Sun Life Phils - Peso MyFuture 2025
2011-10-06,1.5069,true,2011-10-05,-4.8013,-5.9305,MyFuture 2025,PHP,N,6,A,TDF25,Sun Life Phils - Peso MyFuture 2025
2011-10-05,1.4874,true,2011-10-04,-5.5859,-7.1478,MyFuture 2025,PHP,N,6,A,TDF25,Sun Life Phils - Peso MyFuture 2025
2011-10-04,1.4897,true,2011-10-03,-5.6615,-7.0042,MyFuture 2025,PHP,N,6,A,TDF25,Sun Life Phils - Peso MyFuture 2025
2011-10-03,1.503,true,2011-10-02,-3.2756,-6.1739,MyFuture 2025,PHP,N,6,A,TDF25,Sun Life Phils - Peso MyFuture 2025
2011-09-30,1.5455,true,2011-09-29,-0.1357,-3.5208,MyFuture 2025,PHP,N,6,A,TDF25,Sun Life Phils - Peso MyFuture 2025
2011-09-29,1.5066,true,2011-09-28,-2.9628,-5.9492,MyFuture 2025,PHP,N,6,A,TDF25,Sun Life Phils - Peso MyFuture 2025
2011-09-28,1.5043,true,2011-09-27,-3.6014,-6.0928,MyFuture 2025,PHP,N,6,A,TDF25,Sun Life Phils - Peso MyFuture 2025
2011-09-26,1.4545,true,2011-09-25,-5.2134,-9.2016,MyFuture 2025,PHP,N,6,A,TDF25,Sun Life Phils - Peso MyFuture 2025
2011-09-23,1.508,true,2011-09-22,-1.6115,-5.8618,MyFuture 2025,PHP,N,6,A,TDF25,Sun Life Phils - Peso MyFuture 2025
2011-09-22,1.5771,true,2011-09-21,2.8096,-1.5482,MyFuture 2025,PHP,N,6,A,TDF25,Sun Life Phils - Peso MyFuture 2025
2011-09-21,1.6093,true,2011-09-20,3.8057,0.462,MyFuture 2025,PHP,N,6,A,TDF25,Sun Life Phils - Peso MyFuture 2025
2011-09-20,1.6137,true,2011-09-19,4.6837,0.7366,MyFuture 2025,PHP,N,6,A,TDF25,Sun Life Phils - Peso MyFuture 2025
2011-09-19,1.6418,true,2011-09-18,8.0985,2.4908,MyFuture 2025,PHP,N,6,A,TDF25,Sun Life Phils - Peso MyFuture 2025
2011-09-16,1.6376,true,2011-09-15,6.9069,2.2286,MyFuture 2025,PHP,N,6,A,TDF25,Sun Life Phils - Peso MyFuture 2025
2011-09-15,1.637,true,2011-09-14,7.3936,2.1911,MyFuture 2025,PHP,N,6,A,TDF25,Sun Life Phils - Peso MyFuture 2025
2011-09-14,1.629,true,2011-09-13,6.6728,1.6917,MyFuture 2025,PHP,N,6,A,TDF25,Sun Life Phils - Peso MyFuture 2025
2011-09-13,1.6418,true,2011-09-12,7.4055,2.4908,MyFuture 2025,PHP,N,6,A,TDF25,Sun Life Phils - Peso MyFuture 2025
2011-09-12,1.6446,true,2011-09-11,9.8157,2.6656,MyFuture 2025,PHP,N,6,A,TDF25,Sun Life Phils - Peso MyFuture 2025
2011-09-09,1.6586,true,2011-09-08,10.7505,3.5395,MyFuture 2025,PHP,N,6,A,TDF25,Sun Life Phils - Peso MyFuture 2025
2011-09-08,1.6605,true,2011-09-07,14.2101,3.6582,MyFuture 2025,PHP,N,6,A,TDF25,Sun Life Phils - Peso MyFuture 2025
2011-09-07,1.6492,true,2011-09-06,14.2184,2.9527,MyFuture 2025,PHP,N,6,A,TDF25,Sun Life Phils - Peso MyFuture 2025
2011-09-06,1.6413,true,2011-09-05,14.2489,2.4596,MyFuture 2025,PHP,N,6,A,TDF25,Sun Life Phils - Peso MyFuture 2025
2011-09-05,1.6674,true,2011-09-04,16.6259,4.0889,MyFuture 2025,PHP,N,6,A,TDF25,Sun Life Phils - Peso MyFuture 2025
2011-09-02,1.6742,true,2011-09-01,19.7996,4.5134,MyFuture 2025,PHP,N,6,A,TDF25,Sun Life Phils - Peso MyFuture 2025
2011-09-01,1.6663,true,2011-08-31,21.4504,4.0202,MyFuture 2025,PHP,N,6,A,TDF25,Sun Life Phils - Peso MyFuture 2025
2011-08-31,1.6543,true,2011-08-30,21.4254,3.2711,MyFuture 2025,PHP,N,6,A,TDF25,Sun Life Phils - Peso MyFuture 2025
2011-08-26,1.6419,true,2011-08-25,19.3155,2.497,MyFuture 2025,PHP,N,6,A,TDF25,Sun Life Phils - Peso MyFuture 2025
2011-08-25,1.6518,true,2011-08-24,21.7962,3.1151,MyFuture 2025,PHP,N,6,A,TDF25,Sun Life Phils - Peso MyFuture 2025
2011-08-24,1.6519,true,2011-08-23,22.2814,3.1213,MyFuture 2025,PHP,N,6,A,TDF25,Sun Life Phils - Peso MyFuture 2025
2011-08-23,1.6482,true,2011-08-22,19.4694,2.8903,MyFuture 2025,PHP,N,6,A,TDF25,Sun Life Phils - Peso MyFuture 2025
2011-08-22,1.6275,true,2011-08-21,18.166,1.5981,MyFuture 2025,PHP,N,6,A,TDF25,Sun Life Phils - Peso MyFuture 2025
2011-08-19,1.6463,true,2011-08-18,20.7496,2.7717,MyFuture 2025,PHP,N,6,A,TDF25,Sun Life Phils - Peso MyFuture 2025
2011-08-18,1.6693,true,2011-08-17,23.141,4.2075,MyFuture 2025,PHP,N,6,A,TDF25,Sun Life Phils - Peso MyFuture 2025
2011-08-17,1.6516,true,2011-08-16,22.9693,3.1026,MyFuture 2025,PHP,N,6,A,TDF25,Sun Life Phils - Peso MyFuture 2025
2011-08-16,1.663,true,2011-08-15,24.5413,3.8142,MyFuture 2025,PHP,N,6,A,TDF25,Sun Life Phils - Peso MyFuture 2025
2011-08-15,1.649,true,2011-08-14,24.9242,2.9403,MyFuture 2025,PHP,N,6,A,TDF25,Sun Life Phils - Peso MyFuture 2025
2011-08-12,1.6435,true,2011-08-11,24.0003,2.5969,MyFuture 2025,PHP,N,6,A,TDF25,Sun Life Phils - Peso MyFuture 2025
2011-08-11,1.6411,true,2011-08-10,22.5891,2.4471,MyFuture 2025,PHP,N,6,A,TDF25,Sun Life Phils - Peso MyFuture 2025
2011-08-10,1.6339,true,2011-08-09,22.0695,1.9976,MyFuture 2025,PHP,N,6,A,TDF25,Sun Life Phils - Peso MyFuture 2025
2011-08-09,1.5914,true,2011-08-08,19.1346,-0.6555,MyFuture 2025,PHP,N,6,A,TDF25,Sun Life Phils - Peso MyFuture 2025
2011-08-08,1.6495,true,2011-08-07,23.7156,2.9715,MyFuture 2025,PHP,N,6,A,TDF25,Sun Life Phils - Peso MyFuture 2025
2011-08-05,1.6833,true,2011-08-04,26.1939,5.0815,MyFuture 2025,PHP,N,6,A,TDF25,Sun Life Phils - Peso MyFuture 2025
2011-08-04,1.7083,true,2011-08-03,28.5886,6.6421,MyFuture 2025,PHP,N,6,A,TDF25,Sun Life Phils - Peso MyFuture 2025
2011-08-03,1.7069,true,2011-08-02,28.8324,6.5547,MyFuture 2025,PHP,N,6,A,TDF25,Sun Life Phils - Peso MyFuture 2025
2011-08-02,1.7251,true,2011-08-01,31.0567,7.6909,MyFuture 2025,PHP,N,6,A,TDF25,Sun Life Phils - Peso MyFuture 2025
2011-08-01,1.7304,true,2011-07-31,35.0082,8.0217,MyFuture 2025,PHP,N,6,A,TDF25,Sun Life Phils - Peso MyFuture 2025
2011-07-29,1.7164,true,2011-07-28,30.9329,7.1478,MyFuture 2025,PHP,N,6,A,TDF25,Sun Life Phils - Peso MyFuture 2025
2011-07-28,1.7117,true,2011-07-27,29.7135,6.8544,MyFuture 2025,PHP,N,6,A,TDF25,Sun Life Phils - Peso MyFuture 2025
2011-07-27,1.7139,true,2011-07-26,29.8901,6.9917,MyFuture 2025,PHP,N,6,A,TDF25,Sun Life Phils - Peso MyFuture 2025
2011-07-26,1.7047,true,2011-07-25,29.6251,6.4174,MyFuture 2025,PHP,N,6,A,TDF25,Sun Life Phils - Peso MyFuture 2025
2011-07-25,1.7078,true,2011-07-24,29.8016,6.6109,MyFuture 2025,PHP,N,6,A,TDF25,Sun Life Phils - Peso MyFuture 2025
2011-07-22,1.7075,true,2011-07-21,29.9962,6.5922,MyFuture 2025,PHP,N,6,A,TDF25,Sun Life Phils - Peso MyFuture 2025
2011-07-21,1.7079,true,2011-07-20,30.0663,6.6171,MyFuture 2025,PHP,N,6,A,TDF25,Sun Life Phils - Peso MyFuture 2025
2011-07-20,1.719,true,2011-07-19,31.4522,7.3101,MyFuture 2025,PHP,N,6,A,TDF25,Sun Life Phils - Peso MyFuture 2025
2011-07-19,1.7123,true,2011-07-18,30.3319,6.8918,MyFuture 2025,PHP,N,6,A,TDF25,Sun Life Phils - Peso MyFuture 2025
2011-07-18,1.7107,true,2011-07-17,29.6869,6.7919,MyFuture 2025,PHP,N,6,A,TDF25,Sun Life Phils - Peso MyFuture 2025
2011-07-15,1.7034,true,2011-07-14,28.0463,6.3362,MyFuture 2025,PHP,N,6,A,TDF25,Sun Life Phils - Peso MyFuture 2025
2011-07-14,1.6923,true,2011-07-13,26.7261,5.6433,MyFuture 2025,PHP,N,6,A,TDF25,Sun Life Phils - Peso MyFuture 2025
2011-07-13,1.681,true,2011-07-12,26.9925,4.9379,MyFuture 2025,PHP,N,6,A,TDF25,Sun Life Phils - Peso MyFuture 2025
2011-07-12,1.6669,true,2011-07-11,26.9535,4.0577,MyFuture 2025,PHP,N,6,A,TDF25,Sun Life Phils - Peso MyFuture 2025
2011-07-11,1.6793,true,2011-07-10,28.6623,4.8318,MyFuture 2025,PHP,N,6,A,TDF25,Sun Life Phils - Peso MyFuture 2025
2011-07-08,1.6829,true,2011-07-07,28.9085,5.0565,MyFuture 2025,PHP,N,6,A,TDF25,Sun Life Phils - Peso MyFuture 2025
2011-07-07,1.6774,true,2011-07-06,30.0109,4.7132,MyFuture 2025,PHP,N,6,A,TDF25,Sun Life Phils - Peso MyFuture 2025
2011-07-06,1.684,true,2011-07-05,30.9385,5.1252,MyFuture 2025,PHP,N,6,A,TDF25,Sun Life Phils - Peso MyFuture 2025
2011-07-05,1.6973,true,2011-07-04,32.8819,5.9554,MyFuture 2025,PHP,N,6,A,TDF25,Sun Life Phils - Peso MyFuture 2025
2011-07-04,1.6907,true,2011-07-03,33.0003,5.5434,MyFuture 2025,PHP,N,6,A,TDF25,Sun Life Phils - Peso MyFuture 2025
2011-07-01,1.6637,true,2011-06-30,29.8042,3.8579,MyFuture 2025,PHP,N,6,A,TDF25,Sun Life Phils - Peso MyFuture 2025
2011-06-30,1.6437,true,2011-06-29,26.4579,2.6094,MyFuture 2025,PHP,N,6,A,TDF25,Sun Life Phils - Peso MyFuture 2025
2011-06-29,1.631,true,2011-06-28,25.4808,1.8166,MyFuture 2025,PHP,N,6,A,TDF25,Sun Life Phils - Peso MyFuture 2025
2011-06-28,1.6441,true,2011-06-27,26.6153,2.6344,MyFuture 2025,PHP,N,6,A,TDF25,Sun Life Phils - Peso MyFuture 2025
2011-06-27,1.6425,true,2011-06-26,26.785,2.5345,MyFuture 2025,PHP,N,6,A,TDF25,Sun Life Phils - Peso MyFuture 2025
2011-06-24,1.645,true,2011-06-23,27.4601,2.6906,MyFuture 2025,PHP,N,6,A,TDF25,Sun Life Phils - Peso MyFuture 2025
2011-06-23,1.6289,true,2011-06-22,25.8615,1.6855,MyFuture 2025,PHP,N,6,A,TDF25,Sun Life Phils - Peso MyFuture 2025
2011-06-22,1.6307,true,2011-06-21,25.8062,1.7979,MyFuture 2025,PHP,N,6,A,TDF25,Sun Life Phils - Peso MyFuture 2025
2011-06-21,1.6183,true,2011-06-20,24.7245,1.0238,MyFuture 2025,PHP,N,6,A,TDF25,Sun Life Phils - Peso MyFuture 2025
2011-06-17,1.6014,true,2011-06-16,25.3837,-0.0312,MyFuture 2025,PHP,N,6,A,TDF25,Sun Life Phils - Peso MyFuture 2025
2011-06-16,1.6057,true,2011-06-15,25.9768,0.2372,MyFuture 2025,PHP,N,6,A,TDF25,Sun Life Phils - Peso MyFuture 2025
2011-06-15,1.6116,true,2011-06-14,27.0076,0.6055,MyFuture 2025,PHP,N,6,A,TDF25,Sun Life Phils - Peso MyFuture 2025
2011-06-14,1.5937,true,2011-06-13,26.2337,-0.5119,MyFuture 2025,PHP,N,6,A,TDF25,Sun Life Phils - Peso MyFuture 2025
2011-06-13,1.6054,true,2011-06-12,27.1604,0.2185,MyFuture 2025,PHP,N,6,A,TDF25,Sun Life Phils - Peso MyFuture 2025
2011-06-10,1.6234,true,2011-06-09,29.706,1.3422,MyFuture 2025,PHP,N,6,A,TDF25,Sun Life Phils - Peso MyFuture 2025
2011-06-09,1.6255,true,2011-06-08,28.9875,1.4733,MyFuture 2025,PHP,N,6,A,TDF25,Sun Life Phils - Peso MyFuture 2025
2011-06-08,1.6349,true,2011-06-07,29.1084,2.0601,MyFuture 2025,PHP,N,6,A,TDF25,Sun Life Phils - Peso MyFuture 2025
2011-06-07,1.6304,true,2011-06-06,29.0384,1.7791,MyFuture 2025,PHP,N,6,A,TDF25,Sun Life Phils - Peso MyFuture 2025
2011-06-06,1.6394,true,2011-06-05,26.9868,2.341,MyFuture 2025,PHP,N,6,A,TDF25,Sun Life Phils - Peso MyFuture 2025
2011-06-03,1.6517,true,2011-06-02,27.7713,3.1088,MyFuture 2025,PHP,N,6,A,TDF25,Sun Life Phils - Peso MyFuture 2025
2011-06-02,1.66,true,2011-06-01,29.9922,3.6269,MyFuture 2025,PHP,N,6,A,TDF25,Sun Life Phils - Peso MyFuture 2025
2011-06-01,1.6493,true,2011-05-31,29.4686,2.959,MyFuture 2025,PHP,N,6,A,TDF25,Sun Life Phils - Peso MyFuture 2025
2011-05-31,1.6355,true,2011-05-30,27.7734,2.0975,MyFuture 2025,PHP,N,6,A,TDF25,Sun Life Phils - Peso MyFuture 2025
2011-05-30,1.647,true,2011-05-29,29.288,2.8154,MyFuture 2025,PHP,N,6,A,TDF25,Sun Life Phils - Peso MyFuture 2025
2011-05-27,1.6368,true,2011-05-26,31.238,2.1787,MyFuture 2025,PHP,N,6,A,TDF25,Sun Life Phils - Peso MyFuture 2025
2011-05-26,1.6232,true,2011-05-25,31.1995,1.3297,MyFuture 2025,PHP,N,6,A,TDF25,Sun Life Phils - Peso MyFuture 2025
2011-05-25,1.61,true,2011-05-24,31.0221,0.5056,MyFuture 2025,PHP,N,6,A,TDF25,Sun Life Phils - Peso MyFuture 2025
2011-05-24,1.6235,true,2011-05-23,28.9618,1.3484,MyFuture 2025,PHP,N,6,A,TDF25,Sun Life Phils - Peso MyFuture 2025
2011-05-23,1.6354,true,2011-05-22,30.6126,2.0913,MyFuture 2025,PHP,N,6,A,TDF25,Sun Life Phils - Peso MyFuture 2025
2011-05-20,1.6448,true,2011-05-19,29.6547,2.6781,MyFuture 2025,PHP,N,6,A,TDF25,Sun Life Phils - Peso MyFuture 2025
2011-05-19,1.6486,true,2011-05-18,29.6885,2.9153,MyFuture 2025,PHP,N,6,A,TDF25,Sun Life Phils - Peso MyFuture 2025
2011-05-18,1.6506,true,2011-05-17,28.2219,3.0401,MyFuture 2025,PHP,N,6,A,TDF25,Sun Life Phils - Peso MyFuture 2025
2011-05-17,1.6409,true,2011-05-16,26.7398,2.4346,MyFuture 2025,PHP,N,6,A,TDF25,Sun Life Phils - Peso MyFuture 2025
2011-05-16,1.6561,true,2011-05-15,26.4971,3.3835,MyFuture 2025,PHP,N,6,A,TDF25,Sun Life Phils - Peso MyFuture 2025
2011-05-13,1.6558,true,2011-05-12,26.9493,3.3648,MyFuture 2025,PHP,N,6,A,TDF25,Sun Life Phils - Peso MyFuture 2025
2011-05-12,1.6603,true,2011-05-11,29.3371,3.6457,MyFuture 2025,PHP,N,6,A,TDF25,Sun Life Phils - Peso MyFuture 2025
2011-05-11,1.6699,true,2011-05-10,30.6038,4.245,MyFuture 2025,PHP,N,6,A,TDF25,Sun Life Phils - Peso MyFuture 2025
2011-05-10,1.6544,true,2011-05-09,33.4086,3.2774,MyFuture 2025,PHP,N,6,A,TDF25,Sun Life Phils - Peso MyFuture 2025
2011-05-09,1.639,true,2011-05-08,32.1668,2.316,MyFuture 2025,PHP,N,6,A,TDF25,Sun Life Phils - Peso MyFuture 2025
2011-05-06,1.6282,true,2011-05-05,30.2873,1.6418,MyFuture 2025,PHP,N,6,A,TDF25,Sun Life Phils - Peso MyFuture 2025
2011-05-05,1.6427,true,2011-05-04,31.3319,2.547,MyFuture 2025,PHP,N,6,A,TDF25,Sun Life Phils - Peso MyFuture 2025
2011-05-04,1.6632,true,2011-05-03,28.482,3.8267,MyFuture 2025,PHP,N,6,A,TDF25,Sun Life Phils - Peso MyFuture 2025
2011-05-03,1.6714,true,2011-05-02,39.2717,4.3386,MyFuture 2025,PHP,N,6,A,TDF25,Sun Life Phils - Peso MyFuture 2025
2011-05-02,1.6714,true,2011-05-01,39.3763,4.3386,MyFuture 2025,PHP,N,6,A,TDF25,Sun Life Phils - Peso MyFuture 2025
2011-04-29,1.6692,true,2011-04-28,28.3506,4.2013,MyFuture 2025,PHP,N,6,A,TDF25,Sun Life Phils - Peso MyFuture 2025
2011-04-28,1.6573,true,2011-04-27,27.9176,3.4584,MyFuture 2025,PHP,N,6,A,TDF25,Sun Life Phils - Peso MyFuture 2025
2011-04-27,1.6719,true,2011-04-26,28.7364,4.3698,MyFuture 2025,PHP,N,6,A,TDF25,Sun Life Phils - Peso MyFuture 2025
2011-04-26,1.6706,true,2011-04-25,29.2534,4.2887,MyFuture 2025,PHP,N,6,A,TDF25,Sun Life Phils - Peso MyFuture 2025
2011-04-25,1.6759,true,2011-04-24,31.0116,4.6195,MyFuture 2025,PHP,N,6,A,TDF25,Sun Life Phils - Peso MyFuture 2025
2011-04-20,1.6596,true,2011-04-19,33.7201,3.602,MyFuture 2025,PHP,N,6,A,TDF25,Sun Life Phils - Peso MyFuture 2025
2011-04-19,1.6507,true,2011-04-18,30.79,3.0464,MyFuture 2025,PHP,N,6,A,TDF25,Sun Life Phils - Peso MyFuture 2025
2011-04-18,1.6609,true,2011-04-17,29.5352,3.6831,MyFuture 2025,PHP,N,6,A,TDF25,Sun Life Phils - Peso MyFuture 2025
2011-04-15,1.6512,true,2011-04-14,28.159,3.0776,MyFuture 2025,PHP,N,6,A,TDF25,Sun Life Phils - Peso MyFuture 2025
2011-04-14,1.6458,true,2011-04-13,27.2657,2.7405,MyFuture 2025,PHP,N,6,A,TDF25,Sun Life Phils - Peso MyFuture 2025
2011-04-13,1.6353,true,2011-04-12,26.317,2.085,MyFuture 2025,PHP,N,6,A,TDF25,Sun Life Phils - Peso MyFuture 2025
2011-04-12,1.6338,true,2011-04-11,26.4649,1.9914,MyFuture 2025,PHP,N,6,A,TDF25,Sun Life Phils - Peso MyFuture 2025
2011-04-11,1.6432,true,2011-04-10,28.4955,2.5782,MyFuture 2025,PHP,N,6,A,TDF25,Sun Life Phils - Peso MyFuture 2025
2011-04-08,1.6404,true,2011-04-07,28.2765,2.4034,MyFuture 2025,PHP,N,6,A,TDF25,Sun Life Phils - Peso MyFuture 2025
2011-04-07,1.6316,true,2011-04-06,27.1509,1.854,MyFuture 2025,PHP,N,6,A,TDF25,Sun Life Phils - Peso MyFuture 2025
2011-04-06,1.6269,true,2011-04-05,27.6901,1.5606,MyFuture 2025,PHP,N,6,A,TDF25,Sun Life Phils - Peso MyFuture 2025
2011-04-05,1.6084,true,2011-04-04,28.4459,0.4058,MyFuture 2025,PHP,N,6,A,TDF25,Sun Life Phils - Peso MyFuture 2025
2011-04-04,1.6208,true,2011-04-03,36.2246,1.1798,MyFuture 2025,PHP,N,6,A,TDF25,Sun Life Phils - Peso MyFuture 2025
2011-04-01,1.5903,true,2011-03-31,32.2495,-0.7241,MyFuture 2025,PHP,N,6,A,TDF25,Sun Life Phils - Peso MyFuture 2025
2011-03-31,1.562,true,2011-03-30,25.1502,-2.4908,MyFuture 2025,PHP,N,6,A,TDF25,Sun Life Phils - Peso MyFuture 2025
2011-03-30,1.5506,true,2011-03-29,23.4849,-3.2024,MyFuture 2025,PHP,N,6,A,TDF25,Sun Life Phils - Peso MyFuture 2025
2011-03-29,1.526,true,2011-03-28,22.1973,-4.7381,MyFuture 2025,PHP,N,6,A,TDF25,Sun Life Phils - Peso MyFuture 2025
2011-03-28,1.5255,true,2011-03-27,22.7174,-4.7693,MyFuture 2025,PHP,N,6,A,TDF25,Sun Life Phils - Peso MyFuture 2025
2011-03-25,1.5131,true,2011-03-24,22.1128,-5.5434,MyFuture 2025,PHP,N,6,A,TDF25,Sun Life Phils - Peso MyFuture 2025
2011-03-24,1.5029,true,2011-03-23,21.7219,-6.1802,MyFuture 2025,PHP,N,6,A,TDF25,Sun Life Phils - Peso MyFuture 2025
2011-03-23,1.5065,true,2011-03-22,23.1404,-5.9554,MyFuture 2025,PHP,N,6,A,TDF25,Sun Life Phils - Peso MyFuture 2025
2011-03-22,1.5088,true,2011-03-21,24.9317,-5.8118,MyFuture 2025,PHP,N,6,A,TDF25,Sun Life Phils - Peso MyFuture 2025
2011-03-21,1.5058,true,2011-03-20,24.4874,-5.9991,MyFuture 2025,PHP,N,6,A,TDF25,Sun Life Phils - Peso MyFuture 2025
2011-03-18,1.5046,true,2011-03-17,24.1112,-6.074,MyFuture 2025,PHP,N,6,A,TDF25,Sun Life Phils - Peso MyFuture 2025
2011-03-17,1.5006,true,2011-03-16,24.3763,-6.3237,MyFuture 2025,PHP,N,6,A,TDF25,Sun Life Phils - Peso MyFuture 2025
2011-03-16,1.519,true,2011-03-15,25.964,-5.1751,MyFuture 2025,PHP,N,6,A,TDF25,Sun Life Phils - Peso MyFuture 2025
2011-03-15,1.519,true,2011-03-14,26.0372,-5.1751,MyFuture 2025,PHP,N,6,A,TDF25,Sun Life Phils - Peso MyFuture 2025
2011-03-14,1.525,true,2011-03-13,27.1151,-4.8005,MyFuture 2025,PHP,N,6,A,TDF25,Sun Life Phils - Peso MyFuture 2025
2011-03-11,1.5188,true,2011-03-10,25.4999,-5.1876,MyFuture 2025,PHP,N,6,A,TDF25,Sun Life Phils - Peso MyFuture 2025
2011-03-10,1.5207,true,2011-03-09,25.5532,-5.069,MyFuture 2025,PHP,N,6,A,TDF25,Sun Life Phils - Peso MyFuture 2025
2011-03-09,1.5116,true,2011-03-08,24.9566,-5.6371,MyFuture 2025,PHP,N,6,A,TDF25,Sun Life Phils - Peso MyFuture 2025
2011-03-08,1.5017,true,2011-03-07,24.5604,-6.2551,MyFuture 2025,PHP,N,6,A,TDF25,Sun Life Phils - Peso MyFuture 2025
2011-03-07,1.4956,true,2011-03-06,24.7685,-6.6359,MyFuture 2025,PHP,N,6,A,TDF25,Sun Life Phils - Peso MyFuture 2025
2011-03-04,1.4914,true,2011-03-03,25.3488,-6.8981,MyFuture 2025,PHP,N,6,A,TDF25,Sun Life Phils - Peso MyFuture 2025
2011-03-03,1.4681,true,2011-03-02,22.3315,-8.3526,MyFuture 2025,PHP,N,6,A,TDF25,Sun Life Phils - Peso MyFuture 2025
2011-03-02,1.4464,true,2011-03-01,20.6137,-9.7072,MyFuture 2025,PHP,N,6,A,TDF25,Sun Life Phils - Peso MyFuture 2025
2011-03-01,1.4512,true,2011-02-28,20.6819,-9.4076,MyFuture 2025,PHP,N,6,A,TDF25,Sun Life Phils - Peso MyFuture 2025
2011-02-28,1.4395,true,2011-02-27,20.1486,-10.138,MyFuture 2025,PHP,N,6,A,TDF25,Sun Life Phils - Peso MyFuture 2025
2011-02-25,1.4264,true,2011-02-24,19.6845,-10.9557,MyFuture 2025,PHP,N,6,A,TDF25,Sun Life Phils - Peso MyFuture 2025
2011-02-24,1.4274,true,2011-02-23,21.3672,-10.8933,MyFuture 2025,PHP,N,6,A,TDF25,Sun Life Phils - Peso MyFuture 2025
2011-02-23,1.4342,true,2011-02-22,20.7849,-10.4688,MyFuture 2025,PHP,N,6,A,TDF25,Sun Life Phils - Peso MyFuture 2025
2011-02-22,1.4419,true,2011-02-21,21.0358,-9.9881,MyFuture 2025,PHP,N,6,A,TDF25,Sun Life Phils - Peso MyFuture 2025
2011-02-21,1.4626,true,2011-02-20,24.2651,-8.6959,MyFuture 2025,PHP,N,6,A,TDF25,Sun Life Phils - Peso MyFuture 2025
2011-02-18,1.4703,true,2011-02-17,24.6439,-8.2152,MyFuture 2025,PHP,N,6,A,TDF25,Sun Life Phils - Peso MyFuture 2025
2011-02-17,1.4788,true,2011-02-16,25.1523,-7.6846,MyFuture 2025,PHP,N,6,A,TDF25,Sun Life Phils - Peso MyFuture 2025
2011-02-16,1.458,true,2011-02-15,24.9679,-8.9831,MyFuture 2025,PHP,N,6,A,TDF25,Sun Life Phils - Peso MyFuture 2025
2011-02-15,1.4498,true,2011-02-14,24.6068,-9.495,MyFuture 2025,PHP,N,6,A,TDF25,Sun Life Phils - Peso MyFuture 2025
2011-02-14,1.4465,true,2011-02-13,24.3659,-9.701,MyFuture 2025,PHP,N,6,A,TDF25,Sun Life Phils - Peso MyFuture 2025
2011-02-11,1.4309,true,2011-02-10,23.8553,-10.6748,MyFuture 2025,PHP,N,6,A,TDF25,Sun Life Phils - Peso MyFuture 2025
2011-02-10,1.4284,true,2011-02-09,25.3532,-10.8309,MyFuture 2025,PHP,N,6,A,TDF25,Sun Life Phils - Peso MyFuture 2025
2011-02-09,1.4669,true,2011-02-08,30.6699,-8.4275,MyFuture 2025,PHP,N,6,A,TDF25,Sun Life Phils - Peso MyFuture 2025
2011-02-08,1.4803,true,2011-02-07,29.8737,-7.591,MyFuture 2025,PHP,N,6,A,TDF25,Sun Life Phils - Peso MyFuture 2025
2011-02-07,1.4818,true,2011-02-06,29.7889,-7.4973,MyFuture 2025,PHP,N,6,A,TDF25,Sun Life Phils - Peso MyFuture 2025
2011-02-04,1.4809,true,2011-02-03,27.8953,-7.5535,MyFuture 2025,PHP,N,6,A,TDF25,Sun Life Phils - Peso MyFuture 2025
2011-02-03,1.4856,true,2011-02-02,29.6675,-7.2601,MyFuture 2025,PHP,N,6,A,TDF25,Sun Life Phils - Peso MyFuture 2025
2011-02-02,1.4824,true,2011-02-01,29.6938,-7.4599,MyFuture 2025,PHP,N,6,A,TDF25,Sun Life Phils - Peso MyFuture 2025
2011-02-01,1.4637,true,2011-01-31,27.2008,-8.6273,MyFuture 2025,PHP,N,6,A,TDF25,Sun Life Phils - Peso MyFuture 2025
2011-01-31,1.4842,true,2011-01-30,27.061,-7.3475,MyFuture 2025,PHP,N,6,A,TDF25,Sun Life Phils - Peso MyFuture 2025
2011-01-28,1.5164,true,2011-01-27,29.2864,-5.3374,MyFuture 2025,PHP,N,6,A,TDF25,Sun Life Phils - Peso MyFuture 2025
2011-01-27,1.5175,true,2011-01-26,31.0675,-5.2687,MyFuture 2025,PHP,N,6,A,TDF25,Sun Life Phils - Peso MyFuture 2025
2011-01-26,1.486,true,2011-01-25,27.2478,-7.2352,MyFuture 2025,PHP,N,6,A,TDF25,Sun Life Phils - Peso MyFuture 2025
2011-01-25,1.4991,true,2011-01-24,27.7896,-6.4174,MyFuture 2025,PHP,N,6,A,TDF25,Sun Life Phils - Peso MyFuture 2025
2011-01-24,1.474,true,2011-01-23,24.3462,-7.9843,MyFuture 2025,PHP,N,6,A,TDF25,Sun Life Phils - Peso MyFuture 2025
2011-01-21,1.4917,true,2011-01-20,23.6284,-6.8793,MyFuture 2025,PHP,N,6,A,TDF25,Sun Life Phils - Peso MyFuture 2025
2011-01-20,1.5088,true,2011-01-19,25.1182,-5.8118,MyFuture 2025,PHP,N,6,A,TDF25,Sun Life Phils - Peso MyFuture 2025
2011-01-19,1.5258,true,2011-01-18,26.8118,-4.7506,MyFuture 2025,PHP,N,6,A,TDF25,Sun Life Phils - Peso MyFuture 2025
2011-01-18,1.5444,true,2011-01-17,27.5415,-3.5895,MyFuture 2025,PHP,N,6,A,TDF25,Sun Life Phils - Peso MyFuture 2025
2011-01-17,1.5817,true,2011-01-16,30.2025,-1.261,MyFuture 2025,PHP,N,6,A,TDF25,Sun Life Phils - Peso MyFuture 2025
2011-01-14,1.5728,true,2011-01-13,29.045,-1.8166,MyFuture 2025,PHP,N,6,A,TDF25,Sun Life Phils - Peso MyFuture 2025
2011-01-13,1.5396,true,2011-01-12,26.8204,-3.8891,MyFuture 2025,PHP,N,6,A,TDF25,Sun Life Phils - Peso MyFuture 2025
2011-01-12,1.5235,true,2011-01-11,25.5046,-4.8942,MyFuture 2025,PHP,N,6,A,TDF25,Sun Life Phils - Peso MyFuture 2025
2011-01-11,1.5303,true,2011-01-10,26.6176,-4.4697,MyFuture 2025,PHP,N,6,A,TDF25,Sun Life Phils - Peso MyFuture 2025
2011-01-10,1.5697,true,2011-01-09,29.7487,-2.0101,MyFuture 2025,PHP,N,6,A,TDF25,Sun Life Phils - Peso MyFuture 2025
2011-01-07,1.6058,true,2011-01-06,33.0516,0.2435,MyFuture 2025,PHP,N,6,A,TDF25,Sun Life Phils - Peso MyFuture 2025
2011-01-06,1.6159,true,2011-01-05,34.356,0.874,MyFuture 2025,PHP,N,6,A,TDF25,Sun Life Phils - Peso MyFuture 2025
2011-01-05,1.6159,true,2011-01-04,35.6645,0.874,MyFuture 2025,PHP,N,6,A,TDF25,Sun Life Phils - Peso MyFuture 2025
2011-01-04,1.6144,true,2011-01-03,36.1559,0.7803,MyFuture 2025,PHP,N,6,A,TDF25,Sun Life Phils - Peso MyFuture 2025
2011-01-03,1.6075,true,2011-01-02,0.0,0.3496,MyFuture 2025,PHP,N,6,A,TDF25,Sun Life Phils - Peso MyFuture 2025
2010-12-30,1.6019,true,2010-12-29,33.5584,33.5584,MyFuture 2025,PHP,N,6,A,TDF25,Sun Life Phils - Peso MyFuture 2025
2010-12-29,1.6005,true,2010-12-28,33.4417,33.4417,MyFuture 2025,PHP,N,6,A,TDF25,Sun Life Phils - Peso MyFuture 2025
2010-12-28,1.5924,true,2010-12-27,33.4004,32.7664,MyFuture 2025,PHP,N,6,A,TDF25,Sun Life Phils - Peso MyFuture 2025
2010-12-23,1.5977,true,2010-12-22,33.8107,33.2083,MyFuture 2025,PHP,N,6,A,TDF25,Sun Life Phils - Peso MyFuture 2025
2010-12-22,1.5763,true,2010-12-21,32.2399,31.424,MyFuture 2025,PHP,N,6,A,TDF25,Sun Life Phils - Peso MyFuture 2025
2010-12-21,1.5711,true,2010-12-20,30.816,30.9905,MyFuture 2025,PHP,N,6,A,TDF25,Sun Life Phils - Peso MyFuture 2025
2010-12-20,1.5711,true,2010-12-19,31.1217,30.9905,MyFuture 2025,PHP,N,6,A,TDF25,Sun Life Phils - Peso MyFuture 2025
2010-12-17,1.5667,true,2010-12-16,29.855,30.6236,MyFuture 2025,PHP,N,6,A,TDF25,Sun Life Phils - Peso MyFuture 2025
2010-12-16,1.5639,true,2010-12-15,30.5862,30.3902,MyFuture 2025,PHP,N,6,A,TDF25,Sun Life Phils - Peso MyFuture 2025
2010-12-15,1.5839,true,2010-12-14,31.8159,32.0577,MyFuture 2025,PHP,N,6,A,TDF25,Sun Life Phils - Peso MyFuture 2025
2010-12-14,1.6054,true,2010-12-13,33.8168,33.8503,MyFuture 2025,PHP,N,6,A,TDF25,Sun Life Phils - Peso MyFuture 2025
2010-12-13,1.5908,true,2010-12-12,33.2217,32.633,MyFuture 2025,PHP,N,6,A,TDF25,Sun Life Phils - Peso MyFuture 2025
2010-12-10,1.5998,true,2010-12-09,34.5953,33.3834,MyFuture 2025,PHP,N,6,A,TDF25,Sun Life Phils - Peso MyFuture 2025
2010-12-09,1.6318,true,2010-12-08,37.9608,36.0514,MyFuture 2025,PHP,N,6,A,TDF25,Sun Life Phils - Peso MyFuture 2025
2010-12-08,1.6393,true,2010-12-07,37.6175,36.6767,MyFuture 2025,PHP,N,6,A,TDF25,Sun Life Phils - Peso MyFuture 2025
2010-12-07,1.628,true,2010-12-06,35.2834,35.7345,MyFuture 2025,PHP,N,6,A,TDF25,Sun Life Phils - Peso MyFuture 2025
2010-12-06,1.6367,true,2010-12-05,35.3092,36.4599,MyFuture 2025,PHP,N,6,A,TDF25,Sun Life Phils - Peso MyFuture 2025
2010-12-03,1.6255,true,2010-12-02,33.764,35.5261,MyFuture 2025,PHP,N,6,A,TDF25,Sun Life Phils - Peso MyFuture 2025
2010-12-02,1.6142,true,2010-12-01,32.2789,34.584,MyFuture 2025,PHP,N,6,A,TDF25,Sun Life Phils - Peso MyFuture 2025
2010-12-01,1.5576,true,2010-11-30,28.0079,29.8649,MyFuture 2025,PHP,N,6,A,TDF25,Sun Life Phils - Peso MyFuture 2025
2010-11-30,1.5432,true,2010-11-29,27.7483,28.6643,MyFuture 2025,PHP,N,6,A,TDF25,Sun Life Phils - Peso MyFuture 2025
2010-11-26,1.5774,true,2010-11-25,29.7097,31.5158,MyFuture 2025,PHP,N,6,A,TDF25,Sun Life Phils - Peso MyFuture 2025
2010-11-25,1.593,true,2010-11-24,31.8709,32.8164,MyFuture 2025,PHP,N,6,A,TDF25,Sun Life Phils - Peso MyFuture 2025
2010-11-24,1.6035,true,2010-11-23,32.6742,33.6918,MyFuture 2025,PHP,N,6,A,TDF25,Sun Life Phils - Peso MyFuture 2025
2010-11-23,1.6104,true,2010-11-22,33.743,34.2671,MyFuture 2025,PHP,N,6,A,TDF25,Sun Life Phils - Peso MyFuture 2025
2010-11-22,1.6271,true,2010-11-21,34.3489,35.6595,MyFuture 2025,PHP,N,6,A,TDF25,Sun Life Phils - Peso MyFuture 2025
2010-11-19,1.6348,true,2010-11-18,33.8354,36.3015,MyFuture 2025,PHP,N,6,A,TDF25,Sun Life Phils - Peso MyFuture 2025
2010-11-18,1.5986,true,2010-11-17,31.4314,33.2833,MyFuture 2025,PHP,N,6,A,TDF25,Sun Life Phils - Peso MyFuture 2025
2010-11-17,1.5794,true,2010-11-16,30.4427,31.6825,MyFuture 2025,PHP,N,6,A,TDF25,Sun Life Phils - Peso MyFuture 2025
2010-11-15,1.5962,true,2010-11-14,32.8174,33.0832,MyFuture 2025,PHP,N,6,A,TDF25,Sun Life Phils - Peso MyFuture 2025
2010-11-12,1.5732,true,2010-11-11,30.2857,31.1656,MyFuture 2025,PHP,N,6,A,TDF25,Sun Life Phils - Peso MyFuture 2025
2010-11-11,1.5999,true,2010-11-10,34.2536,33.3917,MyFuture 2025,PHP,N,6,A,TDF25,Sun Life Phils - Peso MyFuture 2025
2010-11-10,1.6052,true,2010-11-09,35.9187,33.8336,MyFuture 2025,PHP,N,6,A,TDF25,Sun Life Phils - Peso MyFuture 2025
2010-11-09,1.6381,true,2010-11-08,41.3496,36.5766,MyFuture 2025,PHP,N,6,A,TDF25,Sun Life Phils - Peso MyFuture 2025
2010-11-08,1.6497,true,2010-11-07,40.9398,37.5438,MyFuture 2025,PHP,N,6,A,TDF25,Sun Life Phils - Peso MyFuture 2025
2010-11-05,1.669,true,2010-11-04,43.607,39.1529,MyFuture 2025,PHP,N,6,A,TDF25,Sun Life Phils - Peso MyFuture 2025
2010-11-04,1.6765,true,2010-11-03,45.808,39.7782,MyFuture 2025,PHP,N,6,A,TDF25,Sun Life Phils - Peso MyFuture 2025
2010-11-03,1.6699,true,2010-11-02,45.3477,39.2279,MyFuture 2025,PHP,N,6,A,TDF25,Sun Life Phils - Peso MyFuture 2025
2010-11-02,1.6575,true,2010-11-01,42.1892,38.1941,MyFuture 2025,PHP,N,6,A,TDF25,Sun Life Phils - Peso MyFuture 2025
2010-10-29,1.6315,true,2010-10-28,41.1943,36.0263,MyFuture 2025,PHP,N,6,A,TDF25,Sun Life Phils - Peso MyFuture 2025
2010-10-28,1.6291,true,2010-10-27,38.9187,35.8262,MyFuture 2025,PHP,N,6,A,TDF25,Sun Life Phils - Peso MyFuture 2025
2010-10-27,1.6253,true,2010-10-26,37.3068,35.5094,MyFuture 2025,PHP,N,6,A,TDF25,Sun Life Phils - Peso MyFuture 2025
2010-10-26,1.6256,true,2010-10-25,37.7277,35.5344,MyFuture 2025,PHP,N,6,A,TDF25,Sun Life Phils - Peso MyFuture 2025
2010-10-22,1.6254,true,2010-10-21,39.0776,35.5178,MyFuture 2025,PHP,N,6,A,TDF25,Sun Life Phils - Peso MyFuture 2025
2010-10-21,1.6053,true,2010-10-20,36.2502,33.8419,MyFuture 2025,PHP,N,6,A,TDF25,Sun Life Phils - Peso MyFuture 2025
2010-10-20,1.5882,true,2010-10-19,33.777,32.4162,MyFuture 2025,PHP,N,6,A,TDF25,Sun Life Phils - Peso MyFuture 2025
2010-10-19,1.5871,true,2010-10-18,34.0003,32.3245,MyFuture 2025,PHP,N,6,A,TDF25,Sun Life Phils - Peso MyFuture 2025
2010-10-18,1.5913,true,2010-10-17,34.5481,32.6747,MyFuture 2025,PHP,N,6,A,TDF25,Sun Life Phils - Peso MyFuture 2025
2010-10-15,1.5956,true,2010-10-14,34.2307,33.0332,MyFuture 2025,PHP,N,6,A,TDF25,Sun Life Phils - Peso MyFuture 2025
2010-10-14,1.5981,true,2010-10-13,34.3958,33.2416,MyFuture 2025,PHP,N,6,A,TDF25,Sun Life Phils - Peso MyFuture 2025
2010-10-13,1.5824,true,2010-10-12,33.109,31.9326,MyFuture 2025,PHP,N,6,A,TDF25,Sun Life Phils - Peso MyFuture 2025
2010-10-12,1.5801,true,2010-10-11,33.2181,31.7409,MyFuture 2025,PHP,N,6,A,TDF25,Sun Life Phils - Peso MyFuture 2025
2010-10-11,1.6013,true,2010-10-10,34.1347,33.5084,MyFuture 2025,PHP,N,6,A,TDF25,Sun Life Phils - Peso MyFuture 2025
2010-10-08,1.6022,true,2010-10-07,33.3833,33.5835,MyFuture 2025,PHP,N,6,A,TDF25,Sun Life Phils - Peso MyFuture 2025
2010-10-07,1.6014,true,2010-10-06,33.3833,33.5168,MyFuture 2025,PHP,N,6,A,TDF25,Sun Life Phils - Peso MyFuture 2025
2010-10-06,1.5829,true,2010-10-05,34.7264,31.9743,MyFuture 2025,PHP,N,6,A,TDF25,Sun Life Phils - Peso MyFuture 2025
2010-10-05,1.5754,true,2010-10-04,35.332,31.349,MyFuture 2025,PHP,N,6,A,TDF25,Sun Life Phils - Peso MyFuture 2025
2010-10-04,1.5791,true,2010-10-03,35.4637,31.6575,MyFuture 2025,PHP,N,6,A,TDF25,Sun Life Phils - Peso MyFuture 2025
2010-10-01,1.5539,true,2010-09-30,32.9825,29.5564,MyFuture 2025,PHP,N,6,A,TDF25,Sun Life Phils - Peso MyFuture 2025
2010-09-30,1.5476,true,2010-09-29,33.2644,29.0312,MyFuture 2025,PHP,N,6,A,TDF25,Sun Life Phils - Peso MyFuture 2025
2010-09-29,1.5526,true,2010-09-28,33.8333,29.4481,MyFuture 2025,PHP,N,6,A,TDF25,Sun Life Phils - Peso MyFuture 2025
2010-09-28,1.5605,true,2010-09-27,35.7901,30.1067,MyFuture 2025,PHP,N,6,A,TDF25,Sun Life Phils - Peso MyFuture 2025
2010-09-27,1.5579,true,2010-09-26,33.9323,29.8899,MyFuture 2025,PHP,N,6,A,TDF25,Sun Life Phils - Peso MyFuture 2025
2010-09-24,1.5345,true,2010-09-23,31.2324,27.939,MyFuture 2025,PHP,N,6,A,TDF25,Sun Life Phils - Peso MyFuture 2025
2010-09-23,1.5327,true,2010-09-22,31.0336,27.7889,MyFuture 2025,PHP,N,6,A,TDF25,Sun Life Phils - Peso MyFuture 2025
2010-09-22,1.534,true,2010-09-21,32.9635,27.8973,MyFuture 2025,PHP,N,6,A,TDF25,Sun Life Phils - Peso MyFuture 2025
2010-09-21,1.5503,true,2010-09-20,33.6696,29.2563,MyFuture 2025,PHP,N,6,A,TDF25,Sun Life Phils - Peso MyFuture 2025
2010-09-20,1.5415,true,2010-09-19,32.9108,28.5226,MyFuture 2025,PHP,N,6,A,TDF25,Sun Life Phils - Peso MyFuture 2025
2010-09-17,1.5188,true,2010-09-16,31.4751,26.63,MyFuture 2025,PHP,N,6,A,TDF25,Sun Life Phils - Peso MyFuture 2025
2010-09-16,1.5318,true,2010-09-15,33.119,27.7139,MyFuture 2025,PHP,N,6,A,TDF25,Sun Life Phils - Peso MyFuture 2025
2010-09-15,1.5243,true,2010-09-14,32.1342,27.0885,MyFuture 2025,PHP,N,6,A,TDF25,Sun Life Phils - Peso MyFuture 2025
2010-09-14,1.5271,true,2010-09-13,31.2505,27.322,MyFuture 2025,PHP,N,6,A,TDF25,Sun Life Phils - Peso MyFuture 2025
2010-09-13,1.5286,true,2010-09-12,30.0604,27.4471,MyFuture 2025,PHP,N,6,A,TDF25,Sun Life Phils - Peso MyFuture 2025
2010-09-09,1.4976,true,2010-09-08,29.8422,24.8624,MyFuture 2025,PHP,N,6,A,TDF25,Sun Life Phils - Peso MyFuture 2025
2010-09-08,1.4539,true,2010-09-07,25.3794,21.2189,MyFuture 2025,PHP,N,6,A,TDF25,Sun Life Phils - Peso MyFuture 2025
2010-09-07,1.4439,true,2010-09-06,25.1539,20.3852,MyFuture 2025,PHP,N,6,A,TDF25,Sun Life Phils - Peso MyFuture 2025
2010-09-06,1.4366,true,2010-09-05,24.5211,19.7766,MyFuture 2025,PHP,N,6,A,TDF25,Sun Life Phils - Peso MyFuture 2025
2010-09-03,1.4297,true,2010-09-02,25.3573,19.2013,MyFuture 2025,PHP,N,6,A,TDF25,Sun Life Phils - Peso MyFuture 2025
2010-09-02,1.3975,true,2010-09-01,22.3837,16.5166,MyFuture 2025,PHP,N,6,A,TDF25,Sun Life Phils - Peso MyFuture 2025
2010-09-01,1.372,true,2010-08-31,18.6851,14.3905,MyFuture 2025,PHP,N,6,A,TDF25,Sun Life Phils - Peso MyFuture 2025
2010-08-31,1.3624,true,2010-08-30,16.9241,13.5901,MyFuture 2025,PHP,N,6,A,TDF25,Sun Life Phils - Peso MyFuture 2025
2010-08-27,1.3619,true,2010-08-26,17.2334,13.5484,MyFuture 2025,PHP,N,6,A,TDF25,Sun Life Phils - Peso MyFuture 2025
2010-08-26,1.3761,true,2010-08-25,19.5465,14.7324,MyFuture 2025,PHP,N,6,A,TDF25,Sun Life Phils - Peso MyFuture 2025
2010-08-25,1.3562,true,2010-08-24,18.4144,13.0732,MyFuture 2025,PHP,N,6,A,TDF25,Sun Life Phils - Peso MyFuture 2025
2010-08-24,1.3509,true,2010-08-23,17.664,12.6313,MyFuture 2025,PHP,N,6,A,TDF25,Sun Life Phils - Peso MyFuture 2025
2010-08-23,1.3796,true,2010-08-22,24.2435,15.0242,MyFuture 2025,PHP,N,6,A,TDF25,Sun Life Phils - Peso MyFuture 2025
2010-08-20,1.3773,true,2010-08-19,24.0364,14.8324,MyFuture 2025,PHP,N,6,A,TDF25,Sun Life Phils - Peso MyFuture 2025
2010-08-19,1.3634,true,2010-08-18,21.6561,13.6735,MyFuture 2025,PHP,N,6,A,TDF25,Sun Life Phils - Peso MyFuture 2025
2010-08-18,1.3556,true,2010-08-17,21.7313,13.0232,MyFuture 2025,PHP,N,6,A,TDF25,Sun Life Phils - Peso MyFuture 2025
2010-08-17,1.3431,true,2010-08-16,20.0912,11.981,MyFuture 2025,PHP,N,6,A,TDF25,Sun Life Phils - Peso MyFuture 2025
2010-08-16,1.3353,true,2010-08-15,17.4613,11.3307,MyFuture 2025,PHP,N,6,A,TDF25,Sun Life Phils - Peso MyFuture 2025
2010-08-13,1.32,true,2010-08-12,16.9798,10.055,MyFuture 2025,PHP,N,6,A,TDF25,Sun Life Phils - Peso MyFuture 2025
2010-08-12,1.3254,true,2010-08-11,18.4027,10.5053,MyFuture 2025,PHP,N,6,A,TDF25,Sun Life Phils - Peso MyFuture 2025
2010-08-11,1.3387,true,2010-08-10,18.7633,11.6141,MyFuture 2025,PHP,N,6,A,TDF25,Sun Life Phils - Peso MyFuture 2025
2010-08-10,1.3385,true,2010-08-09,18.7456,11.5975,MyFuture 2025,PHP,N,6,A,TDF25,Sun Life Phils - Peso MyFuture 2025
2010-08-09,1.3358,true,2010-08-08,19.6417,11.3724,MyFuture 2025,PHP,N,6,A,TDF25,Sun Life Phils - Peso MyFuture 2025
2010-08-06,1.3333,true,2010-08-05,17.7515,11.1639,MyFuture 2025,PHP,N,6,A,TDF25,Sun Life Phils - Peso MyFuture 2025
2010-08-05,1.3339,true,2010-08-04,15.9308,11.2139,MyFuture 2025,PHP,N,6,A,TDF25,Sun Life Phils - Peso MyFuture 2025
2010-08-04,1.3285,true,2010-08-03,15.4615,10.7637,MyFuture 2025,PHP,N,6,A,TDF25,Sun Life Phils - Peso MyFuture 2025
2010-08-03,1.3249,true,2010-08-02,16.5977,10.4636,MyFuture 2025,PHP,N,6,A,TDF25,Sun Life Phils - Peso MyFuture 2025
2010-08-02,1.3163,true,2010-08-01,27.0437,9.7465,MyFuture 2025,PHP,N,6,A,TDF25,Sun Life Phils - Peso MyFuture 2025
2010-07-30,1.3088,true,2010-07-29,18.2936,9.1212,MyFuture 2025,PHP,N,6,A,TDF25,Sun Life Phils - Peso MyFuture 2025
2010-07-29,1.3109,true,2010-07-28,18.1736,9.2963,MyFuture 2025,PHP,N,6,A,TDF25,Sun Life Phils - Peso MyFuture 2025
2010-07-28,1.3196,true,2010-07-27,19.2374,10.0217,MyFuture 2025,PHP,N,6,A,TDF25,Sun Life Phils - Peso MyFuture 2025
2010-07-27,1.3195,true,2010-07-26,18.9167,10.0133,MyFuture 2025,PHP,N,6,A,TDF25,Sun Life Phils - Peso MyFuture 2025
2010-07-26,1.3151,true,2010-07-25,19.816,9.6465,MyFuture 2025,PHP,N,6,A,TDF25,Sun Life Phils - Peso MyFuture 2025
2010-07-23,1.3157,true,2010-07-22,22.1975,9.6965,MyFuture 2025,PHP,N,6,A,TDF25,Sun Life Phils - Peso MyFuture 2025
2010-07-22,1.3135,true,2010-07-21,21.9139,9.5131,MyFuture 2025,PHP,N,6,A,TDF25,Sun Life Phils - Peso MyFuture 2025
2010-07-21,1.3131,true,2010-07-20,22.4336,9.4797,MyFuture 2025,PHP,N,6,A,TDF25,Sun Life Phils - Peso MyFuture 2025
2010-07-20,1.3077,true,2010-07-19,22.0097,9.0295,MyFuture 2025,PHP,N,6,A,TDF25,Sun Life Phils - Peso MyFuture 2025
2010-07-19,1.3138,true,2010-07-18,24.2247,9.5381,MyFuture 2025,PHP,N,6,A,TDF25,Sun Life Phils - Peso MyFuture 2025
2010-07-16,1.3191,true,2010-07-15,24.714,9.98,MyFuture 2025,PHP,N,6,A,TDF25,Sun Life Phils - Peso MyFuture 2025
2010-07-15,1.3303,true,2010-07-14,27.0583,10.9138,MyFuture 2025,PHP,N,6,A,TDF25,Sun Life Phils - Peso MyFuture 2025
2010-07-14,1.3354,true,2010-07-13,28.2066,11.339,MyFuture 2025,PHP,N,6,A,TDF25,Sun Life Phils - Peso MyFuture 2025
2010-07-13,1.3237,true,2010-07-12,27.6717,10.3635,MyFuture 2025,PHP,N,6,A,TDF25,Sun Life Phils - Peso MyFuture 2025
2010-07-12,1.313,true,2010-07-11,26.0924,9.4714,MyFuture 2025,PHP,N,6,A,TDF25,Sun Life Phils - Peso MyFuture 2025
2010-07-09,1.3052,true,2010-07-08,25.5724,8.8211,MyFuture 2025,PHP,N,6,A,TDF25,Sun Life Phils - Peso MyFuture 2025
2010-07-08,1.3055,true,2010-07-07,25.9163,8.8461,MyFuture 2025,PHP,N,6,A,TDF25,Sun Life Phils - Peso MyFuture 2025
2010-07-07,1.2902,true,2010-07-06,24.0935,7.5705,MyFuture 2025,PHP,N,6,A,TDF25,Sun Life Phils - Peso MyFuture 2025
2010-07-06,1.2861,true,2010-07-05,24.2009,7.2286,MyFuture 2025,PHP,N,6,A,TDF25,Sun Life Phils - Peso MyFuture 2025
2010-07-05,1.2773,true,2010-07-04,23.7214,6.4949,MyFuture 2025,PHP,N,6,A,TDF25,Sun Life Phils - Peso MyFuture 2025
2010-07-02,1.2712,true,2010-07-01,22.6909,5.9863,MyFuture 2025,PHP,N,6,A,TDF25,Sun Life Phils - Peso MyFuture 2025
2010-07-01,1.2817,true,2010-06-30,23.8477,6.8618,MyFuture 2025,PHP,N,6,A,TDF25,Sun Life Phils - Peso MyFuture 2025
2010-06-29,1.2998,true,2010-06-28,24.1808,8.3709,MyFuture 2025,PHP,N,6,A,TDF25,Sun Life Phils - Peso MyFuture 2025
2010-06-28,1.2985,true,2010-06-27,23.5725,8.2625,MyFuture 2025,PHP,N,6,A,TDF25,Sun Life Phils - Peso MyFuture 2025
2010-06-25,1.2955,true,2010-06-24,23.8646,8.0123,MyFuture 2025,PHP,N,6,A,TDF25,Sun Life Phils - Peso MyFuture 2025
2010-06-24,1.2906,true,2010-06-23,25.1066,7.6038,MyFuture 2025,PHP,N,6,A,TDF25,Sun Life Phils - Peso MyFuture 2025
2010-06-23,1.2942,true,2010-06-22,27.2191,7.904,MyFuture 2025,PHP,N,6,A,TDF25,Sun Life Phils - Peso MyFuture 2025
2010-06-22,1.2962,true,2010-06-21,25.5521,8.0707,MyFuture 2025,PHP,N,6,A,TDF25,Sun Life Phils - Peso MyFuture 2025
2010-06-21,1.2975,true,2010-06-20,26.573,8.1791,MyFuture 2025,PHP,N,6,A,TDF25,Sun Life Phils - Peso MyFuture 2025
2010-06-18,1.285,true,2010-06-17,23.7838,7.1369,MyFuture 2025,PHP,N,6,A,TDF25,Sun Life Phils - Peso MyFuture 2025
2010-06-17,1.2772,true,2010-06-16,22.5837,6.4866,MyFuture 2025,PHP,N,6,A,TDF25,Sun Life Phils - Peso MyFuture 2025
2010-06-16,1.2746,true,2010-06-15,19.827,6.2698,MyFuture 2025,PHP,N,6,A,TDF25,Sun Life Phils - Peso MyFuture 2025
2010-06-15,1.2689,true,2010-06-14,16.0402,5.7946,MyFuture 2025,PHP,N,6,A,TDF25,Sun Life Phils - Peso MyFuture 2025
2010-06-11,1.2625,true,2010-06-10,15.0342,5.261,MyFuture 2025,PHP,N,6,A,TDF25,Sun Life Phils - Peso MyFuture 2025
2010-06-10,1.2516,true,2010-06-09,15.6212,4.3522,MyFuture 2025,PHP,N,6,A,TDF25,Sun Life Phils - Peso MyFuture 2025
2010-06-09,1.2602,true,2010-06-08,17.3698,5.0692,MyFuture 2025,PHP,N,6,A,TDF25,Sun Life Phils - Peso MyFuture 2025
2010-06-08,1.2663,true,2010-06-07,17.0008,5.5778,MyFuture 2025,PHP,N,6,A,TDF25,Sun Life Phils - Peso MyFuture 2025
2010-06-07,1.2635,true,2010-06-06,16.3551,5.3443,MyFuture 2025,PHP,N,6,A,TDF25,Sun Life Phils - Peso MyFuture 2025
2010-06-04,1.291,true,2010-06-03,19.537,7.6372,MyFuture 2025,PHP,N,6,A,TDF25,Sun Life Phils - Peso MyFuture 2025
2010-06-03,1.2927,true,2010-06-02,20.0501,7.7789,MyFuture 2025,PHP,N,6,A,TDF25,Sun Life Phils - Peso MyFuture 2025
2010-06-02,1.277,true,2010-06-01,17.6308,6.4699,MyFuture 2025,PHP,N,6,A,TDF25,Sun Life Phils - Peso MyFuture 2025
2010-06-01,1.2739,true,2010-05-31,18.4582,6.2114,MyFuture 2025,PHP,N,6,A,TDF25,Sun Life Phils - Peso MyFuture 2025
2010-05-31,1.28,true,2010-05-30,22.0093,6.72,MyFuture 2025,PHP,N,6,A,TDF25,Sun Life Phils - Peso MyFuture 2025
2010-05-28,1.2739,true,2010-05-27,23.2012,6.2114,MyFuture 2025,PHP,N,6,A,TDF25,Sun Life Phils - Peso MyFuture 2025
2010-05-27,1.2472,true,2010-05-26,20.4442,3.9853,MyFuture 2025,PHP,N,6,A,TDF25,Sun Life Phils - Peso MyFuture 2025
2010-05-26,1.2372,true,2010-05-25,21.2466,3.1516,MyFuture 2025,PHP,N,6,A,TDF25,Sun Life Phils - Peso MyFuture 2025
2010-05-25,1.2288,true,2010-05-24,19.3473,2.4512,MyFuture 2025,PHP,N,6,A,TDF25,Sun Life Phils - Peso MyFuture 2025
2010-05-24,1.2589,true,2010-05-23,23.0957,4.9608,MyFuture 2025,PHP,N,6,A,TDF25,Sun Life Phils - Peso MyFuture 2025
2010-05-21,1.2521,true,2010-05-20,21.4923,4.3939,MyFuture 2025,PHP,N,6,A,TDF25,Sun Life Phils - Peso MyFuture 2025
2010-05-20,1.2686,true,2010-05-19,23.0456,5.7696,MyFuture 2025,PHP,N,6,A,TDF25,Sun Life Phils - Peso MyFuture 2025
2010-05-19,1.2712,true,2010-05-18,24.4688,5.9863,MyFuture 2025,PHP,N,6,A,TDF25,Sun Life Phils - Peso MyFuture 2025
2010-05-18,1.2873,true,2010-05-17,27.1407,7.3287,MyFuture 2025,PHP,N,6,A,TDF25,Sun Life Phils - Peso MyFuture 2025
2010-05-17,1.2947,true,2010-05-16,27.0684,7.9456,MyFuture 2025,PHP,N,6,A,TDF25,Sun Life Phils - Peso MyFuture 2025
2010-05-14,1.3092,true,2010-05-13,30.4894,9.1546,MyFuture 2025,PHP,N,6,A,TDF25,Sun Life Phils - Peso MyFuture 2025
2010-05-13,1.3043,true,2010-05-12,29.1386,8.746,MyFuture 2025,PHP,N,6,A,TDF25,Sun Life Phils - Peso MyFuture 2025
2010-05-12,1.2837,true,2010-05-11,27.935,7.0285,MyFuture 2025,PHP,N,6,A,TDF25,Sun Life Phils - Peso MyFuture 2025
2010-05-11,1.2786,true,2010-05-10,26.3938,6.6033,MyFuture 2025,PHP,N,6,A,TDF25,Sun Life Phils - Peso MyFuture 2025
2010-05-07,1.2401,true,2010-05-06,23.5405,3.3934,MyFuture 2025,PHP,N,6,A,TDF25,Sun Life Phils - Peso MyFuture 2025
2010-05-06,1.2497,true,2010-05-05,26.0795,4.1938,MyFuture 2025,PHP,N,6,A,TDF25,Sun Life Phils - Peso MyFuture 2025
2010-05-05,1.2508,true,2010-05-04,26.3307,4.2855,MyFuture 2025,PHP,N,6,A,TDF25,Sun Life Phils - Peso MyFuture 2025
2010-05-04,1.2945,true,2010-05-03,33.3024,7.929,MyFuture 2025,PHP,N,6,A,TDF25,Sun Life Phils - Peso MyFuture 2025
2010-04-30,1.2953,true,2010-04-29,35.1523,7.9957,MyFuture 2025,PHP,N,6,A,TDF25,Sun Life Phils - Peso MyFuture 2025
2010-04-29,1.3005,true,2010-04-28,37.7648,8.4292,MyFuture 2025,PHP,N,6,A,TDF25,Sun Life Phils - Peso MyFuture 2025
2010-04-28,1.2956,true,2010-04-27,36.9411,8.0207,MyFuture 2025,PHP,N,6,A,TDF25,Sun Life Phils - Peso MyFuture 2025
2010-04-27,1.2987,true,2010-04-26,36.5615,8.2791,MyFuture 2025,PHP,N,6,A,TDF25,Sun Life Phils - Peso MyFuture 2025
2010-04-26,1.2925,true,2010-04-25,35.0998,7.7622,MyFuture 2025,PHP,N,6,A,TDF25,Sun Life Phils - Peso MyFuture 2025
2010-04-23,1.2792,true,2010-04-22,34.894,6.6533,MyFuture 2025,PHP,N,6,A,TDF25,Sun Life Phils - Peso MyFuture 2025
2010-04-22,1.2774,true,2010-04-21,34.3924,6.5033,MyFuture 2025,PHP,N,6,A,TDF25,Sun Life Phils - Peso MyFuture 2025
2010-04-21,1.2632,true,2010-04-20,34.1974,5.3193,MyFuture 2025,PHP,N,6,A,TDF25,Sun Life Phils - Peso MyFuture 2025
2010-04-20,1.2411,true,2010-04-19,30.1626,3.4767,MyFuture 2025,PHP,N,6,A,TDF25,Sun Life Phils - Peso MyFuture 2025
2010-04-19,1.2621,true,2010-04-18,32.1848,5.2276,MyFuture 2025,PHP,N,6,A,TDF25,Sun Life Phils - Peso MyFuture 2025
2010-04-16,1.2822,true,2010-04-15,35.7256,6.9035,MyFuture 2025,PHP,N,6,A,TDF25,Sun Life Phils - Peso MyFuture 2025
2010-04-15,1.2884,true,2010-04-14,38.5078,7.4204,MyFuture 2025,PHP,N,6,A,TDF25,Sun Life Phils - Peso MyFuture 2025
2010-04-14,1.2932,true,2010-04-13,39.0986,7.8206,MyFuture 2025,PHP,N,6,A,TDF25,Sun Life Phils - Peso MyFuture 2025
2010-04-13,1.2946,true,2010-04-12,39.2792,7.9373,MyFuture 2025,PHP,N,6,A,TDF25,Sun Life Phils - Peso MyFuture 2025
2010-04-12,1.2919,true,2010-04-11,38.2007,7.7122,MyFuture 2025,PHP,N,6,A,TDF25,Sun Life Phils - Peso MyFuture 2025
2010-04-08,1.2788,true,2010-04-07,36.7993,6.62,MyFuture 2025,PHP,N,6,A,TDF25,Sun Life Phils - Peso MyFuture 2025
2010-04-07,1.2832,true,2010-04-06,37.9488,6.9868,MyFuture 2025,PHP,N,6,A,TDF25,Sun Life Phils - Peso MyFuture 2025
2010-04-06,1.2741,true,2010-04-05,37.8449,6.2281,MyFuture 2025,PHP,N,6,A,TDF25,Sun Life Phils - Peso MyFuture 2025
2010-04-05,1.2522,true,2010-04-04,35.4755,4.4022,MyFuture 2025,PHP,N,6,A,TDF25,Sun Life Phils - Peso MyFuture 2025
2010-03-31,1.2481,true,2010-03-30,37.0785,4.0604,MyFuture 2025,PHP,N,6,A,TDF25,Sun Life Phils - Peso MyFuture 2025
2010-03-30,1.2557,true,2010-03-29,35.4877,4.694,MyFuture 2025,PHP,N,6,A,TDF25,Sun Life Phils - Peso MyFuture 2025
2010-03-29,1.2488,true,2010-03-28,33.6902,4.1187,MyFuture 2025,PHP,N,6,A,TDF25,Sun Life Phils - Peso MyFuture 2025
2010-03-26,1.2431,true,2010-03-25,34.4037,3.6435,MyFuture 2025,PHP,N,6,A,TDF25,Sun Life Phils - Peso MyFuture 2025
2010-03-25,1.2391,true,2010-03-24,36.0303,3.31,MyFuture 2025,PHP,N,6,A,TDF25,Sun Life Phils - Peso MyFuture 2025
2010-03-24,1.2347,true,2010-03-23,36.1902,2.9431,MyFuture 2025,PHP,N,6,A,TDF25,Sun Life Phils - Peso MyFuture 2025
2010-03-23,1.2234,true,2010-03-22,36.6469,2.001,MyFuture 2025,PHP,N,6,A,TDF25,Sun Life Phils - Peso MyFuture 2025
2010-03-22,1.2077,true,2010-03-21,37.0206,0.692,MyFuture 2025,PHP,N,6,A,TDF25,Sun Life Phils - Peso MyFuture 2025
2010-03-19,1.2096,true,2010-03-18,39.403,0.8504,MyFuture 2025,PHP,N,6,A,TDF25,Sun Life Phils - Peso MyFuture 2025
2010-03-18,1.2123,true,2010-03-17,40.687,1.0755,MyFuture 2025,PHP,N,6,A,TDF25,Sun Life Phils - Peso MyFuture 2025
2010-03-17,1.2065,true,2010-03-16,40.6505,0.592,MyFuture 2025,PHP,N,6,A,TDF25,Sun Life Phils - Peso MyFuture 2025
2010-03-16,1.2059,true,2010-03-15,40.1557,0.5419,MyFuture 2025,PHP,N,6,A,TDF25,Sun Life Phils - Peso MyFuture 2025
2010-03-15,1.2052,true,2010-03-14,38.1318,0.4836,MyFuture 2025,PHP,N,6,A,TDF25,Sun Life Phils - Peso MyFuture 2025
2010-03-12,1.1997,true,2010-03-11,38.087,0.025,MyFuture 2025,PHP,N,6,A,TDF25,Sun Life Phils - Peso MyFuture 2025
2010-03-11,1.2102,true,2010-03-10,38.0719,0.9005,MyFuture 2025,PHP,N,6,A,TDF25,Sun Life Phils - Peso MyFuture 2025
2010-03-10,1.2112,true,2010-03-09,39.1224,0.9838,MyFuture 2025,PHP,N,6,A,TDF25,Sun Life Phils - Peso MyFuture 2025
2010-03-09,1.2097,true,2010-03-08,37.9519,0.8588,MyFuture 2025,PHP,N,6,A,TDF25,Sun Life Phils - Peso MyFuture 2025
2010-03-08,1.2056,true,2010-03-07,36.1952,0.5169,MyFuture 2025,PHP,N,6,A,TDF25,Sun Life Phils - Peso MyFuture 2025
2010-03-05,1.1987,true,2010-03-04,35.2171,-0.0584,MyFuture 2025,PHP,N,6,A,TDF25,Sun Life Phils - Peso MyFuture 2025
2010-03-04,1.1898,true,2010-03-03,35.915,-0.8004,MyFuture 2025,PHP,N,6,A,TDF25,Sun Life Phils - Peso MyFuture 2025
2010-03-03,1.2001,true,2010-03-02,38.0536,0.0584,MyFuture 2025,PHP,N,6,A,TDF25,Sun Life Phils - Peso MyFuture 2025
2010-03-02,1.1992,true,2010-03-01,38.4118,-0.0167,MyFuture 2025,PHP,N,6,A,TDF25,Sun Life Phils - Peso MyFuture 2025
2010-03-01,1.2025,true,2010-02-28,37.7434,0.2585,MyFuture 2025,PHP,N,6,A,TDF25,Sun Life Phils - Peso MyFuture 2025
2010-02-26,1.1981,true,2010-02-25,36.9727,-0.1084,MyFuture 2025,PHP,N,6,A,TDF25,Sun Life Phils - Peso MyFuture 2025
2010-02-25,1.1918,true,2010-02-24,35.7403,-0.6337,MyFuture 2025,PHP,N,6,A,TDF25,Sun Life Phils - Peso MyFuture 2025
2010-02-24,1.1761,true,2010-02-23,35.0442,-1.9426,MyFuture 2025,PHP,N,6,A,TDF25,Sun Life Phils - Peso MyFuture 2025
2010-02-23,1.1874,true,2010-02-22,35.4243,-1.0005,MyFuture 2025,PHP,N,6,A,TDF25,Sun Life Phils - Peso MyFuture 2025
2010-02-22,1.1913,true,2010-02-21,35.5907,-0.6753,MyFuture 2025,PHP,N,6,A,TDF25,Sun Life Phils - Peso MyFuture 2025
2010-02-19,1.177,true,2010-02-18,32.6945,-1.8676,MyFuture 2025,PHP,N,6,A,TDF25,Sun Life Phils - Peso MyFuture 2025
2010-02-18,1.1796,true,2010-02-17,32.9576,-1.6508,MyFuture 2025,PHP,N,6,A,TDF25,Sun Life Phils - Peso MyFuture 2025
2010-02-17,1.1816,true,2010-02-16,32.7044,-1.4841,MyFuture 2025,PHP,N,6,A,TDF25,Sun Life Phils - Peso MyFuture 2025
2010-02-16,1.1667,true,2010-02-15,30.1539,-2.7264,MyFuture 2025,PHP,N,6,A,TDF25,Sun Life Phils - Peso MyFuture 2025
2010-02-15,1.1635,true,2010-02-14,29.4936,-2.9932,MyFuture 2025,PHP,N,6,A,TDF25,Sun Life Phils - Peso MyFuture 2025
2010-02-12,1.1631,true,2010-02-11,28.8611,-3.0265,MyFuture 2025,PHP,N,6,A,TDF25,Sun Life Phils - Peso MyFuture 2025
2010-02-11,1.1553,true,2010-02-10,29.2137,-3.6768,MyFuture 2025,PHP,N,6,A,TDF25,Sun Life Phils - Peso MyFuture 2025
2010-02-10,1.1395,true,2010-02-09,26.7802,-4.9942,MyFuture 2025,PHP,N,6,A,TDF25,Sun Life Phils - Peso MyFuture 2025
2010-02-09,1.1226,true,2010-02-08,23.2543,-6.4032,MyFuture 2025,PHP,N,6,A,TDF25,Sun Life Phils - Peso MyFuture 2025
2010-02-08,1.1398,true,2010-02-07,25.4595,-4.9692,MyFuture 2025,PHP,N,6,A,TDF25,Sun Life Phils - Peso MyFuture 2025
2010-02-05,1.1417,true,2010-02-04,28.0363,-4.8107,MyFuture 2025,PHP,N,6,A,TDF25,Sun Life Phils - Peso MyFuture 2025
2010-02-04,1.1579,true,2010-02-03,31.7592,-3.4601,MyFuture 2025,PHP,N,6,A,TDF25,Sun Life Phils - Peso MyFuture 2025
2010-02-03,1.1457,true,2010-02-02,31.042,-4.4772,MyFuture 2025,PHP,N,6,A,TDF25,Sun Life Phils - Peso MyFuture 2025
2010-02-02,1.143,true,2010-02-01,30.3158,-4.7024,MyFuture 2025,PHP,N,6,A,TDF25,Sun Life Phils - Peso MyFuture 2025
2010-02-01,1.1507,true,2010-01-31,31.6289,-4.0604,MyFuture 2025,PHP,N,6,A,TDF25,Sun Life Phils - Peso MyFuture 2025
2010-01-29,1.1681,true,2010-01-28,31.6614,-2.6096,MyFuture 2025,PHP,N,6,A,TDF25,Sun Life Phils - Peso MyFuture 2025
2010-01-28,1.1729,true,2010-01-27,31.4321,-2.2094,MyFuture 2025,PHP,N,6,A,TDF25,Sun Life Phils - Peso MyFuture 2025
2010-01-27,1.1578,true,2010-01-26,29.2765,-3.4684,MyFuture 2025,PHP,N,6,A,TDF25,Sun Life Phils - Peso MyFuture 2025
2010-01-26,1.1678,true,2010-01-25,30.8899,-2.6347,MyFuture 2025,PHP,N,6,A,TDF25,Sun Life Phils - Peso MyFuture 2025
2010-01-25,1.1731,true,2010-01-24,31.7794,-2.1928,MyFuture 2025,PHP,N,6,A,TDF25,Sun Life Phils - Peso MyFuture 2025
2010-01-22,1.1854,true,2010-01-21,32.9967,-1.1673,MyFuture 2025,PHP,N,6,A,TDF25,Sun Life Phils - Peso MyFuture 2025
2010-01-21,1.2066,true,2010-01-20,36.2312,0.6003,MyFuture 2025,PHP,N,6,A,TDF25,Sun Life Phils - Peso MyFuture 2025
2010-01-20,1.2059,true,2010-01-19,32.9988,0.5419,MyFuture 2025,PHP,N,6,A,TDF25,Sun Life Phils - Peso MyFuture 2025
2010-01-19,1.2032,true,2010-01-18,32.0746,0.3168,MyFuture 2025,PHP,N,6,A,TDF25,Sun Life Phils - Peso MyFuture 2025
2010-01-18,1.2109,true,2010-01-17,31.591,0.9588,MyFuture 2025,PHP,N,6,A,TDF25,Sun Life Phils - Peso MyFuture 2025
2010-01-15,1.2148,true,2010-01-14,31.3013,1.284,MyFuture 2025,PHP,N,6,A,TDF25,Sun Life Phils - Peso MyFuture 2025
2010-01-14,1.2188,true,2010-01-13,29.9499,1.6175,MyFuture 2025,PHP,N,6,A,TDF25,Sun Life Phils - Peso MyFuture 2025
2010-01-13,1.214,true,2010-01-12,28.8337,1.2173,MyFuture 2025,PHP,N,6,A,TDF25,Sun Life Phils - Peso MyFuture 2025
2010-01-12,1.2139,true,2010-01-11,28.8641,1.2089,MyFuture 2025,PHP,N,6,A,TDF25,Sun Life Phils - Peso MyFuture 2025
2010-01-11,1.2086,true,2010-01-10,29.4975,0.7671,MyFuture 2025,PHP,N,6,A,TDF25,Sun Life Phils - Peso MyFuture 2025
2010-01-08,1.2098,true,2010-01-07,30.198,0.8671,MyFuture 2025,PHP,N,6,A,TDF25,Sun Life Phils - Peso MyFuture 2025
2010-01-07,1.2069,true,2010-01-06,28.0259,0.6253,MyFuture 2025,PHP,N,6,A,TDF25,Sun Life Phils - Peso MyFuture 2025
2010-01-06,1.2027,true,2010-01-05,29.6712,0.2751,MyFuture 2025,PHP,N,6,A,TDF25,Sun Life Phils - Peso MyFuture 2025
2010-01-05,1.1911,true,2010-01-04,28.1304,-0.692,MyFuture 2025,PHP,N,6,A,TDF25,Sun Life Phils - Peso MyFuture 2025
2010-01-04,1.1857,true,2010-01-03,0.0,-0.6702,MyFuture 2025,PHP,N,6,A,TDF25,Sun Life Phils - Peso MyFuture 2025
2009-12-29,1.1994,true,2009-12-28,32.8828,32.8828,MyFuture 2025,PHP,N,6,A,TDF25,Sun Life Phils - Peso MyFuture 2025
2009-12-28,1.1937,true,2009-12-27,32.2513,32.2513,MyFuture 2025,PHP,N,6,A,TDF25,Sun Life Phils - Peso MyFuture 2025
2009-12-23,1.194,true,2009-12-22,32.6225,32.2845,MyFuture 2025,PHP,N,6,A,TDF25,Sun Life Phils - Peso MyFuture 2025
2009-12-22,1.192,true,2009-12-21,33.4079,32.0629,MyFuture 2025,PHP,N,6,A,TDF25,Sun Life Phils - Peso MyFuture 2025
2009-12-21,1.201,true,2009-12-20,31.5011,33.06,MyFuture 2025,PHP,N,6,A,TDF25,Sun Life Phils - Peso MyFuture 2025
2009-12-18,1.1982,true,2009-12-17,31.6269,32.7498,MyFuture 2025,PHP,N,6,A,TDF25,Sun Life Phils - Peso MyFuture 2025
2009-12-17,1.2065,true,2009-12-16,32.7867,33.6694,MyFuture 2025,PHP,N,6,A,TDF25,Sun Life Phils - Peso MyFuture 2025
2009-12-16,1.1976,true,2009-12-15,32.6099,32.6834,MyFuture 2025,PHP,N,6,A,TDF25,Sun Life Phils - Peso MyFuture 2025
2009-12-15,1.2016,true,2009-12-14,32.2911,33.1265,MyFuture 2025,PHP,N,6,A,TDF25,Sun Life Phils - Peso MyFuture 2025
2009-12-14,1.1997,true,2009-12-13,32.7983,32.916,MyFuture 2025,PHP,N,6,A,TDF25,Sun Life Phils - Peso MyFuture 2025
2009-12-11,1.1941,true,2009-12-10,30.2181,32.2956,MyFuture 2025,PHP,N,6,A,TDF25,Sun Life Phils - Peso MyFuture 2025
2009-12-10,1.1886,true,2009-12-09,30.3718,31.6862,MyFuture 2025,PHP,N,6,A,TDF25,Sun Life Phils - Peso MyFuture 2025
2009-12-09,1.1828,true,2009-12-08,31.0727,31.0437,MyFuture 2025,PHP,N,6,A,TDF25,Sun Life Phils - Peso MyFuture 2025
2009-12-08,1.1912,true,2009-12-07,33.3931,31.9743,MyFuture 2025,PHP,N,6,A,TDF25,Sun Life Phils - Peso MyFuture 2025
2009-12-07,1.2034,true,2009-12-06,35.962,33.3259,MyFuture 2025,PHP,N,6,A,TDF25,Sun Life Phils - Peso MyFuture 2025
2009-12-04,1.2096,true,2009-12-03,35.9559,34.0129,MyFuture 2025,PHP,N,6,A,TDF25,Sun Life Phils - Peso MyFuture 2025
2009-12-03,1.2152,true,2009-12-02,35.9436,34.6333,MyFuture 2025,PHP,N,6,A,TDF25,Sun Life Phils - Peso MyFuture 2025
2009-12-02,1.2203,true,2009-12-01,37.4212,35.1983,MyFuture 2025,PHP,N,6,A,TDF25,Sun Life Phils - Peso MyFuture 2025
2009-12-01,1.2168,true,2009-11-30,19.9409,34.8105,MyFuture 2025,PHP,N,6,A,TDF25,Sun Life Phils - Peso MyFuture 2025
2009-11-27,1.208,true,2009-11-26,32.0507,33.8356,MyFuture 2025,PHP,N,6,A,TDF25,Sun Life Phils - Peso MyFuture 2025
2009-11-26,1.2161,true,2009-11-25,34.45,34.733,MyFuture 2025,PHP,N,6,A,TDF25,Sun Life Phils - Peso MyFuture 2025
2009-11-25,1.208,true,2009-11-24,34.4912,33.8356,MyFuture 2025,PHP,N,6,A,TDF25,Sun Life Phils - Peso MyFuture 2025
2009-11-24,1.2086,true,2009-11-23,39.352,33.9021,MyFuture 2025,PHP,N,6,A,TDF25,Sun Life Phils - Peso MyFuture 2025
2009-11-23,1.2041,true,2009-11-22,40.4035,33.4035,MyFuture 2025,PHP,N,6,A,TDF25,Sun Life Phils - Peso MyFuture 2025
2009-11-20,1.2111,true,2009-11-19,38.0486,34.179,MyFuture 2025,PHP,N,6,A,TDF25,Sun Life Phils - Peso MyFuture 2025
2009-11-19,1.2215,true,2009-11-18,36.8014,35.3313,MyFuture 2025,PHP,N,6,A,TDF25,Sun Life Phils - Peso MyFuture 2025
2009-11-18,1.2163,true,2009-11-17,37.0633,34.7552,MyFuture 2025,PHP,N,6,A,TDF25,Sun Life Phils - Peso MyFuture 2025
2009-11-17,1.2108,true,2009-11-16,33.8936,34.1458,MyFuture 2025,PHP,N,6,A,TDF25,Sun Life Phils - Peso MyFuture 2025
2009-11-16,1.2016,true,2009-11-15,31.6533,33.1265,MyFuture 2025,PHP,N,6,A,TDF25,Sun Life Phils - Peso MyFuture 2025
2009-11-13,1.2018,true,2009-11-12,33.5482,33.1487,MyFuture 2025,PHP,N,6,A,TDF25,Sun Life Phils - Peso MyFuture 2025
2009-11-12,1.2075,true,2009-11-11,32.7507,33.7802,MyFuture 2025,PHP,N,6,A,TDF25,Sun Life Phils - Peso MyFuture 2025
2009-11-11,1.1917,true,2009-11-10,30.5114,32.0297,MyFuture 2025,PHP,N,6,A,TDF25,Sun Life Phils - Peso MyFuture 2025
2009-11-10,1.181,true,2009-11-09,29.6378,30.8442,MyFuture 2025,PHP,N,6,A,TDF25,Sun Life Phils - Peso MyFuture 2025
2009-11-09,1.1589,true,2009-11-08,27.5058,28.3957,MyFuture 2025,PHP,N,6,A,TDF25,Sun Life Phils - Peso MyFuture 2025
2009-11-06,1.1705,true,2009-11-05,27.4499,29.6809,MyFuture 2025,PHP,N,6,A,TDF25,Sun Life Phils - Peso MyFuture 2025
2009-11-05,1.1622,true,2009-11-04,24.4192,28.7614,MyFuture 2025,PHP,N,6,A,TDF25,Sun Life Phils - Peso MyFuture 2025
2009-11-04,1.1498,true,2009-11-03,22.5538,27.3875,MyFuture 2025,PHP,N,6,A,TDF25,Sun Life Phils - Peso MyFuture 2025
2009-11-03,1.1489,true,2009-11-02,21.2943,27.2878,MyFuture 2025,PHP,N,6,A,TDF25,Sun Life Phils - Peso MyFuture 2025
2009-10-30,1.1616,true,2009-10-29,29.0954,28.6949,MyFuture 2025,PHP,N,6,A,TDF25,Sun Life Phils - Peso MyFuture 2025
2009-10-29,1.1555,true,2009-10-28,31.9064,28.0191,MyFuture 2025,PHP,N,6,A,TDF25,Sun Life Phils - Peso MyFuture 2025
2009-10-28,1.1727,true,2009-10-27,36.3922,29.9247,MyFuture 2025,PHP,N,6,A,TDF25,Sun Life Phils - Peso MyFuture 2025
2009-10-27,1.1837,true,2009-10-26,37.368,31.1434,MyFuture 2025,PHP,N,6,A,TDF25,Sun Life Phils - Peso MyFuture 2025
2009-10-26,1.1803,true,2009-10-25,30.1897,30.7667,MyFuture 2025,PHP,N,6,A,TDF25,Sun Life Phils - Peso MyFuture 2025
2009-10-23,1.1799,true,2009-10-22,29.2191,30.7224,MyFuture 2025,PHP,N,6,A,TDF25,Sun Life Phils - Peso MyFuture 2025
2009-10-22,1.1687,true,2009-10-21,25.7343,29.4815,MyFuture 2025,PHP,N,6,A,TDF25,Sun Life Phils - Peso MyFuture 2025
2009-10-21,1.1782,true,2009-10-20,26.3485,30.534,MyFuture 2025,PHP,N,6,A,TDF25,Sun Life Phils - Peso MyFuture 2025
2009-10-20,1.1872,true,2009-10-19,28.3876,31.5311,MyFuture 2025,PHP,N,6,A,TDF25,Sun Life Phils - Peso MyFuture 2025
2009-10-19,1.1844,true,2009-10-18,27.0952,31.2209,MyFuture 2025,PHP,N,6,A,TDF25,Sun Life Phils - Peso MyFuture 2025
2009-10-16,1.1827,true,2009-10-15,25.7389,31.0326,MyFuture 2025,PHP,N,6,A,TDF25,Sun Life Phils - Peso MyFuture 2025
2009-10-15,1.1887,true,2009-10-14,23.5141,31.6973,MyFuture 2025,PHP,N,6,A,TDF25,Sun Life Phils - Peso MyFuture 2025
2009-10-14,1.1891,true,2009-10-13,22.8029,31.7416,MyFuture 2025,PHP,N,6,A,TDF25,Sun Life Phils - Peso MyFuture 2025
2009-10-13,1.1888,true,2009-10-12,26.2264,31.7084,MyFuture 2025,PHP,N,6,A,TDF25,Sun Life Phils - Peso MyFuture 2025
2009-10-12,1.1861,true,2009-10-11,26.3691,31.4093,MyFuture 2025,PHP,N,6,A,TDF25,Sun Life Phils - Peso MyFuture 2025
2009-10-09,1.1938,true,2009-10-08,23.2501,32.2624,MyFuture 2025,PHP,N,6,A,TDF25,Sun Life Phils - Peso MyFuture 2025
2009-10-08,1.2012,true,2009-10-07,23.9373,33.0822,MyFuture 2025,PHP,N,6,A,TDF25,Sun Life Phils - Peso MyFuture 2025
2009-10-07,1.2006,true,2009-10-06,22.0122,33.0157,MyFuture 2025,PHP,N,6,A,TDF25,Sun Life Phils - Peso MyFuture 2025
2009-10-06,1.1749,true,2009-10-05,18.4614,30.1684,MyFuture 2025,PHP,N,6,A,TDF25,Sun Life Phils - Peso MyFuture 2025
2009-10-05,1.1641,true,2009-10-04,16.2124,28.9719,MyFuture 2025,PHP,N,6,A,TDF25,Sun Life Phils - Peso MyFuture 2025
2009-10-02,1.1657,true,2009-10-01,15.5646,29.1491,MyFuture 2025,PHP,N,6,A,TDF25,Sun Life Phils - Peso MyFuture 2025
2009-10-01,1.1685,true,2009-09-30,15.1799,29.4593,MyFuture 2025,PHP,N,6,A,TDF25,Sun Life Phils - Peso MyFuture 2025
2009-09-30,1.1613,true,2009-09-29,15.9792,28.6616,MyFuture 2025,PHP,N,6,A,TDF25,Sun Life Phils - Peso MyFuture 2025
2009-09-29,1.1601,true,2009-09-28,15.9984,28.5287,MyFuture 2025,PHP,N,6,A,TDF25,Sun Life Phils - Peso MyFuture 2025
2009-09-28,1.1492,true,2009-09-27,14.897,27.3211,MyFuture 2025,PHP,N,6,A,TDF25,Sun Life Phils - Peso MyFuture 2025
2009-09-25,1.1632,true,2009-09-24,16.2851,28.8721,MyFuture 2025,PHP,N,6,A,TDF25,Sun Life Phils - Peso MyFuture 2025
2009-09-24,1.1693,true,2009-09-23,17.0939,29.548,MyFuture 2025,PHP,N,6,A,TDF25,Sun Life Phils - Peso MyFuture 2025
2009-09-23,1.1697,true,2009-09-22,17.1575,29.5923,MyFuture 2025,PHP,N,6,A,TDF25,Sun Life Phils - Peso MyFuture 2025
2009-09-22,1.1537,true,2009-09-21,15.4277,27.8196,MyFuture 2025,PHP,N,6,A,TDF25,Sun Life Phils - Peso MyFuture 2025
2009-09-18,1.1598,true,2009-09-17,17.4838,28.4955,MyFuture 2025,PHP,N,6,A,TDF25,Sun Life Phils - Peso MyFuture 2025
2009-09-17,1.1552,true,2009-09-16,16.1005,27.9858,MyFuture 2025,PHP,N,6,A,TDF25,Sun Life Phils - Peso MyFuture 2025
2009-09-16,1.1507,true,2009-09-15,15.9512,27.4873,MyFuture 2025,PHP,N,6,A,TDF25,Sun Life Phils - Peso MyFuture 2025
2009-09-15,1.1536,true,2009-09-14,15.0494,27.8086,MyFuture 2025,PHP,N,6,A,TDF25,Sun Life Phils - Peso MyFuture 2025
2009-09-14,1.1635,true,2009-09-13,15.0272,28.9054,MyFuture 2025,PHP,N,6,A,TDF25,Sun Life Phils - Peso MyFuture 2025
2009-09-11,1.1753,true,2009-09-10,15.8616,30.2127,MyFuture 2025,PHP,N,6,A,TDF25,Sun Life Phils - Peso MyFuture 2025
2009-09-10,1.163,true,2009-09-09,14.4235,28.85,MyFuture 2025,PHP,N,6,A,TDF25,Sun Life Phils - Peso MyFuture 2025
2009-09-09,1.1534,true,2009-09-08,13.4008,27.7864,MyFuture 2025,PHP,N,6,A,TDF25,Sun Life Phils - Peso MyFuture 2025
2009-09-08,1.1596,true,2009-09-07,13.7755,28.4733,MyFuture 2025,PHP,N,6,A,TDF25,Sun Life Phils - Peso MyFuture 2025
2009-09-04,1.1537,true,2009-09-03,12.8644,27.8196,MyFuture 2025,PHP,N,6,A,TDF25,Sun Life Phils - Peso MyFuture 2025
2009-09-03,1.1405,true,2009-09-02,11.5403,26.3572,MyFuture 2025,PHP,N,6,A,TDF25,Sun Life Phils - Peso MyFuture 2025
2009-09-02,1.1419,true,2009-09-01,12.3696,26.5123,MyFuture 2025,PHP,N,6,A,TDF25,Sun Life Phils - Peso MyFuture 2025
2009-09-01,1.156,true,2009-08-31,13.9478,28.0745,MyFuture 2025,PHP,N,6,A,TDF25,Sun Life Phils - Peso MyFuture 2025
2009-08-28,1.1652,true,2009-08-27,14.9906,29.0937,MyFuture 2025,PHP,N,6,A,TDF25,Sun Life Phils - Peso MyFuture 2025
2009-08-27,1.1617,true,2009-08-26,14.5209,28.706,MyFuture 2025,PHP,N,6,A,TDF25,Sun Life Phils - Peso MyFuture 2025
2009-08-26,1.1511,true,2009-08-25,13.6216,27.5316,MyFuture 2025,PHP,N,6,A,TDF25,Sun Life Phils - Peso MyFuture 2025
2009-08-25,1.1453,true,2009-08-24,12.6931,26.889,MyFuture 2025,PHP,N,6,A,TDF25,Sun Life Phils - Peso MyFuture 2025
2009-08-24,1.1481,true,2009-08-23,12.9686,27.1992,MyFuture 2025,PHP,N,6,A,TDF25,Sun Life Phils - Peso MyFuture 2025
2009-08-20,1.1104,true,2009-08-19,8.7987,23.0224,MyFuture 2025,PHP,N,6,A,TDF25,Sun Life Phils - Peso MyFuture 2025
2009-08-19,1.1207,true,2009-08-18,9.9372,24.1635,MyFuture 2025,PHP,N,6,A,TDF25,Sun Life Phils - Peso MyFuture 2025
2009-08-18,1.1136,true,2009-08-17,8.538,23.3769,MyFuture 2025,PHP,N,6,A,TDF25,Sun Life Phils - Peso MyFuture 2025
2009-08-17,1.1184,true,2009-08-16,9.0058,23.9087,MyFuture 2025,PHP,N,6,A,TDF25,Sun Life Phils - Peso MyFuture 2025
2009-08-14,1.1368,true,2009-08-13,10.7992,25.9473,MyFuture 2025,PHP,N,6,A,TDF25,Sun Life Phils - Peso MyFuture 2025
2009-08-13,1.1284,true,2009-08-12,9.7452,25.0166,MyFuture 2025,PHP,N,6,A,TDF25,Sun Life Phils - Peso MyFuture 2025
2009-08-12,1.1194,true,2009-08-11,8.6585,24.0195,MyFuture 2025,PHP,N,6,A,TDF25,Sun Life Phils - Peso MyFuture 2025
2009-08-11,1.1272,true,2009-08-10,8.9819,24.8837,MyFuture 2025,PHP,N,6,A,TDF25,Sun Life Phils - Peso MyFuture 2025
2009-08-10,1.1272,true,2009-08-09,9.5539,24.8837,MyFuture 2025,PHP,N,6,A,TDF25,Sun Life Phils - Peso MyFuture 2025
2009-08-07,1.1165,true,2009-08-06,8.7889,23.6982,MyFuture 2025,PHP,N,6,A,TDF25,Sun Life Phils - Peso MyFuture 2025
2009-08-06,1.1323,true,2009-08-05,10.4144,25.4487,MyFuture 2025,PHP,N,6,A,TDF25,Sun Life Phils - Peso MyFuture 2025
2009-08-04,1.1506,true,2009-08-03,13.1701,27.4762,MyFuture 2025,PHP,N,6,A,TDF25,Sun Life Phils - Peso MyFuture 2025
2009-08-03,1.1363,true,2009-08-02,11.5879,25.8919,MyFuture 2025,PHP,N,6,A,TDF25,Sun Life Phils - Peso MyFuture 2025
2009-07-31,1.1222,true,2009-07-30,10.3116,24.3297,MyFuture 2025,PHP,N,6,A,TDF25,Sun Life Phils - Peso MyFuture 2025
2009-07-30,1.1064,true,2009-07-29,8.5664,22.5792,MyFuture 2025,PHP,N,6,A,TDF25,Sun Life Phils - Peso MyFuture 2025
2009-07-29,1.1093,true,2009-07-28,9.7122,22.9005,MyFuture 2025,PHP,N,6,A,TDF25,Sun Life Phils - Peso MyFuture 2025
2009-07-28,1.1067,true,2009-07-27,9.1205,22.6125,MyFuture 2025,PHP,N,6,A,TDF25,Sun Life Phils - Peso MyFuture 2025
2009-07-27,1.1096,true,2009-07-26,9.894,22.9337,MyFuture 2025,PHP,N,6,A,TDF25,Sun Life Phils - Peso MyFuture 2025
2009-07-24,1.0976,true,2009-07-23,8.8781,21.6043,MyFuture 2025,PHP,N,6,A,TDF25,Sun Life Phils - Peso MyFuture 2025
2009-07-23,1.0767,true,2009-07-22,7.5732,19.2887,MyFuture 2025,PHP,N,6,A,TDF25,Sun Life Phils - Peso MyFuture 2025
2009-07-22,1.0774,true,2009-07-21,7.6539,19.3663,MyFuture 2025,PHP,N,6,A,TDF25,Sun Life Phils - Peso MyFuture 2025
2009-07-21,1.0725,true,2009-07-20,7.1643,18.8234,MyFuture 2025,PHP,N,6,A,TDF25,Sun Life Phils - Peso MyFuture 2025
2009-07-20,1.0718,true,2009-07-19,7.1693,18.7458,MyFuture 2025,PHP,N,6,A,TDF25,Sun Life Phils - Peso MyFuture 2025
2009-07-17,1.0576,true,2009-07-16,5.6966,17.1726,MyFuture 2025,PHP,N,6,A,TDF25,Sun Life Phils - Peso MyFuture 2025
2009-07-16,1.0577,true,2009-07-15,5.7383,17.1837,MyFuture 2025,PHP,N,6,A,TDF25,Sun Life Phils - Peso MyFuture 2025
2009-07-15,1.047,true,2009-07-14,4.6477,15.9982,MyFuture 2025,PHP,N,6,A,TDF25,Sun Life Phils - Peso MyFuture 2025
2009-07-14,1.0416,true,2009-07-13,4.0975,15.4,MyFuture 2025,PHP,N,6,A,TDF25,Sun Life Phils - Peso MyFuture 2025
2009-07-13,1.0368,true,2009-07-12,3.6593,14.8682,MyFuture 2025,PHP,N,6,A,TDF25,Sun Life Phils - Peso MyFuture 2025
2009-07-10,1.0413,true,2009-07-09,4.078,15.3667,MyFuture 2025,PHP,N,6,A,TDF25,Sun Life Phils - Peso MyFuture 2025
2009-07-09,1.0394,true,2009-07-08,3.8777,15.1562,MyFuture 2025,PHP,N,6,A,TDF25,Sun Life Phils - Peso MyFuture 2025
2009-07-08,1.0368,true,2009-07-07,3.6178,14.8682,MyFuture 2025,PHP,N,6,A,TDF25,Sun Life Phils - Peso MyFuture 2025
2009-07-07,1.0397,true,2009-07-06,3.8869,15.1895,MyFuture 2025,PHP,N,6,A,TDF25,Sun Life Phils - Peso MyFuture 2025
2009-07-06,1.0355,true,2009-07-05,3.4776,14.7241,MyFuture 2025,PHP,N,6,A,TDF25,Sun Life Phils - Peso MyFuture 2025
2009-07-03,1.0324,true,2009-07-02,3.1678,14.3807,MyFuture 2025,PHP,N,6,A,TDF25,Sun Life Phils - Peso MyFuture 2025
2009-07-02,1.0361,true,2009-07-01,3.5479,14.7906,MyFuture 2025,PHP,N,6,A,TDF25,Sun Life Phils - Peso MyFuture 2025
2009-07-01,1.0349,true,2009-06-30,3.4279,14.6577,MyFuture 2025,PHP,N,6,A,TDF25,Sun Life Phils - Peso MyFuture 2025
2009-06-30,1.0361,true,2009-06-29,3.5479,14.7906,MyFuture 2025,PHP,N,6,A,TDF25,Sun Life Phils - Peso MyFuture 2025
2009-06-29,1.0467,true,2009-06-28,4.6177,15.965,MyFuture 2025,PHP,N,6,A,TDF25,Sun Life Phils - Peso MyFuture 2025
2009-06-26,1.0508,true,2009-06-25,5.0275,16.4192,MyFuture 2025,PHP,N,6,A,TDF25,Sun Life Phils - Peso MyFuture 2025
2009-06-25,1.0459,true,2009-06-24,4.5377,15.8764,MyFuture 2025,PHP,N,6,A,TDF25,Sun Life Phils - Peso MyFuture 2025
2009-06-24,1.0316,true,2009-06-23,3.1188,14.292,MyFuture 2025,PHP,N,6,A,TDF25,Sun Life Phils - Peso MyFuture 2025
2009-06-23,1.0173,true,2009-06-22,1.6893,12.7077,MyFuture 2025,PHP,N,6,A,TDF25,Sun Life Phils - Peso MyFuture 2025
2009-06-22,1.0324,true,2009-06-21,3.209,14.3807,MyFuture 2025,PHP,N,6,A,TDF25,Sun Life Phils - Peso MyFuture 2025
2009-06-19,1.0251,true,2009-06-18,2.4793,13.5719,MyFuture 2025,PHP,N,6,A,TDF25,Sun Life Phils - Peso MyFuture 2025
2009-06-18,1.0381,true,2009-06-17,3.7789,15.0122,MyFuture 2025,PHP,N,6,A,TDF25,Sun Life Phils - Peso MyFuture 2025
2009-06-17,1.0419,true,2009-06-16,4.1588,15.4332,MyFuture 2025,PHP,N,6,A,TDF25,Sun Life Phils - Peso MyFuture 2025
2009-06-16,1.0637,true,2009-06-15,6.3487,17.8484,MyFuture 2025,PHP,N,6,A,TDF25,Sun Life Phils - Peso MyFuture 2025
2009-06-15,1.0935,true,2009-06-14,9.3281,21.15,MyFuture 2025,PHP,N,6,A,TDF25,Sun Life Phils - Peso MyFuture 2025
2009-06-11,1.0975,true,2009-06-10,9.739,21.5932,MyFuture 2025,PHP,N,6,A,TDF25,Sun Life Phils - Peso MyFuture 2025
2009-06-10,1.0825,true,2009-06-09,8.2392,19.9313,MyFuture 2025,PHP,N,6,A,TDF25,Sun Life Phils - Peso MyFuture 2025
2009-06-09,1.0737,true,2009-06-08,7.37,18.9563,MyFuture 2025,PHP,N,6,A,TDF25,Sun Life Phils - Peso MyFuture 2025
2009-06-08,1.0823,true,2009-06-07,8.23,19.9092,MyFuture 2025,PHP,N,6,A,TDF25,Sun Life Phils - Peso MyFuture 2025
2009-06-05,1.0859,true,2009-06-04,0.0,20.308,MyFuture 2025,PHP,N,6,A,TDF25,Sun Life Phils - Peso MyFuture 2025
2009-06-04,1.08,true,2009-06-03,0.0,19.6543,MyFuture 2025,PHP,N,6,A,TDF25,Sun Life Phils - Peso MyFuture 2025
2009-06-03,1.0768,true,2009-06-02,0.0,19.2998,MyFuture 2025,PHP,N,6,A,TDF25,Sun Life Phils - Peso MyFuture 2025
2009-06-02,1.0856,true,2009-06-01,0.0,20.2748,MyFuture 2025,PHP,N,6,A,TDF25,Sun Life Phils - Peso MyFuture 2025
2009-06-01,1.0754,true,2009-05-31,0.0,19.1447,MyFuture 2025,PHP,N,6,A,TDF25,Sun Life Phils - Peso MyFuture 2025
2009-05-29,1.0491,true,2009-05-28,0.0,16.2309,MyFuture 2025,PHP,N,6,A,TDF25,Sun Life Phils - Peso MyFuture 2025
2009-05-28,1.034,true,2009-05-27,0.0,14.5579,MyFuture 2025,PHP,N,6,A,TDF25,Sun Life Phils - Peso MyFuture 2025
2009-05-27,1.0355,true,2009-05-26,0.0,14.7241,MyFuture 2025,PHP,N,6,A,TDF25,Sun Life Phils - Peso MyFuture 2025
2009-05-26,1.0204,true,2009-05-25,0.0,13.0512,MyFuture 2025,PHP,N,6,A,TDF25,Sun Life Phils - Peso MyFuture 2025
2009-05-25,1.0296,true,2009-05-24,0.0,14.0705,MyFuture 2025,PHP,N,6,A,TDF25,Sun Life Phils - Peso MyFuture 2025
2009-05-22,1.0227,true,2009-05-21,0.0,13.306,MyFuture 2025,PHP,N,6,A,TDF25,Sun Life Phils - Peso MyFuture 2025
2009-05-21,1.0306,true,2009-05-20,0.0,14.1813,MyFuture 2025,PHP,N,6,A,TDF25,Sun Life Phils - Peso MyFuture 2025
2009-05-20,1.031,true,2009-05-19,0.0,14.2256,MyFuture 2025,PHP,N,6,A,TDF25,Sun Life Phils - Peso MyFuture 2025
2009-05-19,1.0213,true,2009-05-18,0.0,13.1509,MyFuture 2025,PHP,N,6,A,TDF25,Sun Life Phils - Peso MyFuture 2025
2009-05-18,1.0125,true,2009-05-17,0.0,12.1759,MyFuture 2025,PHP,N,6,A,TDF25,Sun Life Phils - Peso MyFuture 2025
2009-05-15,1.0189,true,2009-05-14,0.0,12.885,MyFuture 2025,PHP,N,6,A,TDF25,Sun Life Phils - Peso MyFuture 2025
2009-05-14,1.0033,true,2009-05-13,0.0,11.1567,MyFuture 2025,PHP,N,6,A,TDF25,Sun Life Phils - Peso MyFuture 2025
2009-05-13,1.01,true,2009-05-12,0.0,11.899,MyFuture 2025,PHP,N,6,A,TDF25,Sun Life Phils - Peso MyFuture 2025
2009-05-12,1.0034,true,2009-05-11,0.0,11.1677,MyFuture 2025,PHP,N,6,A,TDF25,Sun Life Phils - Peso MyFuture 2025
2009-05-11,1.0116,true,2009-05-10,0.0,12.0762,MyFuture 2025,PHP,N,6,A,TDF25,Sun Life Phils - Peso MyFuture 2025
2009-05-08,1.0052,true,2009-05-07,0.0,11.3672,MyFuture 2025,PHP,N,6,A,TDF25,Sun Life Phils - Peso MyFuture 2025
2009-05-07,1.0038,true,2009-05-06,0.0,11.2121,MyFuture 2025,PHP,N,6,A,TDF25,Sun Life Phils - Peso MyFuture 2025
2009-05-06,0.9912,true,2009-05-05,0.0,9.8161,MyFuture 2025,PHP,N,6,A,TDF25,Sun Life Phils - Peso MyFuture 2025
2009-05-05,0.9901,true,2009-05-04,0.0,9.6942,MyFuture 2025,PHP,N,6,A,TDF25,Sun Life Phils - Peso MyFuture 2025
2009-05-04,0.9711,true,2009-05-03,0.0,7.5892,MyFuture 2025,PHP,N,6,A,TDF25,Sun Life Phils - Peso MyFuture 2025
2009-04-30,0.9584,true,2009-04-29,0.0,6.1821,MyFuture 2025,PHP,N,6,A,TDF25,Sun Life Phils - Peso MyFuture 2025
2009-04-29,0.944,true,2009-04-28,0.0,4.5867,MyFuture 2025,PHP,N,6,A,TDF25,Sun Life Phils - Peso MyFuture 2025
2009-04-28,0.9461,true,2009-04-27,0.0,4.8194,MyFuture 2025,PHP,N,6,A,TDF25,Sun Life Phils - Peso MyFuture 2025
2009-04-27,0.951,true,2009-04-26,0.0,5.3623,MyFuture 2025,PHP,N,6,A,TDF25,Sun Life Phils - Peso MyFuture 2025
2009-04-24,0.9567,true,2009-04-23,0.0,5.9938,MyFuture 2025,PHP,N,6,A,TDF25,Sun Life Phils - Peso MyFuture 2025
2009-04-23,0.9483,true,2009-04-22,0.0,5.0632,MyFuture 2025,PHP,N,6,A,TDF25,Sun Life Phils - Peso MyFuture 2025
2009-04-22,0.9505,true,2009-04-21,0.0,5.3069,MyFuture 2025,PHP,N,6,A,TDF25,Sun Life Phils - Peso MyFuture 2025
2009-04-21,0.9413,true,2009-04-20,0.0,4.2876,MyFuture 2025,PHP,N,6,A,TDF25,Sun Life Phils - Peso MyFuture 2025
2009-04-20,0.9535,true,2009-04-19,0.0,5.6393,MyFuture 2025,PHP,N,6,A,TDF25,Sun Life Phils - Peso MyFuture 2025
2009-04-17,0.9548,true,2009-04-16,0.0,5.7833,MyFuture 2025,PHP,N,6,A,TDF25,Sun Life Phils - Peso MyFuture 2025
2009-04-16,0.9447,true,2009-04-15,0.0,4.6643,MyFuture 2025,PHP,N,6,A,TDF25,Sun Life Phils - Peso MyFuture 2025
2009-04-15,0.9302,true,2009-04-14,0.0,3.0578,MyFuture 2025,PHP,N,6,A,TDF25,Sun Life Phils - Peso MyFuture 2025
2009-04-14,0.9297,true,2009-04-13,0.0,3.0024,MyFuture 2025,PHP,N,6,A,TDF25,Sun Life Phils - Peso MyFuture 2025
2009-04-13,0.9295,true,2009-04-12,0.0,2.9803,MyFuture 2025,PHP,N,6,A,TDF25,Sun Life Phils - Peso MyFuture 2025
2009-04-08,0.9348,true,2009-04-07,0.0,3.5675,MyFuture 2025,PHP,N,6,A,TDF25,Sun Life Phils - Peso MyFuture 2025
2009-04-07,0.9302,true,2009-04-06,0.0,3.0578,MyFuture 2025,PHP,N,6,A,TDF25,Sun Life Phils - Peso MyFuture 2025
2009-04-03,0.9243,true,2009-04-02,0.0,2.4042,MyFuture 2025,PHP,N,6,A,TDF25,Sun Life Phils - Peso MyFuture 2025
2009-04-02,0.9102,true,2009-04-01,0.0,0.842,MyFuture 2025,PHP,N,6,A,TDF25,Sun Life Phils - Peso MyFuture 2025
2009-04-01,0.9052,true,2009-03-31,0.0,0.2881,MyFuture 2025,PHP,N,6,A,TDF25,Sun Life Phils - Peso MyFuture 2025
2009-03-31,0.9105,true,2009-03-30,0.0,0.8752,MyFuture 2025,PHP,N,6,A,TDF25,Sun Life Phils - Peso MyFuture 2025
2009-03-30,0.9268,true,2009-03-29,0.0,2.6811,MyFuture 2025,PHP,N,6,A,TDF25,Sun Life Phils - Peso MyFuture 2025
2009-03-27,0.9341,true,2009-03-26,0.0,3.4899,MyFuture 2025,PHP,N,6,A,TDF25,Sun Life Phils - Peso MyFuture 2025
2009-03-26,0.9249,true,2009-03-25,0.0,2.4706,MyFuture 2025,PHP,N,6,A,TDF25,Sun Life Phils - Peso MyFuture 2025
2009-03-25,0.9109,true,2009-03-24,0.0,0.9196,MyFuture 2025,PHP,N,6,A,TDF25,Sun Life Phils - Peso MyFuture 2025
2009-03-24,0.9066,true,2009-03-23,0.0,0.4432,MyFuture 2025,PHP,N,6,A,TDF25,Sun Life Phils - Peso MyFuture 2025
2009-03-23,0.8953,true,2009-03-22,0.0,-0.8088,MyFuture 2025,PHP,N,6,A,TDF25,Sun Life Phils - Peso MyFuture 2025
2009-03-20,0.8814,true,2009-03-19,0.0,-2.3488,MyFuture 2025,PHP,N,6,A,TDF25,Sun Life Phils - Peso MyFuture 2025
2009-03-19,0.8677,true,2009-03-18,0.0,-3.8666,MyFuture 2025,PHP,N,6,A,TDF25,Sun Life Phils - Peso MyFuture 2025
2009-03-18,0.8617,true,2009-03-17,0.0,-4.5314,MyFuture 2025,PHP,N,6,A,TDF25,Sun Life Phils - Peso MyFuture 2025
2009-03-17,0.8578,true,2009-03-16,0.0,-4.9634,MyFuture 2025,PHP,N,6,A,TDF25,Sun Life Phils - Peso MyFuture 2025
2009-03-16,0.8604,true,2009-03-15,0.0,-4.6754,MyFuture 2025,PHP,N,6,A,TDF25,Sun Life Phils - Peso MyFuture 2025
2009-03-13,0.8725,true,2009-03-12,0.0,-3.3348,MyFuture 2025,PHP,N,6,A,TDF25,Sun Life Phils - Peso MyFuture 2025
2009-03-12,0.8688,true,2009-03-11,0.0,-3.7447,MyFuture 2025,PHP,N,6,A,TDF25,Sun Life Phils - Peso MyFuture 2025
2009-03-11,0.8765,true,2009-03-10,0.0,-2.8916,MyFuture 2025,PHP,N,6,A,TDF25,Sun Life Phils - Peso MyFuture 2025
2009-03-10,0.8706,true,2009-03-09,0.0,-3.5453,MyFuture 2025,PHP,N,6,A,TDF25,Sun Life Phils - Peso MyFuture 2025
2009-03-09,0.8769,true,2009-03-08,0.0,-2.8473,MyFuture 2025,PHP,N,6,A,TDF25,Sun Life Phils - Peso MyFuture 2025
2009-03-06,0.8852,true,2009-03-05,0.0,-1.9278,MyFuture 2025,PHP,N,6,A,TDF25,Sun Life Phils - Peso MyFuture 2025
2009-03-05,0.8865,true,2009-03-04,0.0,-1.7837,MyFuture 2025,PHP,N,6,A,TDF25,Sun Life Phils - Peso MyFuture 2025
2009-03-04,0.8754,true,2009-03-03,0.0,-3.0135,MyFuture 2025,PHP,N,6,A,TDF25,Sun Life Phils - Peso MyFuture 2025
2009-03-03,0.8693,true,2009-03-02,0.0,-3.6893,MyFuture 2025,PHP,N,6,A,TDF25,Sun Life Phils - Peso MyFuture 2025
2009-03-02,0.8664,true,2009-03-01,0.0,-4.0106,MyFuture 2025,PHP,N,6,A,TDF25,Sun Life Phils - Peso MyFuture 2025
2009-02-27,0.873,true,2009-02-26,0.0,-3.2794,MyFuture 2025,PHP,N,6,A,TDF25,Sun Life Phils - Peso MyFuture 2025
2009-02-26,0.8747,true,2009-02-25,0.0,-3.0911,MyFuture 2025,PHP,N,6,A,TDF25,Sun Life Phils - Peso MyFuture 2025
2009-02-25,0.878,true,2009-02-24,0.0,-2.7255,MyFuture 2025,PHP,N,6,A,TDF25,Sun Life Phils - Peso MyFuture 2025
2009-02-24,0.8709,true,2009-02-23,0.0,-3.5121,MyFuture 2025,PHP,N,6,A,TDF25,Sun Life Phils - Peso MyFuture 2025
2009-02-23,0.8768,true,2009-02-22,0.0,-2.8584,MyFuture 2025,PHP,N,6,A,TDF25,Sun Life Phils - Peso MyFuture 2025
2009-02-20,0.8786,true,2009-02-19,0.0,-2.659,MyFuture 2025,PHP,N,6,A,TDF25,Sun Life Phils - Peso MyFuture 2025
2009-02-19,0.887,true,2009-02-18,0.0,-1.7283,MyFuture 2025,PHP,N,6,A,TDF25,Sun Life Phils - Peso MyFuture 2025
2009-02-18,0.8872,true,2009-02-17,0.0,-1.7062,MyFuture 2025,PHP,N,6,A,TDF25,Sun Life Phils - Peso MyFuture 2025
2009-02-17,0.8904,true,2009-02-16,0.0,-1.3517,MyFuture 2025,PHP,N,6,A,TDF25,Sun Life Phils - Peso MyFuture 2025
2009-02-16,0.8964,true,2009-02-15,0.0,-0.6869,MyFuture 2025,PHP,N,6,A,TDF25,Sun Life Phils - Peso MyFuture 2025
2009-02-13,0.8985,true,2009-02-12,0.0,-0.4542,MyFuture 2025,PHP,N,6,A,TDF25,Sun Life Phils - Peso MyFuture 2025
2009-02-12,0.9026,true,2009-02-11,0.0,0.0,MyFuture 2025,PHP,N,6,A,TDF25,Sun Life Phils - Peso MyFuture 2025
2009-02-11,0.8941,true,2009-02-10,0.0,-0.9417,MyFuture 2025,PHP,N,6,A,TDF25,Sun Life Phils - Peso MyFuture 2025
2009-02-10,0.8988,true,2009-02-09,0.0,-0.421,MyFuture 2025,PHP,N,6,A,TDF25,Sun Life Phils - Peso MyFuture 2025
2009-02-09,0.9108,true,2009-02-08,0.0,0.9085,MyFuture 2025,PHP,N,6,A,TDF25,Sun Life Phils - Peso MyFuture 2025
2009-02-06,0.9085,true,2009-02-05,0.0,0.6537,MyFuture 2025,PHP,N,6,A,TDF25,Sun Life Phils - Peso MyFuture 2025
2009-02-05,0.8917,true,2009-02-04,0.0,-1.2076,MyFuture 2025,PHP,N,6,A,TDF25,Sun Life Phils - Peso MyFuture 2025
2009-02-04,0.8788,true,2009-02-03,0.0,-2.6368,MyFuture 2025,PHP,N,6,A,TDF25,Sun Life Phils - Peso MyFuture 2025
2009-02-03,0.8743,true,2009-02-02,0.0,-3.1354,MyFuture 2025,PHP,N,6,A,TDF25,Sun Life Phils - Peso MyFuture 2025
2009-02-02,0.8771,true,2009-02-01,0.0,-2.8252,MyFuture 2025,PHP,N,6,A,TDF25,Sun Life Phils - Peso MyFuture 2025
2009-01-30,0.8742,true,2009-01-29,0.0,-3.1465,MyFuture 2025,PHP,N,6,A,TDF25,Sun Life Phils - Peso MyFuture 2025
2009-01-29,0.8872,true,2009-01-28,0.0,-1.7062,MyFuture 2025,PHP,N,6,A,TDF25,Sun Life Phils - Peso MyFuture 2025
2009-01-28,0.8924,true,2009-01-27,0.0,-1.1301,MyFuture 2025,PHP,N,6,A,TDF25,Sun Life Phils - Peso MyFuture 2025
2009-01-27,0.8956,true,2009-01-26,0.0,-0.7755,MyFuture 2025,PHP,N,6,A,TDF25,Sun Life Phils - Peso MyFuture 2025
2009-01-26,0.8922,true,2009-01-25,0.0,-1.1522,MyFuture 2025,PHP,N,6,A,TDF25,Sun Life Phils - Peso MyFuture 2025
2009-01-23,0.8902,true,2009-01-22,0.0,-1.3738,MyFuture 2025,PHP,N,6,A,TDF25,Sun Life Phils - Peso MyFuture 2025
2009-01-22,0.8913,true,2009-01-21,0.0,-1.2519,MyFuture 2025,PHP,N,6,A,TDF25,Sun Life Phils - Peso MyFuture 2025
2009-01-21,0.8857,true,2009-01-20,0.0,-1.8724,MyFuture 2025,PHP,N,6,A,TDF25,Sun Life Phils - Peso MyFuture 2025
2009-01-20,0.9067,true,2009-01-19,0.0,0.4542,MyFuture 2025,PHP,N,6,A,TDF25,Sun Life Phils - Peso MyFuture 2025
2009-01-19,0.911,true,2009-01-18,0.0,0.9306,MyFuture 2025,PHP,N,6,A,TDF25,Sun Life Phils - Peso MyFuture 2025
2009-01-16,0.9202,true,2009-01-15,0.0,1.9499,MyFuture 2025,PHP,N,6,A,TDF25,Sun Life Phils - Peso MyFuture 2025
2009-01-15,0.9252,true,2009-01-14,0.0,2.5039,MyFuture 2025,PHP,N,6,A,TDF25,Sun Life Phils - Peso MyFuture 2025
2009-01-14,0.9379,true,2009-01-13,0.0,3.9109,MyFuture 2025,PHP,N,6,A,TDF25,Sun Life Phils - Peso MyFuture 2025
2009-01-13,0.9423,true,2009-01-12,0.0,4.3984,MyFuture 2025,PHP,N,6,A,TDF25,Sun Life Phils - Peso MyFuture 2025
2009-01-12,0.942,true,2009-01-11,0.0,4.3652,MyFuture 2025,PHP,N,6,A,TDF25,Sun Life Phils - Peso MyFuture 2025
2009-01-09,0.9333,true,2009-01-08,0.0,3.4013,MyFuture 2025,PHP,N,6,A,TDF25,Sun Life Phils - Peso MyFuture 2025
2009-01-08,0.9292,true,2009-01-07,0.0,2.947,MyFuture 2025,PHP,N,6,A,TDF25,Sun Life Phils - Peso MyFuture 2025
2009-01-07,0.9427,true,2009-01-06,0.0,4.4427,MyFuture 2025,PHP,N,6,A,TDF25,Sun Life Phils - Peso MyFuture 2025
2009-01-06,0.9275,true,2009-01-05,0.0,2.7587,MyFuture 2025,PHP,N,6,A,TDF25,Sun Life Phils - Peso MyFuture 2025
2009-01-05,0.9296,true,2009-01-04,0.0,2.9914,MyFuture 2025,PHP,N,6,A,TDF25,Sun Life Phils - Peso MyFuture 2025
2008-12-29,0.9026,true,2008-12-28,0.0,0.0,MyFuture 2025,PHP,N,6,A,TDF25,Sun Life Phils - Peso MyFuture 2025
2008-12-24,0.9026,true,2008-12-23,0.0,0.0,MyFuture 2025,PHP,N,6,A,TDF25,Sun Life Phils - Peso MyFuture 2025
2008-12-23,0.9003,true,2008-12-22,0.0,0.0,MyFuture 2025,PHP,N,6,A,TDF25,Sun Life Phils - Peso MyFuture 2025
2008-12-22,0.8935,true,2008-12-21,0.0,0.0,MyFuture 2025,PHP,N,6,A,TDF25,Sun Life Phils - Peso MyFuture 2025
2008-12-19,0.9133,true,2008-12-18,0.0,0.0,MyFuture 2025,PHP,N,6,A,TDF25,Sun Life Phils - Peso MyFuture 2025
2008-12-18,0.9103,true,2008-12-17,0.0,0.0,MyFuture 2025,PHP,N,6,A,TDF25,Sun Life Phils - Peso MyFuture 2025
2008-12-17,0.9086,true,2008-12-16,0.0,0.0,MyFuture 2025,PHP,N,6,A,TDF25,Sun Life Phils - Peso MyFuture 2025
2008-12-16,0.9031,true,2008-12-15,0.0,0.0,MyFuture 2025,PHP,N,6,A,TDF25,Sun Life Phils - Peso MyFuture 2025
2008-12-15,0.9083,true,2008-12-14,0.0,0.0,MyFuture 2025,PHP,N,6,A,TDF25,Sun Life Phils - Peso MyFuture 2025
2008-12-12,0.9034,true,2008-12-11,0.0,0.0,MyFuture 2025,PHP,N,6,A,TDF25,Sun Life Phils - Peso MyFuture 2025
2008-12-11,0.917,true,2008-12-10,0.0,0.0,MyFuture 2025,PHP,N,6,A,TDF25,Sun Life Phils - Peso MyFuture 2025
2008-12-10,0.9117,true,2008-12-09,0.0,0.0,MyFuture 2025,PHP,N,6,A,TDF25,Sun Life Phils - Peso MyFuture 2025
2008-12-09,0.9024,true,2008-12-08,0.0,0.0,MyFuture 2025,PHP,N,6,A,TDF25,Sun Life Phils - Peso MyFuture 2025
2008-12-08,0.893,true,2008-12-07,0.0,0.0,MyFuture 2025,PHP,N,6,A,TDF25,Sun Life Phils - Peso MyFuture 2025
2008-12-05,0.8851,true,2008-12-04,0.0,0.0,MyFuture 2025,PHP,N,6,A,TDF25,Sun Life Phils - Peso MyFuture 2025
2008-12-04,0.8897,true,2008-12-03,0.0,0.0,MyFuture 2025,PHP,N,6,A,TDF25,Sun Life Phils - Peso MyFuture 2025
2008-12-03,0.8939,true,2008-12-02,0.0,0.0,MyFuture 2025,PHP,N,6,A,TDF25,Sun Life Phils - Peso MyFuture 2025
2008-12-02,0.888,true,2008-12-01,0.0,0.0,MyFuture 2025,PHP,N,6,A,TDF25,Sun Life Phils - Peso MyFuture 2025
2008-11-28,0.9141,true,2008-11-27,0.0,0.0,MyFuture 2025,PHP,N,6,A,TDF25,Sun Life Phils - Peso MyFuture 2025
2008-11-27,0.9148,true,2008-11-26,0.0,0.0,MyFuture 2025,PHP,N,6,A,TDF25,Sun Life Phils - Peso MyFuture 2025
2008-11-26,0.9045,true,2008-11-25,0.0,0.0,MyFuture 2025,PHP,N,6,A,TDF25,Sun Life Phils - Peso MyFuture 2025
2008-11-25,0.8982,true,2008-11-24,0.0,0.0,MyFuture 2025,PHP,N,6,A,TDF25,Sun Life Phils - Peso MyFuture 2025
2008-11-24,0.8673,true,2008-11-23,0.0,0.0,MyFuture 2025,PHP,N,6,A,TDF25,Sun Life Phils - Peso MyFuture 2025
2008-11-21,0.8576,true,2008-11-20,0.0,0.0,MyFuture 2025,PHP,N,6,A,TDF25,Sun Life Phils - Peso MyFuture 2025
2008-11-20,0.8773,true,2008-11-19,0.0,0.0,MyFuture 2025,PHP,N,6,A,TDF25,Sun Life Phils - Peso MyFuture 2025
2008-11-19,0.8929,true,2008-11-18,0.0,0.0,MyFuture 2025,PHP,N,6,A,TDF25,Sun Life Phils - Peso MyFuture 2025
2008-11-18,0.8874,true,2008-11-17,0.0,0.0,MyFuture 2025,PHP,N,6,A,TDF25,Sun Life Phils - Peso MyFuture 2025
2008-11-17,0.9043,true,2008-11-16,0.0,0.0,MyFuture 2025,PHP,N,6,A,TDF25,Sun Life Phils - Peso MyFuture 2025
2008-11-14,0.9127,true,2008-11-13,0.0,0.0,MyFuture 2025,PHP,N,6,A,TDF25,Sun Life Phils - Peso MyFuture 2025
2008-11-13,0.8999,true,2008-11-12,0.0,0.0,MyFuture 2025,PHP,N,6,A,TDF25,Sun Life Phils - Peso MyFuture 2025
2008-11-12,0.9096,true,2008-11-11,0.0,0.0,MyFuture 2025,PHP,N,6,A,TDF25,Sun Life Phils - Peso MyFuture 2025
2008-11-11,0.9131,true,2008-11-10,0.0,0.0,MyFuture 2025,PHP,N,6,A,TDF25,Sun Life Phils - Peso MyFuture 2025
2008-11-10,0.911,true,2008-11-09,0.0,0.0,MyFuture 2025,PHP,N,6,A,TDF25,Sun Life Phils - Peso MyFuture 2025
2008-11-07,0.9089,true,2008-11-06,0.0,0.0,MyFuture 2025,PHP,N,6,A,TDF25,Sun Life Phils - Peso MyFuture 2025
2008-11-06,0.9184,true,2008-11-05,0.0,0.0,MyFuture 2025,PHP,N,6,A,TDF25,Sun Life Phils - Peso MyFuture 2025
2008-11-05,0.9341,true,2008-11-04,0.0,0.0,MyFuture 2025,PHP,N,6,A,TDF25,Sun Life Phils - Peso MyFuture 2025
2008-11-04,0.9382,true,2008-11-03,0.0,0.0,MyFuture 2025,PHP,N,6,A,TDF25,Sun Life Phils - Peso MyFuture 2025
2008-11-03,0.9472,true,2008-11-02,0.0,0.0,MyFuture 2025,PHP,N,6,A,TDF25,Sun Life Phils - Peso MyFuture 2025
2008-10-31,0.9237,true,2008-10-30,0.0,0.0,MyFuture 2025,PHP,N,6,A,TDF25,Sun Life Phils - Peso MyFuture 2025
2008-10-30,0.8998,true,2008-10-29,0.0,0.0,MyFuture 2025,PHP,N,6,A,TDF25,Sun Life Phils - Peso MyFuture 2025
2008-10-29,0.876,true,2008-10-28,0.0,0.0,MyFuture 2025,PHP,N,6,A,TDF25,Sun Life Phils - Peso MyFuture 2025
2008-10-28,0.8598,true,2008-10-27,0.0,0.0,MyFuture 2025,PHP,N,6,A,TDF25,Sun Life Phils - Peso MyFuture 2025
2008-10-27,0.8617,true,2008-10-26,0.0,0.0,MyFuture 2025,PHP,N,6,A,TDF25,Sun Life Phils - Peso MyFuture 2025
2008-10-24,0.9066,true,2008-10-23,0.0,0.0,MyFuture 2025,PHP,N,6,A,TDF25,Sun Life Phils - Peso MyFuture 2025
2008-10-23,0.9131,true,2008-10-22,0.0,0.0,MyFuture 2025,PHP,N,6,A,TDF25,Sun Life Phils - Peso MyFuture 2025
2008-10-22,0.9295,true,2008-10-21,0.0,0.0,MyFuture 2025,PHP,N,6,A,TDF25,Sun Life Phils - Peso MyFuture 2025
2008-10-21,0.9325,true,2008-10-20,0.0,0.0,MyFuture 2025,PHP,N,6,A,TDF25,Sun Life Phils - Peso MyFuture 2025
2008-10-20,0.9247,true,2008-10-19,0.0,0.0,MyFuture 2025,PHP,N,6,A,TDF25,Sun Life Phils - Peso MyFuture 2025
2008-10-17,0.9319,true,2008-10-16,0.0,0.0,MyFuture 2025,PHP,N,6,A,TDF25,Sun Life Phils - Peso MyFuture 2025
2008-10-16,0.9406,true,2008-10-15,0.0,0.0,MyFuture 2025,PHP,N,6,A,TDF25,Sun Life Phils - Peso MyFuture 2025
2008-10-15,0.9624,true,2008-10-14,0.0,0.0,MyFuture 2025,PHP,N,6,A,TDF25,Sun Life Phils - Peso MyFuture 2025
2008-10-14,0.9683,true,2008-10-13,0.0,0.0,MyFuture 2025,PHP,N,6,A,TDF25,Sun Life Phils - Peso MyFuture 2025
2008-10-13,0.9418,true,2008-10-12,0.0,0.0,MyFuture 2025,PHP,N,6,A,TDF25,Sun Life Phils - Peso MyFuture 2025
2008-10-10,0.9386,true,2008-10-09,0.0,0.0,MyFuture 2025,PHP,N,6,A,TDF25,Sun Life Phils - Peso MyFuture 2025
2008-10-09,0.9686,true,2008-10-08,0.0,0.0,MyFuture 2025,PHP,N,6,A,TDF25,Sun Life Phils - Peso MyFuture 2025
2008-10-09,0.9686,true,2008-10-08,0.0,0.0,MyFuture 2025,PHP,N,6,A,TDF25,Sun Life Phils - Peso MyFuture 2025
2008-10-08,0.9692,true,2008-10-07,0.0,0.0,MyFuture 2025,PHP,N,6,A,TDF25,Sun Life Phils - Peso MyFuture 2025
2008-10-07,0.984,true,2008-10-06,0.0,0.0,MyFuture 2025,PHP,N,6,A,TDF25,Sun Life Phils - Peso MyFuture 2025
2008-10-06,0.9918,true,2008-10-05,0.0,0.0,MyFuture 2025,PHP,N,6,A,TDF25,Sun Life Phils - Peso MyFuture 2025
2008-10-03,1.0017,true,2008-10-02,0.0,0.0,MyFuture 2025,PHP,N,6,A,TDF25,Sun Life Phils - Peso MyFuture 2025
2008-10-02,1.0087,true,2008-10-01,0.0,0.0,MyFuture 2025,PHP,N,6,A,TDF25,Sun Life Phils - Peso MyFuture 2025
2008-09-30,1.0013,true,2008-09-29,0.0,0.0,MyFuture 2025,PHP,N,6,A,TDF25,Sun Life Phils - Peso MyFuture 2025
2008-09-29,1.0001,true,2008-09-28,0.0,0.0,MyFuture 2025,PHP,N,6,A,TDF25,Sun Life Phils - Peso MyFuture 2025
2008-09-26,1.0002,true,2008-09-25,0.0,0.0,MyFuture 2025,PHP,N,6,A,TDF25,Sun Life Phils - Peso MyFuture 2025
2008-09-25,1.0003,true,2008-09-24,0.0,0.0,MyFuture 2025,PHP,N,6,A,TDF25,Sun Life Phils - Peso MyFuture 2025
2008-09-24,0.9986,true,2008-09-23,0.0,0.0,MyFuture 2025,PHP,N,6,A,TDF25,Sun Life Phils - Peso MyFuture 2025
2008-09-23,0.9984,true,2008-09-22,0.0,0.0,MyFuture 2025,PHP,N,6,A,TDF25,Sun Life Phils - Peso MyFuture 2025
2008-09-22,0.9995,true,2008-09-21,0.0,0.0,MyFuture 2025,PHP,N,6,A,TDF25,Sun Life Phils - Peso MyFuture 2025
2008-09-19,0.9956,true,2008-09-18,0.0,0.0,MyFuture 2025,PHP,N,6,A,TDF25,Sun Life Phils - Peso MyFuture 2025
2008-09-18,0.9872,true,2008-09-17,0.0,0.0,MyFuture 2025,PHP,N,6,A,TDF25,Sun Life Phils - Peso MyFuture 2025
2008-09-17,0.995,true,2008-09-16,0.0,0.0,MyFuture 2025,PHP,N,6,A,TDF25,Sun Life Phils - Peso MyFuture 2025
2008-09-16,0.9924,true,2008-09-15,0.0,0.0,MyFuture 2025,PHP,N,6,A,TDF25,Sun Life Phils - Peso MyFuture 2025
2008-09-15,1.0027,true,2008-09-14,0.0,0.0,MyFuture 2025,PHP,N,6,A,TDF25,Sun Life Phils - Peso MyFuture 2025
2008-09-12,1.0115,true,2008-09-11,0.0,0.0,MyFuture 2025,PHP,N,6,A,TDF25,Sun Life Phils - Peso MyFuture 2025
2008-09-11,1.0144,true,2008-09-10,0.0,0.0,MyFuture 2025,PHP,N,6,A,TDF25,Sun Life Phils - Peso MyFuture 2025
2008-09-10,1.0164,true,2008-09-09,0.0,0.0,MyFuture 2025,PHP,N,6,A,TDF25,Sun Life Phils - Peso MyFuture 2025
2008-09-09,1.0171,true,2008-09-08,0.0,0.0,MyFuture 2025,PHP,N,6,A,TDF25,Sun Life Phils - Peso MyFuture 2025
2008-09-08,1.0192,true,2008-09-07,0.0,0.0,MyFuture 2025,PHP,N,6,A,TDF25,Sun Life Phils - Peso MyFuture 2025
2008-09-05,1.0183,true,2008-09-04,0.0,0.0,MyFuture 2025,PHP,N,6,A,TDF25,Sun Life Phils - Peso MyFuture 2025
2008-09-04,1.0222,true,2008-09-03,0.0,0.0,MyFuture 2025,PHP,N,6,A,TDF25,Sun Life Phils - Peso MyFuture 2025
2008-09-03,1.0225,true,2008-09-02,0.0,0.0,MyFuture 2025,PHP,N,6,A,TDF25,Sun Life Phils - Peso MyFuture 2025
2008-09-02,1.0162,true,2008-09-01,0.0,0.0,MyFuture 2025,PHP,N,6,A,TDF25,Sun Life Phils - Peso MyFuture 2025
2008-09-01,1.0145,true,2008-08-31,0.0,0.0,MyFuture 2025,PHP,N,6,A,TDF25,Sun Life Phils - Peso MyFuture 2025
2008-08-29,1.0163,true,2008-08-28,0.0,0.0,MyFuture 2025,PHP,N,6,A,TDF25,Sun Life Phils - Peso MyFuture 2025
2008-08-28,1.0133,true,2008-08-27,0.0,0.0,MyFuture 2025,PHP,N,6,A,TDF25,Sun Life Phils - Peso MyFuture 2025
2008-08-27,1.0144,true,2008-08-26,0.0,0.0,MyFuture 2025,PHP,N,6,A,TDF25,Sun Life Phils - Peso MyFuture 2025
2008-08-26,1.0131,true,2008-08-25,0.0,0.0,MyFuture 2025,PHP,N,6,A,TDF25,Sun Life Phils - Peso MyFuture 2025
2008-08-22,1.0163,true,2008-08-21,0.0,0.0,MyFuture 2025,PHP,N,6,A,TDF25,Sun Life Phils - Peso MyFuture 2025
2008-08-21,1.0168,true,2008-08-20,0.0,0.0,MyFuture 2025,PHP,N,6,A,TDF25,Sun Life Phils - Peso MyFuture 2025
2008-08-20,1.0206,true,2008-08-19,0.0,0.0,MyFuture 2025,PHP,N,6,A,TDF25,Sun Life Phils - Peso MyFuture 2025
2008-08-19,1.0194,true,2008-08-18,0.0,0.0,MyFuture 2025,PHP,N,6,A,TDF25,Sun Life Phils - Peso MyFuture 2025
2008-08-15,1.026,true,2008-08-14,0.0,0.0,MyFuture 2025,PHP,N,6,A,TDF25,Sun Life Phils - Peso MyFuture 2025
2008-08-14,1.026,true,2008-08-13,0.0,0.0,MyFuture 2025,PHP,N,6,A,TDF25,Sun Life Phils - Peso MyFuture 2025
2008-08-13,1.0282,true,2008-08-12,0.0,0.0,MyFuture 2025,PHP,N,6,A,TDF25,Sun Life Phils - Peso MyFuture 2025
2008-08-12,1.0302,true,2008-08-11,0.0,0.0,MyFuture 2025,PHP,N,6,A,TDF25,Sun Life Phils - Peso MyFuture 2025
2008-08-11,1.0343,true,2008-08-10,0.0,0.0,MyFuture 2025,PHP,N,6,A,TDF25,Sun Life Phils - Peso MyFuture 2025
2008-08-08,1.0289,true,2008-08-07,0.0,0.0,MyFuture 2025,PHP,N,6,A,TDF25,Sun Life Phils - Peso MyFuture 2025
2008-08-07,1.0263,true,2008-08-06,0.0,0.0,MyFuture 2025,PHP,N,6,A,TDF25,Sun Life Phils - Peso MyFuture 2025
2008-08-06,1.0255,true,2008-08-05,0.0,0.0,MyFuture 2025,PHP,N,6,A,TDF25,Sun Life Phils - Peso MyFuture 2025
2008-08-05,1.018,true,2008-08-04,0.0,0.0,MyFuture 2025,PHP,N,6,A,TDF25,Sun Life Phils - Peso MyFuture 2025
2008-08-04,1.0167,true,2008-08-03,0.0,0.0,MyFuture 2025,PHP,N,6,A,TDF25,Sun Life Phils - Peso MyFuture 2025
2008-08-01,1.0183,true,2008-07-31,0.0,0.0,MyFuture 2025,PHP,N,6,A,TDF25,Sun Life Phils - Peso MyFuture 2025
2008-07-31,1.0173,true,2008-07-30,0.0,0.0,MyFuture 2025,PHP,N,6,A,TDF25,Sun Life Phils - Peso MyFuture 2025
2008-07-30,1.0191,true,2008-07-29,0.0,0.0,MyFuture 2025,PHP,N,6,A,TDF25,Sun Life Phils - Peso MyFuture 2025
2008-07-29,1.0111,true,2008-07-28,0.0,0.0,MyFuture 2025,PHP,N,6,A,TDF25,Sun Life Phils - Peso MyFuture 2025
2008-07-28,1.0142,true,2008-07-27,0.0,0.0,MyFuture 2025,PHP,N,6,A,TDF25,Sun Life Phils - Peso MyFuture 2025
2008-07-25,1.0097,true,2008-07-24,0.0,0.0,MyFuture 2025,PHP,N,6,A,TDF25,Sun Life Phils - Peso MyFuture 2025
2008-07-24,1.0081,true,2008-07-23,0.0,0.0,MyFuture 2025,PHP,N,6,A,TDF25,Sun Life Phils - Peso MyFuture 2025
2008-07-23,1.0009,true,2008-07-22,0.0,0.0,MyFuture 2025,PHP,N,6,A,TDF25,Sun Life Phils - Peso MyFuture 2025
2008-07-22,1.0008,true,2008-07-21,0.0,0.0,MyFuture 2025,PHP,N,6,A,TDF25,Sun Life Phils - Peso MyFuture 2025
2008-07-21,1.0008,true,2008-07-20,0.0,0.0,MyFuture 2025,PHP,N,6,A,TDF25,Sun Life Phils - Peso MyFuture 2025
2008-07-18,1.0001,true,2008-07-17,0.0,0.0,MyFuture 2025,PHP,N,6,A,TDF25,Sun Life Phils - Peso MyFuture 2025
2008-07-17,1.0006,true,2008-07-16,0.0,0.0,MyFuture 2025,PHP,N,6,A,TDF25,Sun Life Phils - Peso MyFuture 2025
2008-07-16,1.0003,true,2008-07-15,0.0,0.0,MyFuture 2025,PHP,N,6,A,TDF25,Sun Life Phils - Peso MyFuture 2025
2008-07-15,1.0005,true,2008-07-14,0.0,0.0,MyFuture 2025,PHP,N,6,A,TDF25,Sun Life Phils - Peso MyFuture 2025
2008-07-14,1.0006,true,2008-07-13,0.0,0.0,MyFuture 2025,PHP,N,6,A,TDF25,Sun Life Phils - Peso MyFuture 2025
2008-07-11,1.0002,true,2008-07-10,0.0,0.0,MyFuture 2025,PHP,N,6,A,TDF25,Sun Life Phils - Peso MyFuture 2025
2008-07-10,1.0005,true,2008-07-09,0.0,0.0,MyFuture 2025,PHP,N,6,A,TDF25,Sun Life Phils - Peso MyFuture 2025
2008-07-09,1.0006,true,2008-07-08,0.0,0.0,MyFuture 2025,PHP,N,6,A,TDF25,Sun Life Phils - Peso MyFuture 2025
2008-07-08,1.0006,true,2008-07-07,0.0,0.0,MyFuture 2025,PHP,N,6,A,TDF25,Sun Life Phils - Peso MyFuture 2025
2008-07-07,1.0008,true,2008-07-06,0.0,0.0,MyFuture 2025,PHP,N,6,A,TDF25,Sun Life Phils - Peso MyFuture 2025
2008-07-04,1.0007,true,2008-07-03,0.0,0.0,MyFuture 2025,PHP,N,6,A,TDF25,Sun Life Phils - Peso MyFuture 2025
2008-07-03,1.0007,true,2008-07-02,0.0,0.0,MyFuture 2025,PHP,N,6,A,TDF25,Sun Life Phils - Peso MyFuture 2025
2008-07-02,1.0006,true,2008-07-01,0.0,0.0,MyFuture 2025,PHP,N,6,A,TDF25,Sun Life Phils - Peso MyFuture 2025
2008-07-01,1.0006,true,2008-06-30,0.0,0.0,MyFuture 2025,PHP,N,6,A,TDF25,Sun Life Phils - Peso MyFuture 2025
2008-06-30,1.0006,true,2008-06-29,0.0,0.0,MyFuture 2025,PHP,N,6,A,TDF25,Sun Life Phils - Peso MyFuture 2025
2008-06-27,1.0005,true,2008-06-26,0.0,0.0,MyFuture 2025,PHP,N,6,A,TDF25,Sun Life Phils - Peso MyFuture 2025
2008-06-26,1.0005,true,2008-06-25,0.0,0.0,MyFuture 2025,PHP,N,6,A,TDF25,Sun Life Phils - Peso MyFuture 2025
2008-06-25,1.0005,true,2008-06-24,0.0,0.0,MyFuture 2025,PHP,N,6,A,TDF25,Sun Life Phils - Peso MyFuture 2025
2008-06-24,1.0004,true,2008-06-23,0.0,0.0,MyFuture 2025,PHP,N,6,A,TDF25,Sun Life Phils - Peso MyFuture 2025
2008-06-23,1.0004,true,2008-06-22,0.0,0.0,MyFuture 2025,PHP,N,6,A,TDF25,Sun Life Phils - Peso MyFuture 2025
2008-06-20,1.0003,true,2008-06-19,0.0,0.0,MyFuture 2025,PHP,N,6,A,TDF25,Sun Life Phils - Peso MyFuture 2025
2008-06-19,1.0003,true,2008-06-18,0.0,0.0,MyFuture 2025,PHP,N,6,A,TDF25,Sun Life Phils - Peso MyFuture 2025
2008-06-18,1.0003,true,2008-06-17,0.0,0.0,MyFuture 2025,PHP,N,6,A,TDF25,Sun Life Phils - Peso MyFuture 2025
2008-06-17,1.0003,true,2008-06-16,0.0,0.0,MyFuture 2025,PHP,N,6,A,TDF25,Sun Life Phils - Peso MyFuture 2025
2008-06-16,1.0002,true,2008-06-15,0.0,0.0,MyFuture 2025,PHP,N,6,A,TDF25,Sun Life Phils - Peso MyFuture 2025
2008-06-13,1.0002,true,2008-06-12,0.0,0.0,MyFuture 2025,PHP,N,6,A,TDF25,Sun Life Phils - Peso MyFuture 2025
2008-06-12,1.0001,true,2008-06-11,0.0,0.0,MyFuture 2025,PHP,N,6,A,TDF25,Sun Life Phils - Peso MyFuture 2025
2008-06-11,1.0001,true,2008-06-10,0.0,0.0,MyFuture 2025,PHP,N,6,A,TDF25,Sun Life Phils - Peso MyFuture 2025
2008-06-10,1.0001,true,2008-06-09,0.0,0.0,MyFuture 2025,PHP,N,6,A,TDF25,Sun Life Phils - Peso MyFuture 2025
2008-06-07,1.0,true,2008-06-06,0.0,0.0,MyFuture 2025,PHP,N,6,A,TDF25,Sun Life Phils - Peso MyFuture 2025
